timestamp_round,pm25,pm10,latitude,longitude,location
2018-03-01 00:00:00,,,28.41508,77.04353,Nischal
2018-03-01 00:15:00,,,28.41508,77.04353,Nischal
2018-03-01 00:30:00,,,28.41508,77.04353,Nischal
2018-03-01 00:45:00,,,28.41508,77.04353,Nischal
2018-03-01 01:00:00,,,28.41508,77.04353,Nischal
2018-03-01 01:15:00,,,28.41508,77.04353,Nischal
2018-03-01 01:30:00,,,28.41508,77.04353,Nischal
2018-03-01 01:45:00,,,28.41508,77.04353,Nischal
2018-03-01 02:00:00,,,28.41508,77.04353,Nischal
2018-03-01 02:15:00,,,28.41508,77.04353,Nischal
2018-03-01 02:30:00,,,28.41508,77.04353,Nischal
2018-03-01 02:45:00,,,28.41508,77.04353,Nischal
2018-03-01 03:00:00,,,28.41508,77.04353,Nischal
2018-03-01 03:15:00,,,28.41508,77.04353,Nischal
2018-03-01 03:30:00,,,28.41508,77.04353,Nischal
2018-03-01 03:45:00,,,28.41508,77.04353,Nischal
2018-03-01 04:00:00,,,28.41508,77.04353,Nischal
2018-03-01 04:15:00,,,28.41508,77.04353,Nischal
2018-03-01 04:30:00,,,28.41508,77.04353,Nischal
2018-03-01 04:45:00,,,28.41508,77.04353,Nischal
2018-03-01 05:00:00,,,28.41508,77.04353,Nischal
2018-03-01 05:15:00,,,28.41508,77.04353,Nischal
2018-03-01 05:30:00,,,28.41508,77.04353,Nischal
2018-03-01 05:45:00,,,28.41508,77.04353,Nischal
2018-03-01 06:00:00,,,28.41508,77.04353,Nischal
2018-03-01 06:15:00,,,28.41508,77.04353,Nischal
2018-03-01 06:30:00,,,28.41508,77.04353,Nischal
2018-03-01 06:45:00,,,28.41508,77.04353,Nischal
2018-03-01 07:00:00,,,28.41508,77.04353,Nischal
2018-03-01 07:15:00,,,28.41508,77.04353,Nischal
2018-03-01 07:30:00,,,28.41508,77.04353,Nischal
2018-03-01 07:45:00,,,28.41508,77.04353,Nischal
2018-03-01 08:00:00,,,28.41508,77.04353,Nischal
2018-03-01 08:15:00,,,28.41508,77.04353,Nischal
2018-03-01 08:30:00,,,28.41508,77.04353,Nischal
2018-03-01 08:45:00,,,28.41508,77.04353,Nischal
2018-03-01 09:00:00,,,28.41508,77.04353,Nischal
2018-03-01 09:15:00,,,28.41508,77.04353,Nischal
2018-03-01 09:30:00,,,28.41508,77.04353,Nischal
2018-03-01 09:45:00,,,28.41508,77.04353,Nischal
2018-03-01 10:00:00,,,28.41508,77.04353,Nischal
2018-03-01 10:15:00,,,28.41508,77.04353,Nischal
2018-03-01 10:30:00,,,28.41508,77.04353,Nischal
2018-03-01 10:45:00,,,28.41508,77.04353,Nischal
2018-03-01 11:00:00,,,28.41508,77.04353,Nischal
2018-03-01 11:15:00,,,28.41508,77.04353,Nischal
2018-03-01 11:30:00,,,28.41508,77.04353,Nischal
2018-03-01 11:45:00,,,28.41508,77.04353,Nischal
2018-03-01 12:00:00,,,28.41508,77.04353,Nischal
2018-03-01 12:15:00,,,28.41508,77.04353,Nischal
2018-03-01 12:30:00,,,28.41508,77.04353,Nischal
2018-03-01 12:45:00,,,28.41508,77.04353,Nischal
2018-03-01 13:00:00,,,28.41508,77.04353,Nischal
2018-03-01 13:15:00,,,28.41508,77.04353,Nischal
2018-03-01 13:30:00,,,28.41508,77.04353,Nischal
2018-03-01 13:45:00,,,28.41508,77.04353,Nischal
2018-03-01 14:00:00,,,28.41508,77.04353,Nischal
2018-03-01 14:15:00,,,28.41508,77.04353,Nischal
2018-03-01 14:30:00,,,28.41508,77.04353,Nischal
2018-03-01 14:45:00,,,28.41508,77.04353,Nischal
2018-03-01 15:00:00,,,28.41508,77.04353,Nischal
2018-03-01 15:15:00,,,28.41508,77.04353,Nischal
2018-03-01 15:30:00,,,28.41508,77.04353,Nischal
2018-03-01 15:45:00,,,28.41508,77.04353,Nischal
2018-03-01 16:00:00,,,28.41508,77.04353,Nischal
2018-03-01 16:15:00,,,28.41508,77.04353,Nischal
2018-03-01 16:30:00,,,28.41508,77.04353,Nischal
2018-03-01 16:45:00,,,28.41508,77.04353,Nischal
2018-03-01 17:00:00,,,28.41508,77.04353,Nischal
2018-03-01 17:15:00,,,28.41508,77.04353,Nischal
2018-03-01 17:30:00,,,28.41508,77.04353,Nischal
2018-03-01 17:45:00,,,28.41508,77.04353,Nischal
2018-03-01 18:00:00,,,28.41508,77.04353,Nischal
2018-03-01 18:15:00,,,28.41508,77.04353,Nischal
2018-03-01 18:30:00,,,28.41508,77.04353,Nischal
2018-03-01 18:45:00,,,28.41508,77.04353,Nischal
2018-03-01 19:00:00,,,28.41508,77.04353,Nischal
2018-03-01 19:15:00,,,28.41508,77.04353,Nischal
2018-03-01 19:30:00,,,28.41508,77.04353,Nischal
2018-03-01 19:45:00,,,28.41508,77.04353,Nischal
2018-03-01 20:00:00,,,28.41508,77.04353,Nischal
2018-03-01 20:15:00,,,28.41508,77.04353,Nischal
2018-03-01 20:30:00,,,28.41508,77.04353,Nischal
2018-03-01 20:45:00,,,28.41508,77.04353,Nischal
2018-03-01 21:00:00,,,28.41508,77.04353,Nischal
2018-03-01 21:15:00,,,28.41508,77.04353,Nischal
2018-03-01 21:30:00,,,28.41508,77.04353,Nischal
2018-03-01 21:45:00,,,28.41508,77.04353,Nischal
2018-03-01 22:00:00,,,28.41508,77.04353,Nischal
2018-03-01 22:15:00,,,28.41508,77.04353,Nischal
2018-03-01 22:30:00,,,28.41508,77.04353,Nischal
2018-03-01 22:45:00,,,28.41508,77.04353,Nischal
2018-03-01 23:00:00,,,28.41508,77.04353,Nischal
2018-03-01 23:15:00,,,28.41508,77.04353,Nischal
2018-03-01 23:30:00,,,28.41508,77.04353,Nischal
2018-03-01 23:45:00,,,28.41508,77.04353,Nischal
2018-03-02 00:00:00,,,28.41508,77.04353,Nischal
2018-03-02 00:15:00,,,28.41508,77.04353,Nischal
2018-03-02 00:30:00,,,28.41508,77.04353,Nischal
2018-03-02 00:45:00,,,28.41508,77.04353,Nischal
2018-03-02 01:00:00,,,28.41508,77.04353,Nischal
2018-03-02 01:15:00,,,28.41508,77.04353,Nischal
2018-03-02 01:30:00,,,28.41508,77.04353,Nischal
2018-03-02 01:45:00,,,28.41508,77.04353,Nischal
2018-03-02 02:00:00,,,28.41508,77.04353,Nischal
2018-03-02 02:15:00,,,28.41508,77.04353,Nischal
2018-03-02 02:30:00,,,28.41508,77.04353,Nischal
2018-03-02 02:45:00,,,28.41508,77.04353,Nischal
2018-03-02 03:00:00,,,28.41508,77.04353,Nischal
2018-03-02 03:15:00,,,28.41508,77.04353,Nischal
2018-03-02 03:30:00,,,28.41508,77.04353,Nischal
2018-03-02 03:45:00,,,28.41508,77.04353,Nischal
2018-03-02 04:00:00,,,28.41508,77.04353,Nischal
2018-03-02 04:15:00,,,28.41508,77.04353,Nischal
2018-03-02 04:30:00,,,28.41508,77.04353,Nischal
2018-03-02 04:45:00,,,28.41508,77.04353,Nischal
2018-03-02 05:00:00,,,28.41508,77.04353,Nischal
2018-03-02 05:15:00,,,28.41508,77.04353,Nischal
2018-03-02 05:30:00,,,28.41508,77.04353,Nischal
2018-03-02 05:45:00,,,28.41508,77.04353,Nischal
2018-03-02 06:00:00,,,28.41508,77.04353,Nischal
2018-03-02 06:15:00,,,28.41508,77.04353,Nischal
2018-03-02 06:30:00,,,28.41508,77.04353,Nischal
2018-03-02 06:45:00,,,28.41508,77.04353,Nischal
2018-03-02 07:00:00,,,28.41508,77.04353,Nischal
2018-03-02 07:15:00,,,28.41508,77.04353,Nischal
2018-03-02 07:30:00,,,28.41508,77.04353,Nischal
2018-03-02 07:45:00,,,28.41508,77.04353,Nischal
2018-03-02 08:00:00,,,28.41508,77.04353,Nischal
2018-03-02 08:15:00,,,28.41508,77.04353,Nischal
2018-03-02 08:30:00,,,28.41508,77.04353,Nischal
2018-03-02 08:45:00,,,28.41508,77.04353,Nischal
2018-03-02 09:00:00,,,28.41508,77.04353,Nischal
2018-03-02 09:15:00,,,28.41508,77.04353,Nischal
2018-03-02 09:30:00,,,28.41508,77.04353,Nischal
2018-03-02 09:45:00,,,28.41508,77.04353,Nischal
2018-03-02 10:00:00,,,28.41508,77.04353,Nischal
2018-03-02 10:15:00,,,28.41508,77.04353,Nischal
2018-03-02 10:30:00,,,28.41508,77.04353,Nischal
2018-03-02 10:45:00,,,28.41508,77.04353,Nischal
2018-03-02 11:00:00,,,28.41508,77.04353,Nischal
2018-03-02 11:15:00,,,28.41508,77.04353,Nischal
2018-03-02 11:30:00,,,28.41508,77.04353,Nischal
2018-03-02 11:45:00,,,28.41508,77.04353,Nischal
2018-03-02 12:00:00,,,28.41508,77.04353,Nischal
2018-03-02 12:15:00,,,28.41508,77.04353,Nischal
2018-03-02 12:30:00,,,28.41508,77.04353,Nischal
2018-03-02 12:45:00,,,28.41508,77.04353,Nischal
2018-03-02 13:00:00,,,28.41508,77.04353,Nischal
2018-03-02 13:15:00,,,28.41508,77.04353,Nischal
2018-03-02 13:30:00,,,28.41508,77.04353,Nischal
2018-03-02 13:45:00,,,28.41508,77.04353,Nischal
2018-03-02 14:00:00,,,28.41508,77.04353,Nischal
2018-03-02 14:15:00,,,28.41508,77.04353,Nischal
2018-03-02 14:30:00,,,28.41508,77.04353,Nischal
2018-03-02 14:45:00,,,28.41508,77.04353,Nischal
2018-03-02 15:00:00,,,28.41508,77.04353,Nischal
2018-03-02 15:15:00,,,28.41508,77.04353,Nischal
2018-03-02 15:30:00,,,28.41508,77.04353,Nischal
2018-03-02 15:45:00,,,28.41508,77.04353,Nischal
2018-03-02 16:00:00,,,28.41508,77.04353,Nischal
2018-03-02 16:15:00,,,28.41508,77.04353,Nischal
2018-03-02 16:30:00,,,28.41508,77.04353,Nischal
2018-03-02 16:45:00,,,28.41508,77.04353,Nischal
2018-03-02 17:00:00,,,28.41508,77.04353,Nischal
2018-03-02 17:15:00,,,28.41508,77.04353,Nischal
2018-03-02 17:30:00,,,28.41508,77.04353,Nischal
2018-03-02 17:45:00,,,28.41508,77.04353,Nischal
2018-03-02 18:00:00,,,28.41508,77.04353,Nischal
2018-03-02 18:15:00,,,28.41508,77.04353,Nischal
2018-03-02 18:30:00,,,28.41508,77.04353,Nischal
2018-03-02 18:45:00,,,28.41508,77.04353,Nischal
2018-03-02 19:00:00,,,28.41508,77.04353,Nischal
2018-03-02 19:15:00,,,28.41508,77.04353,Nischal
2018-03-02 19:30:00,,,28.41508,77.04353,Nischal
2018-03-02 19:45:00,,,28.41508,77.04353,Nischal
2018-03-02 20:00:00,,,28.41508,77.04353,Nischal
2018-03-02 20:15:00,,,28.41508,77.04353,Nischal
2018-03-02 20:30:00,,,28.41508,77.04353,Nischal
2018-03-02 20:45:00,,,28.41508,77.04353,Nischal
2018-03-02 21:00:00,,,28.41508,77.04353,Nischal
2018-03-02 21:15:00,,,28.41508,77.04353,Nischal
2018-03-02 21:30:00,,,28.41508,77.04353,Nischal
2018-03-02 21:45:00,,,28.41508,77.04353,Nischal
2018-03-02 22:00:00,,,28.41508,77.04353,Nischal
2018-03-02 22:15:00,,,28.41508,77.04353,Nischal
2018-03-02 22:30:00,,,28.41508,77.04353,Nischal
2018-03-02 22:45:00,,,28.41508,77.04353,Nischal
2018-03-02 23:00:00,,,28.41508,77.04353,Nischal
2018-03-02 23:15:00,,,28.41508,77.04353,Nischal
2018-03-02 23:30:00,,,28.41508,77.04353,Nischal
2018-03-02 23:45:00,,,28.41508,77.04353,Nischal
2018-03-03 00:00:00,,,28.41508,77.04353,Nischal
2018-03-03 00:15:00,,,28.41508,77.04353,Nischal
2018-03-03 00:30:00,,,28.41508,77.04353,Nischal
2018-03-03 00:45:00,,,28.41508,77.04353,Nischal
2018-03-03 01:00:00,,,28.41508,77.04353,Nischal
2018-03-03 01:15:00,,,28.41508,77.04353,Nischal
2018-03-03 01:30:00,,,28.41508,77.04353,Nischal
2018-03-03 01:45:00,,,28.41508,77.04353,Nischal
2018-03-03 02:00:00,,,28.41508,77.04353,Nischal
2018-03-03 02:15:00,,,28.41508,77.04353,Nischal
2018-03-03 02:30:00,,,28.41508,77.04353,Nischal
2018-03-03 02:45:00,,,28.41508,77.04353,Nischal
2018-03-03 03:00:00,,,28.41508,77.04353,Nischal
2018-03-03 03:15:00,,,28.41508,77.04353,Nischal
2018-03-03 03:30:00,,,28.41508,77.04353,Nischal
2018-03-03 03:45:00,,,28.41508,77.04353,Nischal
2018-03-03 04:00:00,,,28.41508,77.04353,Nischal
2018-03-03 04:15:00,,,28.41508,77.04353,Nischal
2018-03-03 04:30:00,,,28.41508,77.04353,Nischal
2018-03-03 04:45:00,,,28.41508,77.04353,Nischal
2018-03-03 05:00:00,,,28.41508,77.04353,Nischal
2018-03-03 05:15:00,,,28.41508,77.04353,Nischal
2018-03-03 05:30:00,,,28.41508,77.04353,Nischal
2018-03-03 05:45:00,,,28.41508,77.04353,Nischal
2018-03-03 06:00:00,,,28.41508,77.04353,Nischal
2018-03-03 06:15:00,,,28.41508,77.04353,Nischal
2018-03-03 06:30:00,,,28.41508,77.04353,Nischal
2018-03-03 06:45:00,,,28.41508,77.04353,Nischal
2018-03-03 07:00:00,,,28.41508,77.04353,Nischal
2018-03-03 07:15:00,,,28.41508,77.04353,Nischal
2018-03-03 07:30:00,,,28.41508,77.04353,Nischal
2018-03-03 07:45:00,,,28.41508,77.04353,Nischal
2018-03-03 08:00:00,,,28.41508,77.04353,Nischal
2018-03-03 08:15:00,,,28.41508,77.04353,Nischal
2018-03-03 08:30:00,,,28.41508,77.04353,Nischal
2018-03-03 08:45:00,,,28.41508,77.04353,Nischal
2018-03-03 09:00:00,,,28.41508,77.04353,Nischal
2018-03-03 09:15:00,,,28.41508,77.04353,Nischal
2018-03-03 09:30:00,,,28.41508,77.04353,Nischal
2018-03-03 09:45:00,,,28.41508,77.04353,Nischal
2018-03-03 10:00:00,,,28.41508,77.04353,Nischal
2018-03-03 10:15:00,,,28.41508,77.04353,Nischal
2018-03-03 10:30:00,,,28.41508,77.04353,Nischal
2018-03-03 10:45:00,,,28.41508,77.04353,Nischal
2018-03-03 11:00:00,,,28.41508,77.04353,Nischal
2018-03-03 11:15:00,,,28.41508,77.04353,Nischal
2018-03-03 11:30:00,,,28.41508,77.04353,Nischal
2018-03-03 11:45:00,,,28.41508,77.04353,Nischal
2018-03-03 12:00:00,,,28.41508,77.04353,Nischal
2018-03-03 12:15:00,,,28.41508,77.04353,Nischal
2018-03-03 12:30:00,,,28.41508,77.04353,Nischal
2018-03-03 12:45:00,,,28.41508,77.04353,Nischal
2018-03-03 13:00:00,,,28.41508,77.04353,Nischal
2018-03-03 13:15:00,,,28.41508,77.04353,Nischal
2018-03-03 13:30:00,,,28.41508,77.04353,Nischal
2018-03-03 13:45:00,,,28.41508,77.04353,Nischal
2018-03-03 14:00:00,,,28.41508,77.04353,Nischal
2018-03-03 14:15:00,,,28.41508,77.04353,Nischal
2018-03-03 14:30:00,,,28.41508,77.04353,Nischal
2018-03-03 14:45:00,,,28.41508,77.04353,Nischal
2018-03-03 15:00:00,,,28.41508,77.04353,Nischal
2018-03-03 15:15:00,,,28.41508,77.04353,Nischal
2018-03-03 15:30:00,,,28.41508,77.04353,Nischal
2018-03-03 15:45:00,,,28.41508,77.04353,Nischal
2018-03-03 16:00:00,,,28.41508,77.04353,Nischal
2018-03-03 16:15:00,,,28.41508,77.04353,Nischal
2018-03-03 16:30:00,,,28.41508,77.04353,Nischal
2018-03-03 16:45:00,,,28.41508,77.04353,Nischal
2018-03-03 17:00:00,,,28.41508,77.04353,Nischal
2018-03-03 17:15:00,,,28.41508,77.04353,Nischal
2018-03-03 17:30:00,,,28.41508,77.04353,Nischal
2018-03-03 17:45:00,,,28.41508,77.04353,Nischal
2018-03-03 18:00:00,,,28.41508,77.04353,Nischal
2018-03-03 18:15:00,,,28.41508,77.04353,Nischal
2018-03-03 18:30:00,,,28.41508,77.04353,Nischal
2018-03-03 18:45:00,,,28.41508,77.04353,Nischal
2018-03-03 19:00:00,,,28.41508,77.04353,Nischal
2018-03-03 19:15:00,,,28.41508,77.04353,Nischal
2018-03-03 19:30:00,,,28.41508,77.04353,Nischal
2018-03-03 19:45:00,,,28.41508,77.04353,Nischal
2018-03-03 20:00:00,,,28.41508,77.04353,Nischal
2018-03-03 20:15:00,,,28.41508,77.04353,Nischal
2018-03-03 20:30:00,,,28.41508,77.04353,Nischal
2018-03-03 20:45:00,,,28.41508,77.04353,Nischal
2018-03-03 21:00:00,,,28.41508,77.04353,Nischal
2018-03-03 21:15:00,,,28.41508,77.04353,Nischal
2018-03-03 21:30:00,,,28.41508,77.04353,Nischal
2018-03-03 21:45:00,,,28.41508,77.04353,Nischal
2018-03-03 22:00:00,,,28.41508,77.04353,Nischal
2018-03-03 22:15:00,,,28.41508,77.04353,Nischal
2018-03-03 22:30:00,,,28.41508,77.04353,Nischal
2018-03-03 22:45:00,,,28.41508,77.04353,Nischal
2018-03-03 23:00:00,,,28.41508,77.04353,Nischal
2018-03-03 23:15:00,,,28.41508,77.04353,Nischal
2018-03-03 23:30:00,,,28.41508,77.04353,Nischal
2018-03-03 23:45:00,,,28.41508,77.04353,Nischal
2018-03-04 00:00:00,,,28.41508,77.04353,Nischal
2018-03-04 00:15:00,,,28.41508,77.04353,Nischal
2018-03-04 00:30:00,,,28.41508,77.04353,Nischal
2018-03-04 00:45:00,,,28.41508,77.04353,Nischal
2018-03-04 01:00:00,,,28.41508,77.04353,Nischal
2018-03-04 01:15:00,,,28.41508,77.04353,Nischal
2018-03-04 01:30:00,,,28.41508,77.04353,Nischal
2018-03-04 01:45:00,,,28.41508,77.04353,Nischal
2018-03-04 02:00:00,,,28.41508,77.04353,Nischal
2018-03-04 02:15:00,,,28.41508,77.04353,Nischal
2018-03-04 02:30:00,,,28.41508,77.04353,Nischal
2018-03-04 02:45:00,,,28.41508,77.04353,Nischal
2018-03-04 03:00:00,,,28.41508,77.04353,Nischal
2018-03-04 03:15:00,,,28.41508,77.04353,Nischal
2018-03-04 03:30:00,,,28.41508,77.04353,Nischal
2018-03-04 03:45:00,,,28.41508,77.04353,Nischal
2018-03-04 04:00:00,,,28.41508,77.04353,Nischal
2018-03-04 04:15:00,,,28.41508,77.04353,Nischal
2018-03-04 04:30:00,,,28.41508,77.04353,Nischal
2018-03-04 04:45:00,,,28.41508,77.04353,Nischal
2018-03-04 05:00:00,,,28.41508,77.04353,Nischal
2018-03-04 05:15:00,,,28.41508,77.04353,Nischal
2018-03-04 05:30:00,,,28.41508,77.04353,Nischal
2018-03-04 05:45:00,,,28.41508,77.04353,Nischal
2018-03-04 06:00:00,,,28.41508,77.04353,Nischal
2018-03-04 06:15:00,,,28.41508,77.04353,Nischal
2018-03-04 06:30:00,,,28.41508,77.04353,Nischal
2018-03-04 06:45:00,,,28.41508,77.04353,Nischal
2018-03-04 07:00:00,,,28.41508,77.04353,Nischal
2018-03-04 07:15:00,,,28.41508,77.04353,Nischal
2018-03-04 07:30:00,,,28.41508,77.04353,Nischal
2018-03-04 07:45:00,,,28.41508,77.04353,Nischal
2018-03-04 08:00:00,,,28.41508,77.04353,Nischal
2018-03-04 08:15:00,,,28.41508,77.04353,Nischal
2018-03-04 08:30:00,,,28.41508,77.04353,Nischal
2018-03-04 08:45:00,,,28.41508,77.04353,Nischal
2018-03-04 09:00:00,,,28.41508,77.04353,Nischal
2018-03-04 09:15:00,,,28.41508,77.04353,Nischal
2018-03-04 09:30:00,,,28.41508,77.04353,Nischal
2018-03-04 09:45:00,,,28.41508,77.04353,Nischal
2018-03-04 10:00:00,,,28.41508,77.04353,Nischal
2018-03-04 10:15:00,,,28.41508,77.04353,Nischal
2018-03-04 10:30:00,,,28.41508,77.04353,Nischal
2018-03-04 10:45:00,,,28.41508,77.04353,Nischal
2018-03-04 11:00:00,,,28.41508,77.04353,Nischal
2018-03-04 11:15:00,,,28.41508,77.04353,Nischal
2018-03-04 11:30:00,,,28.41508,77.04353,Nischal
2018-03-04 11:45:00,,,28.41508,77.04353,Nischal
2018-03-04 12:00:00,,,28.41508,77.04353,Nischal
2018-03-04 12:15:00,,,28.41508,77.04353,Nischal
2018-03-04 12:30:00,,,28.41508,77.04353,Nischal
2018-03-04 12:45:00,,,28.41508,77.04353,Nischal
2018-03-04 13:00:00,,,28.41508,77.04353,Nischal
2018-03-04 13:15:00,,,28.41508,77.04353,Nischal
2018-03-04 13:30:00,,,28.41508,77.04353,Nischal
2018-03-04 13:45:00,,,28.41508,77.04353,Nischal
2018-03-04 14:00:00,,,28.41508,77.04353,Nischal
2018-03-04 14:15:00,,,28.41508,77.04353,Nischal
2018-03-04 14:30:00,,,28.41508,77.04353,Nischal
2018-03-04 14:45:00,,,28.41508,77.04353,Nischal
2018-03-04 15:00:00,,,28.41508,77.04353,Nischal
2018-03-04 15:15:00,,,28.41508,77.04353,Nischal
2018-03-04 15:30:00,,,28.41508,77.04353,Nischal
2018-03-04 15:45:00,,,28.41508,77.04353,Nischal
2018-03-04 16:00:00,,,28.41508,77.04353,Nischal
2018-03-04 16:15:00,,,28.41508,77.04353,Nischal
2018-03-04 16:30:00,,,28.41508,77.04353,Nischal
2018-03-04 16:45:00,,,28.41508,77.04353,Nischal
2018-03-04 17:00:00,,,28.41508,77.04353,Nischal
2018-03-04 17:15:00,,,28.41508,77.04353,Nischal
2018-03-04 17:30:00,,,28.41508,77.04353,Nischal
2018-03-04 17:45:00,,,28.41508,77.04353,Nischal
2018-03-04 18:00:00,,,28.41508,77.04353,Nischal
2018-03-04 18:15:00,,,28.41508,77.04353,Nischal
2018-03-04 18:30:00,,,28.41508,77.04353,Nischal
2018-03-04 18:45:00,,,28.41508,77.04353,Nischal
2018-03-04 19:00:00,,,28.41508,77.04353,Nischal
2018-03-04 19:15:00,,,28.41508,77.04353,Nischal
2018-03-04 19:30:00,,,28.41508,77.04353,Nischal
2018-03-04 19:45:00,,,28.41508,77.04353,Nischal
2018-03-04 20:00:00,,,28.41508,77.04353,Nischal
2018-03-04 20:15:00,,,28.41508,77.04353,Nischal
2018-03-04 20:30:00,,,28.41508,77.04353,Nischal
2018-03-04 20:45:00,,,28.41508,77.04353,Nischal
2018-03-04 21:00:00,,,28.41508,77.04353,Nischal
2018-03-04 21:15:00,,,28.41508,77.04353,Nischal
2018-03-04 21:30:00,,,28.41508,77.04353,Nischal
2018-03-04 21:45:00,,,28.41508,77.04353,Nischal
2018-03-04 22:00:00,,,28.41508,77.04353,Nischal
2018-03-04 22:15:00,,,28.41508,77.04353,Nischal
2018-03-04 22:30:00,,,28.41508,77.04353,Nischal
2018-03-04 22:45:00,,,28.41508,77.04353,Nischal
2018-03-04 23:00:00,,,28.41508,77.04353,Nischal
2018-03-04 23:15:00,,,28.41508,77.04353,Nischal
2018-03-04 23:30:00,,,28.41508,77.04353,Nischal
2018-03-04 23:45:00,,,28.41508,77.04353,Nischal
2018-03-05 00:00:00,,,28.41508,77.04353,Nischal
2018-03-05 00:15:00,,,28.41508,77.04353,Nischal
2018-03-05 00:30:00,,,28.41508,77.04353,Nischal
2018-03-05 00:45:00,,,28.41508,77.04353,Nischal
2018-03-05 01:00:00,,,28.41508,77.04353,Nischal
2018-03-05 01:15:00,,,28.41508,77.04353,Nischal
2018-03-05 01:30:00,,,28.41508,77.04353,Nischal
2018-03-05 01:45:00,,,28.41508,77.04353,Nischal
2018-03-05 02:00:00,,,28.41508,77.04353,Nischal
2018-03-05 02:15:00,,,28.41508,77.04353,Nischal
2018-03-05 02:30:00,,,28.41508,77.04353,Nischal
2018-03-05 02:45:00,,,28.41508,77.04353,Nischal
2018-03-05 03:00:00,,,28.41508,77.04353,Nischal
2018-03-05 03:15:00,,,28.41508,77.04353,Nischal
2018-03-05 03:30:00,,,28.41508,77.04353,Nischal
2018-03-05 03:45:00,,,28.41508,77.04353,Nischal
2018-03-05 04:00:00,,,28.41508,77.04353,Nischal
2018-03-05 04:15:00,,,28.41508,77.04353,Nischal
2018-03-05 04:30:00,,,28.41508,77.04353,Nischal
2018-03-05 04:45:00,,,28.41508,77.04353,Nischal
2018-03-05 05:00:00,,,28.41508,77.04353,Nischal
2018-03-05 05:15:00,,,28.41508,77.04353,Nischal
2018-03-05 05:30:00,,,28.41508,77.04353,Nischal
2018-03-05 05:45:00,,,28.41508,77.04353,Nischal
2018-03-05 06:00:00,,,28.41508,77.04353,Nischal
2018-03-05 06:15:00,,,28.41508,77.04353,Nischal
2018-03-05 06:30:00,,,28.41508,77.04353,Nischal
2018-03-05 06:45:00,,,28.41508,77.04353,Nischal
2018-03-05 07:00:00,,,28.41508,77.04353,Nischal
2018-03-05 07:15:00,,,28.41508,77.04353,Nischal
2018-03-05 07:30:00,,,28.41508,77.04353,Nischal
2018-03-05 07:45:00,,,28.41508,77.04353,Nischal
2018-03-05 08:00:00,,,28.41508,77.04353,Nischal
2018-03-05 08:15:00,,,28.41508,77.04353,Nischal
2018-03-05 08:30:00,,,28.41508,77.04353,Nischal
2018-03-05 08:45:00,,,28.41508,77.04353,Nischal
2018-03-05 09:00:00,,,28.41508,77.04353,Nischal
2018-03-05 09:15:00,,,28.41508,77.04353,Nischal
2018-03-05 09:30:00,,,28.41508,77.04353,Nischal
2018-03-05 09:45:00,,,28.41508,77.04353,Nischal
2018-03-05 10:00:00,,,28.41508,77.04353,Nischal
2018-03-05 10:15:00,,,28.41508,77.04353,Nischal
2018-03-05 10:30:00,,,28.41508,77.04353,Nischal
2018-03-05 10:45:00,,,28.41508,77.04353,Nischal
2018-03-05 11:00:00,,,28.41508,77.04353,Nischal
2018-03-05 11:15:00,,,28.41508,77.04353,Nischal
2018-03-05 11:30:00,,,28.41508,77.04353,Nischal
2018-03-05 11:45:00,,,28.41508,77.04353,Nischal
2018-03-05 12:00:00,,,28.41508,77.04353,Nischal
2018-03-05 12:15:00,,,28.41508,77.04353,Nischal
2018-03-05 12:30:00,,,28.41508,77.04353,Nischal
2018-03-05 12:45:00,,,28.41508,77.04353,Nischal
2018-03-05 13:00:00,,,28.41508,77.04353,Nischal
2018-03-05 13:15:00,,,28.41508,77.04353,Nischal
2018-03-05 13:30:00,,,28.41508,77.04353,Nischal
2018-03-05 13:45:00,,,28.41508,77.04353,Nischal
2018-03-05 14:00:00,,,28.41508,77.04353,Nischal
2018-03-05 14:15:00,,,28.41508,77.04353,Nischal
2018-03-05 14:30:00,,,28.41508,77.04353,Nischal
2018-03-05 14:45:00,,,28.41508,77.04353,Nischal
2018-03-05 15:00:00,,,28.41508,77.04353,Nischal
2018-03-05 15:15:00,,,28.41508,77.04353,Nischal
2018-03-05 15:30:00,,,28.41508,77.04353,Nischal
2018-03-05 15:45:00,,,28.41508,77.04353,Nischal
2018-03-05 16:00:00,,,28.41508,77.04353,Nischal
2018-03-05 16:15:00,,,28.41508,77.04353,Nischal
2018-03-05 16:30:00,,,28.41508,77.04353,Nischal
2018-03-05 16:45:00,,,28.41508,77.04353,Nischal
2018-03-05 17:00:00,,,28.41508,77.04353,Nischal
2018-03-05 17:15:00,,,28.41508,77.04353,Nischal
2018-03-05 17:30:00,,,28.41508,77.04353,Nischal
2018-03-05 17:45:00,,,28.41508,77.04353,Nischal
2018-03-05 18:00:00,,,28.41508,77.04353,Nischal
2018-03-05 18:15:00,,,28.41508,77.04353,Nischal
2018-03-05 18:30:00,,,28.41508,77.04353,Nischal
2018-03-05 18:45:00,,,28.41508,77.04353,Nischal
2018-03-05 19:00:00,,,28.41508,77.04353,Nischal
2018-03-05 19:15:00,,,28.41508,77.04353,Nischal
2018-03-05 19:30:00,,,28.41508,77.04353,Nischal
2018-03-05 19:45:00,,,28.41508,77.04353,Nischal
2018-03-05 20:00:00,,,28.41508,77.04353,Nischal
2018-03-05 20:15:00,,,28.41508,77.04353,Nischal
2018-03-05 20:30:00,,,28.41508,77.04353,Nischal
2018-03-05 20:45:00,,,28.41508,77.04353,Nischal
2018-03-05 21:00:00,,,28.41508,77.04353,Nischal
2018-03-05 21:15:00,,,28.41508,77.04353,Nischal
2018-03-05 21:30:00,,,28.41508,77.04353,Nischal
2018-03-05 21:45:00,,,28.41508,77.04353,Nischal
2018-03-05 22:00:00,,,28.41508,77.04353,Nischal
2018-03-05 22:15:00,,,28.41508,77.04353,Nischal
2018-03-05 22:30:00,,,28.41508,77.04353,Nischal
2018-03-05 22:45:00,,,28.41508,77.04353,Nischal
2018-03-05 23:00:00,,,28.41508,77.04353,Nischal
2018-03-05 23:15:00,,,28.41508,77.04353,Nischal
2018-03-05 23:30:00,,,28.41508,77.04353,Nischal
2018-03-05 23:45:00,,,28.41508,77.04353,Nischal
2018-03-06 00:00:00,,,28.41508,77.04353,Nischal
2018-03-06 00:15:00,,,28.41508,77.04353,Nischal
2018-03-06 00:30:00,,,28.41508,77.04353,Nischal
2018-03-06 00:45:00,,,28.41508,77.04353,Nischal
2018-03-06 01:00:00,,,28.41508,77.04353,Nischal
2018-03-06 01:15:00,,,28.41508,77.04353,Nischal
2018-03-06 01:30:00,,,28.41508,77.04353,Nischal
2018-03-06 01:45:00,,,28.41508,77.04353,Nischal
2018-03-06 02:00:00,,,28.41508,77.04353,Nischal
2018-03-06 02:15:00,,,28.41508,77.04353,Nischal
2018-03-06 02:30:00,,,28.41508,77.04353,Nischal
2018-03-06 02:45:00,,,28.41508,77.04353,Nischal
2018-03-06 03:00:00,,,28.41508,77.04353,Nischal
2018-03-06 03:15:00,,,28.41508,77.04353,Nischal
2018-03-06 03:30:00,,,28.41508,77.04353,Nischal
2018-03-06 03:45:00,,,28.41508,77.04353,Nischal
2018-03-06 04:00:00,,,28.41508,77.04353,Nischal
2018-03-06 04:15:00,,,28.41508,77.04353,Nischal
2018-03-06 04:30:00,,,28.41508,77.04353,Nischal
2018-03-06 04:45:00,,,28.41508,77.04353,Nischal
2018-03-06 05:00:00,,,28.41508,77.04353,Nischal
2018-03-06 05:15:00,,,28.41508,77.04353,Nischal
2018-03-06 05:30:00,,,28.41508,77.04353,Nischal
2018-03-06 05:45:00,,,28.41508,77.04353,Nischal
2018-03-06 06:00:00,,,28.41508,77.04353,Nischal
2018-03-06 06:15:00,,,28.41508,77.04353,Nischal
2018-03-06 06:30:00,,,28.41508,77.04353,Nischal
2018-03-06 06:45:00,,,28.41508,77.04353,Nischal
2018-03-06 07:00:00,,,28.41508,77.04353,Nischal
2018-03-06 07:15:00,,,28.41508,77.04353,Nischal
2018-03-06 07:30:00,,,28.41508,77.04353,Nischal
2018-03-06 07:45:00,,,28.41508,77.04353,Nischal
2018-03-06 08:00:00,,,28.41508,77.04353,Nischal
2018-03-06 08:15:00,,,28.41508,77.04353,Nischal
2018-03-06 08:30:00,,,28.41508,77.04353,Nischal
2018-03-06 08:45:00,,,28.41508,77.04353,Nischal
2018-03-06 09:00:00,,,28.41508,77.04353,Nischal
2018-03-06 09:15:00,,,28.41508,77.04353,Nischal
2018-03-06 09:30:00,,,28.41508,77.04353,Nischal
2018-03-06 09:45:00,,,28.41508,77.04353,Nischal
2018-03-06 10:00:00,,,28.41508,77.04353,Nischal
2018-03-06 10:15:00,,,28.41508,77.04353,Nischal
2018-03-06 10:30:00,,,28.41508,77.04353,Nischal
2018-03-06 10:45:00,,,28.41508,77.04353,Nischal
2018-03-06 11:00:00,,,28.41508,77.04353,Nischal
2018-03-06 11:15:00,,,28.41508,77.04353,Nischal
2018-03-06 11:30:00,,,28.41508,77.04353,Nischal
2018-03-06 11:45:00,,,28.41508,77.04353,Nischal
2018-03-06 12:00:00,,,28.41508,77.04353,Nischal
2018-03-06 12:15:00,,,28.41508,77.04353,Nischal
2018-03-06 12:30:00,,,28.41508,77.04353,Nischal
2018-03-06 12:45:00,,,28.41508,77.04353,Nischal
2018-03-06 13:00:00,,,28.41508,77.04353,Nischal
2018-03-06 13:15:00,,,28.41508,77.04353,Nischal
2018-03-06 13:30:00,,,28.41508,77.04353,Nischal
2018-03-06 13:45:00,,,28.41508,77.04353,Nischal
2018-03-06 14:00:00,,,28.41508,77.04353,Nischal
2018-03-06 14:15:00,,,28.41508,77.04353,Nischal
2018-03-06 14:30:00,,,28.41508,77.04353,Nischal
2018-03-06 14:45:00,,,28.41508,77.04353,Nischal
2018-03-06 15:00:00,,,28.41508,77.04353,Nischal
2018-03-06 15:15:00,,,28.41508,77.04353,Nischal
2018-03-06 15:30:00,,,28.41508,77.04353,Nischal
2018-03-06 15:45:00,,,28.41508,77.04353,Nischal
2018-03-06 16:00:00,,,28.41508,77.04353,Nischal
2018-03-06 16:15:00,,,28.41508,77.04353,Nischal
2018-03-06 16:30:00,,,28.41508,77.04353,Nischal
2018-03-06 16:45:00,,,28.41508,77.04353,Nischal
2018-03-06 17:00:00,,,28.41508,77.04353,Nischal
2018-03-06 17:15:00,,,28.41508,77.04353,Nischal
2018-03-06 17:30:00,,,28.41508,77.04353,Nischal
2018-03-06 17:45:00,,,28.41508,77.04353,Nischal
2018-03-06 18:00:00,,,28.41508,77.04353,Nischal
2018-03-06 18:15:00,,,28.41508,77.04353,Nischal
2018-03-06 18:30:00,,,28.41508,77.04353,Nischal
2018-03-06 18:45:00,,,28.41508,77.04353,Nischal
2018-03-06 19:00:00,,,28.41508,77.04353,Nischal
2018-03-06 19:15:00,,,28.41508,77.04353,Nischal
2018-03-06 19:30:00,,,28.41508,77.04353,Nischal
2018-03-06 19:45:00,,,28.41508,77.04353,Nischal
2018-03-06 20:00:00,,,28.41508,77.04353,Nischal
2018-03-06 20:15:00,,,28.41508,77.04353,Nischal
2018-03-06 20:30:00,,,28.41508,77.04353,Nischal
2018-03-06 20:45:00,,,28.41508,77.04353,Nischal
2018-03-06 21:00:00,,,28.41508,77.04353,Nischal
2018-03-06 21:15:00,,,28.41508,77.04353,Nischal
2018-03-06 21:30:00,,,28.41508,77.04353,Nischal
2018-03-06 21:45:00,,,28.41508,77.04353,Nischal
2018-03-06 22:00:00,,,28.41508,77.04353,Nischal
2018-03-06 22:15:00,,,28.41508,77.04353,Nischal
2018-03-06 22:30:00,,,28.41508,77.04353,Nischal
2018-03-06 22:45:00,,,28.41508,77.04353,Nischal
2018-03-06 23:00:00,,,28.41508,77.04353,Nischal
2018-03-06 23:15:00,,,28.41508,77.04353,Nischal
2018-03-06 23:30:00,,,28.41508,77.04353,Nischal
2018-03-06 23:45:00,,,28.41508,77.04353,Nischal
2018-03-07 00:00:00,,,28.41508,77.04353,Nischal
2018-03-07 00:15:00,,,28.41508,77.04353,Nischal
2018-03-07 00:30:00,,,28.41508,77.04353,Nischal
2018-03-07 00:45:00,,,28.41508,77.04353,Nischal
2018-03-07 01:00:00,,,28.41508,77.04353,Nischal
2018-03-07 01:15:00,,,28.41508,77.04353,Nischal
2018-03-07 01:30:00,,,28.41508,77.04353,Nischal
2018-03-07 01:45:00,,,28.41508,77.04353,Nischal
2018-03-07 02:00:00,,,28.41508,77.04353,Nischal
2018-03-07 02:15:00,,,28.41508,77.04353,Nischal
2018-03-07 02:30:00,,,28.41508,77.04353,Nischal
2018-03-07 02:45:00,,,28.41508,77.04353,Nischal
2018-03-07 03:00:00,,,28.41508,77.04353,Nischal
2018-03-07 03:15:00,,,28.41508,77.04353,Nischal
2018-03-07 03:30:00,,,28.41508,77.04353,Nischal
2018-03-07 03:45:00,,,28.41508,77.04353,Nischal
2018-03-07 04:00:00,,,28.41508,77.04353,Nischal
2018-03-07 04:15:00,,,28.41508,77.04353,Nischal
2018-03-07 04:30:00,,,28.41508,77.04353,Nischal
2018-03-07 04:45:00,,,28.41508,77.04353,Nischal
2018-03-07 05:00:00,,,28.41508,77.04353,Nischal
2018-03-07 05:15:00,,,28.41508,77.04353,Nischal
2018-03-07 05:30:00,,,28.41508,77.04353,Nischal
2018-03-07 05:45:00,,,28.41508,77.04353,Nischal
2018-03-07 06:00:00,,,28.41508,77.04353,Nischal
2018-03-07 06:15:00,,,28.41508,77.04353,Nischal
2018-03-07 06:30:00,,,28.41508,77.04353,Nischal
2018-03-07 06:45:00,,,28.41508,77.04353,Nischal
2018-03-07 07:00:00,,,28.41508,77.04353,Nischal
2018-03-07 07:15:00,,,28.41508,77.04353,Nischal
2018-03-07 07:30:00,,,28.41508,77.04353,Nischal
2018-03-07 07:45:00,,,28.41508,77.04353,Nischal
2018-03-07 08:00:00,,,28.41508,77.04353,Nischal
2018-03-07 08:15:00,,,28.41508,77.04353,Nischal
2018-03-07 08:30:00,,,28.41508,77.04353,Nischal
2018-03-07 08:45:00,,,28.41508,77.04353,Nischal
2018-03-07 09:00:00,,,28.41508,77.04353,Nischal
2018-03-07 09:15:00,,,28.41508,77.04353,Nischal
2018-03-07 09:30:00,,,28.41508,77.04353,Nischal
2018-03-07 09:45:00,,,28.41508,77.04353,Nischal
2018-03-07 10:00:00,,,28.41508,77.04353,Nischal
2018-03-07 10:15:00,,,28.41508,77.04353,Nischal
2018-03-07 10:30:00,,,28.41508,77.04353,Nischal
2018-03-07 10:45:00,,,28.41508,77.04353,Nischal
2018-03-07 11:00:00,,,28.41508,77.04353,Nischal
2018-03-07 11:15:00,,,28.41508,77.04353,Nischal
2018-03-07 11:30:00,,,28.41508,77.04353,Nischal
2018-03-07 11:45:00,,,28.41508,77.04353,Nischal
2018-03-07 12:00:00,,,28.41508,77.04353,Nischal
2018-03-07 12:15:00,,,28.41508,77.04353,Nischal
2018-03-07 12:30:00,,,28.41508,77.04353,Nischal
2018-03-07 12:45:00,,,28.41508,77.04353,Nischal
2018-03-07 13:00:00,,,28.41508,77.04353,Nischal
2018-03-07 13:15:00,,,28.41508,77.04353,Nischal
2018-03-07 13:30:00,,,28.41508,77.04353,Nischal
2018-03-07 13:45:00,,,28.41508,77.04353,Nischal
2018-03-07 14:00:00,,,28.41508,77.04353,Nischal
2018-03-07 14:15:00,,,28.41508,77.04353,Nischal
2018-03-07 14:30:00,,,28.41508,77.04353,Nischal
2018-03-07 14:45:00,,,28.41508,77.04353,Nischal
2018-03-07 15:00:00,,,28.41508,77.04353,Nischal
2018-03-07 15:15:00,,,28.41508,77.04353,Nischal
2018-03-07 15:30:00,,,28.41508,77.04353,Nischal
2018-03-07 15:45:00,,,28.41508,77.04353,Nischal
2018-03-07 16:00:00,,,28.41508,77.04353,Nischal
2018-03-07 16:15:00,,,28.41508,77.04353,Nischal
2018-03-07 16:30:00,,,28.41508,77.04353,Nischal
2018-03-07 16:45:00,,,28.41508,77.04353,Nischal
2018-03-07 17:00:00,,,28.41508,77.04353,Nischal
2018-03-07 17:15:00,,,28.41508,77.04353,Nischal
2018-03-07 17:30:00,,,28.41508,77.04353,Nischal
2018-03-07 17:45:00,,,28.41508,77.04353,Nischal
2018-03-07 18:00:00,,,28.41508,77.04353,Nischal
2018-03-07 18:15:00,,,28.41508,77.04353,Nischal
2018-03-07 18:30:00,,,28.41508,77.04353,Nischal
2018-03-07 18:45:00,,,28.41508,77.04353,Nischal
2018-03-07 19:00:00,,,28.41508,77.04353,Nischal
2018-03-07 19:15:00,,,28.41508,77.04353,Nischal
2018-03-07 19:30:00,,,28.41508,77.04353,Nischal
2018-03-07 19:45:00,,,28.41508,77.04353,Nischal
2018-03-07 20:00:00,,,28.41508,77.04353,Nischal
2018-03-07 20:15:00,,,28.41508,77.04353,Nischal
2018-03-07 20:30:00,,,28.41508,77.04353,Nischal
2018-03-07 20:45:00,,,28.41508,77.04353,Nischal
2018-03-07 21:00:00,,,28.41508,77.04353,Nischal
2018-03-07 21:15:00,,,28.41508,77.04353,Nischal
2018-03-07 21:30:00,,,28.41508,77.04353,Nischal
2018-03-07 21:45:00,,,28.41508,77.04353,Nischal
2018-03-07 22:00:00,,,28.41508,77.04353,Nischal
2018-03-07 22:15:00,,,28.41508,77.04353,Nischal
2018-03-07 22:30:00,,,28.41508,77.04353,Nischal
2018-03-07 22:45:00,,,28.41508,77.04353,Nischal
2018-03-07 23:00:00,,,28.41508,77.04353,Nischal
2018-03-07 23:15:00,,,28.41508,77.04353,Nischal
2018-03-07 23:30:00,,,28.41508,77.04353,Nischal
2018-03-07 23:45:00,,,28.41508,77.04353,Nischal
2018-03-08 00:00:00,,,28.41508,77.04353,Nischal
2018-03-08 00:15:00,,,28.41508,77.04353,Nischal
2018-03-08 00:30:00,,,28.41508,77.04353,Nischal
2018-03-08 00:45:00,,,28.41508,77.04353,Nischal
2018-03-08 01:00:00,,,28.41508,77.04353,Nischal
2018-03-08 01:15:00,,,28.41508,77.04353,Nischal
2018-03-08 01:30:00,,,28.41508,77.04353,Nischal
2018-03-08 01:45:00,,,28.41508,77.04353,Nischal
2018-03-08 02:00:00,,,28.41508,77.04353,Nischal
2018-03-08 02:15:00,,,28.41508,77.04353,Nischal
2018-03-08 02:30:00,,,28.41508,77.04353,Nischal
2018-03-08 02:45:00,,,28.41508,77.04353,Nischal
2018-03-08 03:00:00,,,28.41508,77.04353,Nischal
2018-03-08 03:15:00,,,28.41508,77.04353,Nischal
2018-03-08 03:30:00,,,28.41508,77.04353,Nischal
2018-03-08 03:45:00,,,28.41508,77.04353,Nischal
2018-03-08 04:00:00,,,28.41508,77.04353,Nischal
2018-03-08 04:15:00,,,28.41508,77.04353,Nischal
2018-03-08 04:30:00,,,28.41508,77.04353,Nischal
2018-03-08 04:45:00,,,28.41508,77.04353,Nischal
2018-03-08 05:00:00,,,28.41508,77.04353,Nischal
2018-03-08 05:15:00,,,28.41508,77.04353,Nischal
2018-03-08 05:30:00,,,28.41508,77.04353,Nischal
2018-03-08 05:45:00,,,28.41508,77.04353,Nischal
2018-03-08 06:00:00,,,28.41508,77.04353,Nischal
2018-03-08 06:15:00,,,28.41508,77.04353,Nischal
2018-03-08 06:30:00,,,28.41508,77.04353,Nischal
2018-03-08 06:45:00,,,28.41508,77.04353,Nischal
2018-03-08 07:00:00,,,28.41508,77.04353,Nischal
2018-03-08 07:15:00,,,28.41508,77.04353,Nischal
2018-03-08 07:30:00,,,28.41508,77.04353,Nischal
2018-03-08 07:45:00,,,28.41508,77.04353,Nischal
2018-03-08 08:00:00,,,28.41508,77.04353,Nischal
2018-03-08 08:15:00,,,28.41508,77.04353,Nischal
2018-03-08 08:30:00,,,28.41508,77.04353,Nischal
2018-03-08 08:45:00,,,28.41508,77.04353,Nischal
2018-03-08 09:00:00,,,28.41508,77.04353,Nischal
2018-03-08 09:15:00,,,28.41508,77.04353,Nischal
2018-03-08 09:30:00,,,28.41508,77.04353,Nischal
2018-03-08 09:45:00,,,28.41508,77.04353,Nischal
2018-03-08 10:00:00,,,28.41508,77.04353,Nischal
2018-03-08 10:15:00,,,28.41508,77.04353,Nischal
2018-03-08 10:30:00,,,28.41508,77.04353,Nischal
2018-03-08 10:45:00,,,28.41508,77.04353,Nischal
2018-03-08 11:00:00,,,28.41508,77.04353,Nischal
2018-03-08 11:15:00,,,28.41508,77.04353,Nischal
2018-03-08 11:30:00,,,28.41508,77.04353,Nischal
2018-03-08 11:45:00,,,28.41508,77.04353,Nischal
2018-03-08 12:00:00,,,28.41508,77.04353,Nischal
2018-03-08 12:15:00,,,28.41508,77.04353,Nischal
2018-03-08 12:30:00,,,28.41508,77.04353,Nischal
2018-03-08 12:45:00,,,28.41508,77.04353,Nischal
2018-03-08 13:00:00,,,28.41508,77.04353,Nischal
2018-03-08 13:15:00,,,28.41508,77.04353,Nischal
2018-03-08 13:30:00,,,28.41508,77.04353,Nischal
2018-03-08 13:45:00,,,28.41508,77.04353,Nischal
2018-03-08 14:00:00,,,28.41508,77.04353,Nischal
2018-03-08 14:15:00,,,28.41508,77.04353,Nischal
2018-03-08 14:30:00,,,28.41508,77.04353,Nischal
2018-03-08 14:45:00,,,28.41508,77.04353,Nischal
2018-03-08 15:00:00,,,28.41508,77.04353,Nischal
2018-03-08 15:15:00,,,28.41508,77.04353,Nischal
2018-03-08 15:30:00,,,28.41508,77.04353,Nischal
2018-03-08 15:45:00,,,28.41508,77.04353,Nischal
2018-03-08 16:00:00,,,28.41508,77.04353,Nischal
2018-03-08 16:15:00,,,28.41508,77.04353,Nischal
2018-03-08 16:30:00,,,28.41508,77.04353,Nischal
2018-03-08 16:45:00,,,28.41508,77.04353,Nischal
2018-03-08 17:00:00,,,28.41508,77.04353,Nischal
2018-03-08 17:15:00,,,28.41508,77.04353,Nischal
2018-03-08 17:30:00,,,28.41508,77.04353,Nischal
2018-03-08 17:45:00,,,28.41508,77.04353,Nischal
2018-03-08 18:00:00,,,28.41508,77.04353,Nischal
2018-03-08 18:15:00,,,28.41508,77.04353,Nischal
2018-03-08 18:30:00,,,28.41508,77.04353,Nischal
2018-03-08 18:45:00,,,28.41508,77.04353,Nischal
2018-03-08 19:00:00,,,28.41508,77.04353,Nischal
2018-03-08 19:15:00,,,28.41508,77.04353,Nischal
2018-03-08 19:30:00,,,28.41508,77.04353,Nischal
2018-03-08 19:45:00,,,28.41508,77.04353,Nischal
2018-03-08 20:00:00,,,28.41508,77.04353,Nischal
2018-03-08 20:15:00,,,28.41508,77.04353,Nischal
2018-03-08 20:30:00,,,28.41508,77.04353,Nischal
2018-03-08 20:45:00,,,28.41508,77.04353,Nischal
2018-03-08 21:00:00,,,28.41508,77.04353,Nischal
2018-03-08 21:15:00,,,28.41508,77.04353,Nischal
2018-03-08 21:30:00,,,28.41508,77.04353,Nischal
2018-03-08 21:45:00,,,28.41508,77.04353,Nischal
2018-03-08 22:00:00,,,28.41508,77.04353,Nischal
2018-03-08 22:15:00,,,28.41508,77.04353,Nischal
2018-03-08 22:30:00,,,28.41508,77.04353,Nischal
2018-03-08 22:45:00,,,28.41508,77.04353,Nischal
2018-03-08 23:00:00,,,28.41508,77.04353,Nischal
2018-03-08 23:15:00,,,28.41508,77.04353,Nischal
2018-03-08 23:30:00,,,28.41508,77.04353,Nischal
2018-03-08 23:45:00,,,28.41508,77.04353,Nischal
2018-03-09 00:00:00,,,28.41508,77.04353,Nischal
2018-03-09 00:15:00,,,28.41508,77.04353,Nischal
2018-03-09 00:30:00,,,28.41508,77.04353,Nischal
2018-03-09 00:45:00,,,28.41508,77.04353,Nischal
2018-03-09 01:00:00,,,28.41508,77.04353,Nischal
2018-03-09 01:15:00,,,28.41508,77.04353,Nischal
2018-03-09 01:30:00,,,28.41508,77.04353,Nischal
2018-03-09 01:45:00,,,28.41508,77.04353,Nischal
2018-03-09 02:00:00,,,28.41508,77.04353,Nischal
2018-03-09 02:15:00,,,28.41508,77.04353,Nischal
2018-03-09 02:30:00,,,28.41508,77.04353,Nischal
2018-03-09 02:45:00,,,28.41508,77.04353,Nischal
2018-03-09 03:00:00,,,28.41508,77.04353,Nischal
2018-03-09 03:15:00,,,28.41508,77.04353,Nischal
2018-03-09 03:30:00,,,28.41508,77.04353,Nischal
2018-03-09 03:45:00,,,28.41508,77.04353,Nischal
2018-03-09 04:00:00,,,28.41508,77.04353,Nischal
2018-03-09 04:15:00,,,28.41508,77.04353,Nischal
2018-03-09 04:30:00,,,28.41508,77.04353,Nischal
2018-03-09 04:45:00,,,28.41508,77.04353,Nischal
2018-03-09 05:00:00,,,28.41508,77.04353,Nischal
2018-03-09 05:15:00,,,28.41508,77.04353,Nischal
2018-03-09 05:30:00,,,28.41508,77.04353,Nischal
2018-03-09 05:45:00,,,28.41508,77.04353,Nischal
2018-03-09 06:00:00,,,28.41508,77.04353,Nischal
2018-03-09 06:15:00,,,28.41508,77.04353,Nischal
2018-03-09 06:30:00,,,28.41508,77.04353,Nischal
2018-03-09 06:45:00,,,28.41508,77.04353,Nischal
2018-03-09 07:00:00,,,28.41508,77.04353,Nischal
2018-03-09 07:15:00,,,28.41508,77.04353,Nischal
2018-03-09 07:30:00,,,28.41508,77.04353,Nischal
2018-03-09 07:45:00,,,28.41508,77.04353,Nischal
2018-03-09 08:00:00,,,28.41508,77.04353,Nischal
2018-03-09 08:15:00,,,28.41508,77.04353,Nischal
2018-03-09 08:30:00,,,28.41508,77.04353,Nischal
2018-03-09 08:45:00,,,28.41508,77.04353,Nischal
2018-03-09 09:00:00,,,28.41508,77.04353,Nischal
2018-03-09 09:15:00,,,28.41508,77.04353,Nischal
2018-03-09 09:30:00,,,28.41508,77.04353,Nischal
2018-03-09 09:45:00,,,28.41508,77.04353,Nischal
2018-03-09 10:00:00,,,28.41508,77.04353,Nischal
2018-03-09 10:15:00,,,28.41508,77.04353,Nischal
2018-03-09 10:30:00,,,28.41508,77.04353,Nischal
2018-03-09 10:45:00,,,28.41508,77.04353,Nischal
2018-03-09 11:00:00,,,28.41508,77.04353,Nischal
2018-03-09 11:15:00,,,28.41508,77.04353,Nischal
2018-03-09 11:30:00,,,28.41508,77.04353,Nischal
2018-03-09 11:45:00,,,28.41508,77.04353,Nischal
2018-03-09 12:00:00,,,28.41508,77.04353,Nischal
2018-03-09 12:15:00,,,28.41508,77.04353,Nischal
2018-03-09 12:30:00,,,28.41508,77.04353,Nischal
2018-03-09 12:45:00,,,28.41508,77.04353,Nischal
2018-03-09 13:00:00,,,28.41508,77.04353,Nischal
2018-03-09 13:15:00,,,28.41508,77.04353,Nischal
2018-03-09 13:30:00,,,28.41508,77.04353,Nischal
2018-03-09 13:45:00,,,28.41508,77.04353,Nischal
2018-03-09 14:00:00,,,28.41508,77.04353,Nischal
2018-03-09 14:15:00,,,28.41508,77.04353,Nischal
2018-03-09 14:30:00,,,28.41508,77.04353,Nischal
2018-03-09 14:45:00,,,28.41508,77.04353,Nischal
2018-03-09 15:00:00,,,28.41508,77.04353,Nischal
2018-03-09 15:15:00,,,28.41508,77.04353,Nischal
2018-03-09 15:30:00,,,28.41508,77.04353,Nischal
2018-03-09 15:45:00,,,28.41508,77.04353,Nischal
2018-03-09 16:00:00,,,28.41508,77.04353,Nischal
2018-03-09 16:15:00,,,28.41508,77.04353,Nischal
2018-03-09 16:30:00,,,28.41508,77.04353,Nischal
2018-03-09 16:45:00,,,28.41508,77.04353,Nischal
2018-03-09 17:00:00,,,28.41508,77.04353,Nischal
2018-03-09 17:15:00,,,28.41508,77.04353,Nischal
2018-03-09 17:30:00,,,28.41508,77.04353,Nischal
2018-03-09 17:45:00,,,28.41508,77.04353,Nischal
2018-03-09 18:00:00,,,28.41508,77.04353,Nischal
2018-03-09 18:15:00,,,28.41508,77.04353,Nischal
2018-03-09 18:30:00,,,28.41508,77.04353,Nischal
2018-03-09 18:45:00,,,28.41508,77.04353,Nischal
2018-03-09 19:00:00,,,28.41508,77.04353,Nischal
2018-03-09 19:15:00,,,28.41508,77.04353,Nischal
2018-03-09 19:30:00,,,28.41508,77.04353,Nischal
2018-03-09 19:45:00,,,28.41508,77.04353,Nischal
2018-03-09 20:00:00,,,28.41508,77.04353,Nischal
2018-03-09 20:15:00,,,28.41508,77.04353,Nischal
2018-03-09 20:30:00,,,28.41508,77.04353,Nischal
2018-03-09 20:45:00,,,28.41508,77.04353,Nischal
2018-03-09 21:00:00,,,28.41508,77.04353,Nischal
2018-03-09 21:15:00,,,28.41508,77.04353,Nischal
2018-03-09 21:30:00,,,28.41508,77.04353,Nischal
2018-03-09 21:45:00,,,28.41508,77.04353,Nischal
2018-03-09 22:00:00,,,28.41508,77.04353,Nischal
2018-03-09 22:15:00,,,28.41508,77.04353,Nischal
2018-03-09 22:30:00,,,28.41508,77.04353,Nischal
2018-03-09 22:45:00,,,28.41508,77.04353,Nischal
2018-03-09 23:00:00,,,28.41508,77.04353,Nischal
2018-03-09 23:15:00,,,28.41508,77.04353,Nischal
2018-03-09 23:30:00,,,28.41508,77.04353,Nischal
2018-03-09 23:45:00,,,28.41508,77.04353,Nischal
2018-03-10 00:00:00,,,28.41508,77.04353,Nischal
2018-03-10 00:15:00,,,28.41508,77.04353,Nischal
2018-03-10 00:30:00,,,28.41508,77.04353,Nischal
2018-03-10 00:45:00,,,28.41508,77.04353,Nischal
2018-03-10 01:00:00,,,28.41508,77.04353,Nischal
2018-03-10 01:15:00,,,28.41508,77.04353,Nischal
2018-03-10 01:30:00,,,28.41508,77.04353,Nischal
2018-03-10 01:45:00,,,28.41508,77.04353,Nischal
2018-03-10 02:00:00,,,28.41508,77.04353,Nischal
2018-03-10 02:15:00,,,28.41508,77.04353,Nischal
2018-03-10 02:30:00,,,28.41508,77.04353,Nischal
2018-03-10 02:45:00,,,28.41508,77.04353,Nischal
2018-03-10 03:00:00,,,28.41508,77.04353,Nischal
2018-03-10 03:15:00,,,28.41508,77.04353,Nischal
2018-03-10 03:30:00,,,28.41508,77.04353,Nischal
2018-03-10 03:45:00,,,28.41508,77.04353,Nischal
2018-03-10 04:00:00,,,28.41508,77.04353,Nischal
2018-03-10 04:15:00,,,28.41508,77.04353,Nischal
2018-03-10 04:30:00,,,28.41508,77.04353,Nischal
2018-03-10 04:45:00,,,28.41508,77.04353,Nischal
2018-03-10 05:00:00,,,28.41508,77.04353,Nischal
2018-03-10 05:15:00,,,28.41508,77.04353,Nischal
2018-03-10 05:30:00,,,28.41508,77.04353,Nischal
2018-03-10 05:45:00,,,28.41508,77.04353,Nischal
2018-03-10 06:00:00,,,28.41508,77.04353,Nischal
2018-03-10 06:15:00,,,28.41508,77.04353,Nischal
2018-03-10 06:30:00,,,28.41508,77.04353,Nischal
2018-03-10 06:45:00,,,28.41508,77.04353,Nischal
2018-03-10 07:00:00,,,28.41508,77.04353,Nischal
2018-03-10 07:15:00,,,28.41508,77.04353,Nischal
2018-03-10 07:30:00,,,28.41508,77.04353,Nischal
2018-03-10 07:45:00,,,28.41508,77.04353,Nischal
2018-03-10 08:00:00,,,28.41508,77.04353,Nischal
2018-03-10 08:15:00,,,28.41508,77.04353,Nischal
2018-03-10 08:30:00,,,28.41508,77.04353,Nischal
2018-03-10 08:45:00,,,28.41508,77.04353,Nischal
2018-03-10 09:00:00,,,28.41508,77.04353,Nischal
2018-03-10 09:15:00,,,28.41508,77.04353,Nischal
2018-03-10 09:30:00,,,28.41508,77.04353,Nischal
2018-03-10 09:45:00,,,28.41508,77.04353,Nischal
2018-03-10 10:00:00,,,28.41508,77.04353,Nischal
2018-03-10 10:15:00,,,28.41508,77.04353,Nischal
2018-03-10 10:30:00,,,28.41508,77.04353,Nischal
2018-03-10 10:45:00,,,28.41508,77.04353,Nischal
2018-03-10 11:00:00,,,28.41508,77.04353,Nischal
2018-03-10 11:15:00,,,28.41508,77.04353,Nischal
2018-03-10 11:30:00,,,28.41508,77.04353,Nischal
2018-03-10 11:45:00,,,28.41508,77.04353,Nischal
2018-03-10 12:00:00,,,28.41508,77.04353,Nischal
2018-03-10 12:15:00,,,28.41508,77.04353,Nischal
2018-03-10 12:30:00,,,28.41508,77.04353,Nischal
2018-03-10 12:45:00,,,28.41508,77.04353,Nischal
2018-03-10 13:00:00,,,28.41508,77.04353,Nischal
2018-03-10 13:15:00,,,28.41508,77.04353,Nischal
2018-03-10 13:30:00,,,28.41508,77.04353,Nischal
2018-03-10 13:45:00,,,28.41508,77.04353,Nischal
2018-03-10 14:00:00,,,28.41508,77.04353,Nischal
2018-03-10 14:15:00,,,28.41508,77.04353,Nischal
2018-03-10 14:30:00,,,28.41508,77.04353,Nischal
2018-03-10 14:45:00,,,28.41508,77.04353,Nischal
2018-03-10 15:00:00,,,28.41508,77.04353,Nischal
2018-03-10 15:15:00,,,28.41508,77.04353,Nischal
2018-03-10 15:30:00,,,28.41508,77.04353,Nischal
2018-03-10 15:45:00,,,28.41508,77.04353,Nischal
2018-03-10 16:00:00,,,28.41508,77.04353,Nischal
2018-03-10 16:15:00,,,28.41508,77.04353,Nischal
2018-03-10 16:30:00,,,28.41508,77.04353,Nischal
2018-03-10 16:45:00,,,28.41508,77.04353,Nischal
2018-03-10 17:00:00,,,28.41508,77.04353,Nischal
2018-03-10 17:15:00,,,28.41508,77.04353,Nischal
2018-03-10 17:30:00,,,28.41508,77.04353,Nischal
2018-03-10 17:45:00,,,28.41508,77.04353,Nischal
2018-03-10 18:00:00,,,28.41508,77.04353,Nischal
2018-03-10 18:15:00,,,28.41508,77.04353,Nischal
2018-03-10 18:30:00,,,28.41508,77.04353,Nischal
2018-03-10 18:45:00,,,28.41508,77.04353,Nischal
2018-03-10 19:00:00,,,28.41508,77.04353,Nischal
2018-03-10 19:15:00,,,28.41508,77.04353,Nischal
2018-03-10 19:30:00,,,28.41508,77.04353,Nischal
2018-03-10 19:45:00,,,28.41508,77.04353,Nischal
2018-03-10 20:00:00,,,28.41508,77.04353,Nischal
2018-03-10 20:15:00,,,28.41508,77.04353,Nischal
2018-03-10 20:30:00,,,28.41508,77.04353,Nischal
2018-03-10 20:45:00,,,28.41508,77.04353,Nischal
2018-03-10 21:00:00,,,28.41508,77.04353,Nischal
2018-03-10 21:15:00,,,28.41508,77.04353,Nischal
2018-03-10 21:30:00,,,28.41508,77.04353,Nischal
2018-03-10 21:45:00,,,28.41508,77.04353,Nischal
2018-03-10 22:00:00,,,28.41508,77.04353,Nischal
2018-03-10 22:15:00,,,28.41508,77.04353,Nischal
2018-03-10 22:30:00,,,28.41508,77.04353,Nischal
2018-03-10 22:45:00,,,28.41508,77.04353,Nischal
2018-03-10 23:00:00,,,28.41508,77.04353,Nischal
2018-03-10 23:15:00,,,28.41508,77.04353,Nischal
2018-03-10 23:30:00,,,28.41508,77.04353,Nischal
2018-03-10 23:45:00,,,28.41508,77.04353,Nischal
2018-03-11 00:00:00,,,28.41508,77.04353,Nischal
2018-03-11 00:15:00,,,28.41508,77.04353,Nischal
2018-03-11 00:30:00,,,28.41508,77.04353,Nischal
2018-03-11 00:45:00,,,28.41508,77.04353,Nischal
2018-03-11 01:00:00,,,28.41508,77.04353,Nischal
2018-03-11 01:15:00,,,28.41508,77.04353,Nischal
2018-03-11 01:30:00,,,28.41508,77.04353,Nischal
2018-03-11 01:45:00,,,28.41508,77.04353,Nischal
2018-03-11 02:00:00,,,28.41508,77.04353,Nischal
2018-03-11 02:15:00,,,28.41508,77.04353,Nischal
2018-03-11 02:30:00,,,28.41508,77.04353,Nischal
2018-03-11 02:45:00,,,28.41508,77.04353,Nischal
2018-03-11 03:00:00,,,28.41508,77.04353,Nischal
2018-03-11 03:15:00,,,28.41508,77.04353,Nischal
2018-03-11 03:30:00,,,28.41508,77.04353,Nischal
2018-03-11 03:45:00,,,28.41508,77.04353,Nischal
2018-03-11 04:00:00,,,28.41508,77.04353,Nischal
2018-03-11 04:15:00,,,28.41508,77.04353,Nischal
2018-03-11 04:30:00,,,28.41508,77.04353,Nischal
2018-03-11 04:45:00,,,28.41508,77.04353,Nischal
2018-03-11 05:00:00,,,28.41508,77.04353,Nischal
2018-03-11 05:15:00,,,28.41508,77.04353,Nischal
2018-03-11 05:30:00,,,28.41508,77.04353,Nischal
2018-03-11 05:45:00,,,28.41508,77.04353,Nischal
2018-03-11 06:00:00,,,28.41508,77.04353,Nischal
2018-03-11 06:15:00,,,28.41508,77.04353,Nischal
2018-03-11 06:30:00,,,28.41508,77.04353,Nischal
2018-03-11 06:45:00,,,28.41508,77.04353,Nischal
2018-03-11 07:00:00,,,28.41508,77.04353,Nischal
2018-03-11 07:15:00,,,28.41508,77.04353,Nischal
2018-03-11 07:30:00,,,28.41508,77.04353,Nischal
2018-03-11 07:45:00,,,28.41508,77.04353,Nischal
2018-03-11 08:00:00,,,28.41508,77.04353,Nischal
2018-03-11 08:15:00,,,28.41508,77.04353,Nischal
2018-03-11 08:30:00,,,28.41508,77.04353,Nischal
2018-03-11 08:45:00,,,28.41508,77.04353,Nischal
2018-03-11 09:00:00,,,28.41508,77.04353,Nischal
2018-03-11 09:15:00,,,28.41508,77.04353,Nischal
2018-03-11 09:30:00,,,28.41508,77.04353,Nischal
2018-03-11 09:45:00,,,28.41508,77.04353,Nischal
2018-03-11 10:00:00,,,28.41508,77.04353,Nischal
2018-03-11 10:15:00,,,28.41508,77.04353,Nischal
2018-03-11 10:30:00,,,28.41508,77.04353,Nischal
2018-03-11 10:45:00,,,28.41508,77.04353,Nischal
2018-03-11 11:00:00,,,28.41508,77.04353,Nischal
2018-03-11 11:15:00,,,28.41508,77.04353,Nischal
2018-03-11 11:30:00,,,28.41508,77.04353,Nischal
2018-03-11 11:45:00,,,28.41508,77.04353,Nischal
2018-03-11 12:00:00,,,28.41508,77.04353,Nischal
2018-03-11 12:15:00,,,28.41508,77.04353,Nischal
2018-03-11 12:30:00,,,28.41508,77.04353,Nischal
2018-03-11 12:45:00,,,28.41508,77.04353,Nischal
2018-03-11 13:00:00,,,28.41508,77.04353,Nischal
2018-03-11 13:15:00,,,28.41508,77.04353,Nischal
2018-03-11 13:30:00,,,28.41508,77.04353,Nischal
2018-03-11 13:45:00,,,28.41508,77.04353,Nischal
2018-03-11 14:00:00,,,28.41508,77.04353,Nischal
2018-03-11 14:15:00,,,28.41508,77.04353,Nischal
2018-03-11 14:30:00,,,28.41508,77.04353,Nischal
2018-03-11 14:45:00,,,28.41508,77.04353,Nischal
2018-03-11 15:00:00,,,28.41508,77.04353,Nischal
2018-03-11 15:15:00,,,28.41508,77.04353,Nischal
2018-03-11 15:30:00,,,28.41508,77.04353,Nischal
2018-03-11 15:45:00,,,28.41508,77.04353,Nischal
2018-03-11 16:00:00,,,28.41508,77.04353,Nischal
2018-03-11 16:15:00,,,28.41508,77.04353,Nischal
2018-03-11 16:30:00,,,28.41508,77.04353,Nischal
2018-03-11 16:45:00,,,28.41508,77.04353,Nischal
2018-03-11 17:00:00,,,28.41508,77.04353,Nischal
2018-03-11 17:15:00,,,28.41508,77.04353,Nischal
2018-03-11 17:30:00,,,28.41508,77.04353,Nischal
2018-03-11 17:45:00,,,28.41508,77.04353,Nischal
2018-03-11 18:00:00,,,28.41508,77.04353,Nischal
2018-03-11 18:15:00,,,28.41508,77.04353,Nischal
2018-03-11 18:30:00,,,28.41508,77.04353,Nischal
2018-03-11 18:45:00,,,28.41508,77.04353,Nischal
2018-03-11 19:00:00,,,28.41508,77.04353,Nischal
2018-03-11 19:15:00,,,28.41508,77.04353,Nischal
2018-03-11 19:30:00,,,28.41508,77.04353,Nischal
2018-03-11 19:45:00,,,28.41508,77.04353,Nischal
2018-03-11 20:00:00,,,28.41508,77.04353,Nischal
2018-03-11 20:15:00,,,28.41508,77.04353,Nischal
2018-03-11 20:30:00,,,28.41508,77.04353,Nischal
2018-03-11 20:45:00,,,28.41508,77.04353,Nischal
2018-03-11 21:00:00,,,28.41508,77.04353,Nischal
2018-03-11 21:15:00,,,28.41508,77.04353,Nischal
2018-03-11 21:30:00,,,28.41508,77.04353,Nischal
2018-03-11 21:45:00,,,28.41508,77.04353,Nischal
2018-03-11 22:00:00,,,28.41508,77.04353,Nischal
2018-03-11 22:15:00,,,28.41508,77.04353,Nischal
2018-03-11 22:30:00,,,28.41508,77.04353,Nischal
2018-03-11 22:45:00,,,28.41508,77.04353,Nischal
2018-03-11 23:00:00,,,28.41508,77.04353,Nischal
2018-03-11 23:15:00,,,28.41508,77.04353,Nischal
2018-03-11 23:30:00,,,28.41508,77.04353,Nischal
2018-03-11 23:45:00,,,28.41508,77.04353,Nischal
2018-03-12 00:00:00,,,28.41508,77.04353,Nischal
2018-03-12 00:15:00,,,28.41508,77.04353,Nischal
2018-03-12 00:30:00,,,28.41508,77.04353,Nischal
2018-03-12 00:45:00,,,28.41508,77.04353,Nischal
2018-03-12 01:00:00,,,28.41508,77.04353,Nischal
2018-03-12 01:15:00,,,28.41508,77.04353,Nischal
2018-03-12 01:30:00,,,28.41508,77.04353,Nischal
2018-03-12 01:45:00,,,28.41508,77.04353,Nischal
2018-03-12 02:00:00,,,28.41508,77.04353,Nischal
2018-03-12 02:15:00,,,28.41508,77.04353,Nischal
2018-03-12 02:30:00,,,28.41508,77.04353,Nischal
2018-03-12 02:45:00,,,28.41508,77.04353,Nischal
2018-03-12 03:00:00,,,28.41508,77.04353,Nischal
2018-03-12 03:15:00,,,28.41508,77.04353,Nischal
2018-03-12 03:30:00,,,28.41508,77.04353,Nischal
2018-03-12 03:45:00,,,28.41508,77.04353,Nischal
2018-03-12 04:00:00,,,28.41508,77.04353,Nischal
2018-03-12 04:15:00,,,28.41508,77.04353,Nischal
2018-03-12 04:30:00,,,28.41508,77.04353,Nischal
2018-03-12 04:45:00,,,28.41508,77.04353,Nischal
2018-03-12 05:00:00,,,28.41508,77.04353,Nischal
2018-03-12 05:15:00,,,28.41508,77.04353,Nischal
2018-03-12 05:30:00,,,28.41508,77.04353,Nischal
2018-03-12 05:45:00,,,28.41508,77.04353,Nischal
2018-03-12 06:00:00,,,28.41508,77.04353,Nischal
2018-03-12 06:15:00,,,28.41508,77.04353,Nischal
2018-03-12 06:30:00,,,28.41508,77.04353,Nischal
2018-03-12 06:45:00,,,28.41508,77.04353,Nischal
2018-03-12 07:00:00,,,28.41508,77.04353,Nischal
2018-03-12 07:15:00,,,28.41508,77.04353,Nischal
2018-03-12 07:30:00,,,28.41508,77.04353,Nischal
2018-03-12 07:45:00,,,28.41508,77.04353,Nischal
2018-03-12 08:00:00,,,28.41508,77.04353,Nischal
2018-03-12 08:15:00,,,28.41508,77.04353,Nischal
2018-03-12 08:30:00,,,28.41508,77.04353,Nischal
2018-03-12 08:45:00,,,28.41508,77.04353,Nischal
2018-03-12 09:00:00,,,28.41508,77.04353,Nischal
2018-03-12 09:15:00,,,28.41508,77.04353,Nischal
2018-03-12 09:30:00,,,28.41508,77.04353,Nischal
2018-03-12 09:45:00,,,28.41508,77.04353,Nischal
2018-03-12 10:00:00,,,28.41508,77.04353,Nischal
2018-03-12 10:15:00,,,28.41508,77.04353,Nischal
2018-03-12 10:30:00,,,28.41508,77.04353,Nischal
2018-03-12 10:45:00,,,28.41508,77.04353,Nischal
2018-03-12 11:00:00,,,28.41508,77.04353,Nischal
2018-03-12 11:15:00,,,28.41508,77.04353,Nischal
2018-03-12 11:30:00,,,28.41508,77.04353,Nischal
2018-03-12 11:45:00,,,28.41508,77.04353,Nischal
2018-03-12 12:00:00,,,28.41508,77.04353,Nischal
2018-03-12 12:15:00,,,28.41508,77.04353,Nischal
2018-03-12 12:30:00,,,28.41508,77.04353,Nischal
2018-03-12 12:45:00,,,28.41508,77.04353,Nischal
2018-03-12 13:00:00,,,28.41508,77.04353,Nischal
2018-03-12 13:15:00,,,28.41508,77.04353,Nischal
2018-03-12 13:30:00,,,28.41508,77.04353,Nischal
2018-03-12 13:45:00,,,28.41508,77.04353,Nischal
2018-03-12 14:00:00,,,28.41508,77.04353,Nischal
2018-03-12 14:15:00,,,28.41508,77.04353,Nischal
2018-03-12 14:30:00,,,28.41508,77.04353,Nischal
2018-03-12 14:45:00,,,28.41508,77.04353,Nischal
2018-03-12 15:00:00,,,28.41508,77.04353,Nischal
2018-03-12 15:15:00,,,28.41508,77.04353,Nischal
2018-03-12 15:30:00,,,28.41508,77.04353,Nischal
2018-03-12 15:45:00,,,28.41508,77.04353,Nischal
2018-03-12 16:00:00,,,28.41508,77.04353,Nischal
2018-03-12 16:15:00,,,28.41508,77.04353,Nischal
2018-03-12 16:30:00,,,28.41508,77.04353,Nischal
2018-03-12 16:45:00,,,28.41508,77.04353,Nischal
2018-03-12 17:00:00,,,28.41508,77.04353,Nischal
2018-03-12 17:15:00,,,28.41508,77.04353,Nischal
2018-03-12 17:30:00,,,28.41508,77.04353,Nischal
2018-03-12 17:45:00,,,28.41508,77.04353,Nischal
2018-03-12 18:00:00,,,28.41508,77.04353,Nischal
2018-03-12 18:15:00,,,28.41508,77.04353,Nischal
2018-03-12 18:30:00,,,28.41508,77.04353,Nischal
2018-03-12 18:45:00,,,28.41508,77.04353,Nischal
2018-03-12 19:00:00,,,28.41508,77.04353,Nischal
2018-03-12 19:15:00,,,28.41508,77.04353,Nischal
2018-03-12 19:30:00,,,28.41508,77.04353,Nischal
2018-03-12 19:45:00,,,28.41508,77.04353,Nischal
2018-03-12 20:00:00,,,28.41508,77.04353,Nischal
2018-03-12 20:15:00,,,28.41508,77.04353,Nischal
2018-03-12 20:30:00,,,28.41508,77.04353,Nischal
2018-03-12 20:45:00,,,28.41508,77.04353,Nischal
2018-03-12 21:00:00,,,28.41508,77.04353,Nischal
2018-03-12 21:15:00,,,28.41508,77.04353,Nischal
2018-03-12 21:30:00,,,28.41508,77.04353,Nischal
2018-03-12 21:45:00,,,28.41508,77.04353,Nischal
2018-03-12 22:00:00,,,28.41508,77.04353,Nischal
2018-03-12 22:15:00,,,28.41508,77.04353,Nischal
2018-03-12 22:30:00,,,28.41508,77.04353,Nischal
2018-03-12 22:45:00,,,28.41508,77.04353,Nischal
2018-03-12 23:00:00,,,28.41508,77.04353,Nischal
2018-03-12 23:15:00,,,28.41508,77.04353,Nischal
2018-03-12 23:30:00,,,28.41508,77.04353,Nischal
2018-03-12 23:45:00,,,28.41508,77.04353,Nischal
2018-03-13 00:00:00,,,28.41508,77.04353,Nischal
2018-03-13 00:15:00,,,28.41508,77.04353,Nischal
2018-03-13 00:30:00,,,28.41508,77.04353,Nischal
2018-03-13 00:45:00,,,28.41508,77.04353,Nischal
2018-03-13 01:00:00,,,28.41508,77.04353,Nischal
2018-03-13 01:15:00,,,28.41508,77.04353,Nischal
2018-03-13 01:30:00,,,28.41508,77.04353,Nischal
2018-03-13 01:45:00,,,28.41508,77.04353,Nischal
2018-03-13 02:00:00,,,28.41508,77.04353,Nischal
2018-03-13 02:15:00,,,28.41508,77.04353,Nischal
2018-03-13 02:30:00,,,28.41508,77.04353,Nischal
2018-03-13 02:45:00,,,28.41508,77.04353,Nischal
2018-03-13 03:00:00,,,28.41508,77.04353,Nischal
2018-03-13 03:15:00,,,28.41508,77.04353,Nischal
2018-03-13 03:30:00,,,28.41508,77.04353,Nischal
2018-03-13 03:45:00,,,28.41508,77.04353,Nischal
2018-03-13 04:00:00,,,28.41508,77.04353,Nischal
2018-03-13 04:15:00,,,28.41508,77.04353,Nischal
2018-03-13 04:30:00,,,28.41508,77.04353,Nischal
2018-03-13 04:45:00,,,28.41508,77.04353,Nischal
2018-03-13 05:00:00,,,28.41508,77.04353,Nischal
2018-03-13 05:15:00,,,28.41508,77.04353,Nischal
2018-03-13 05:30:00,,,28.41508,77.04353,Nischal
2018-03-13 05:45:00,,,28.41508,77.04353,Nischal
2018-03-13 06:00:00,,,28.41508,77.04353,Nischal
2018-03-13 06:15:00,,,28.41508,77.04353,Nischal
2018-03-13 06:30:00,,,28.41508,77.04353,Nischal
2018-03-13 06:45:00,,,28.41508,77.04353,Nischal
2018-03-13 07:00:00,,,28.41508,77.04353,Nischal
2018-03-13 07:15:00,,,28.41508,77.04353,Nischal
2018-03-13 07:30:00,,,28.41508,77.04353,Nischal
2018-03-13 07:45:00,,,28.41508,77.04353,Nischal
2018-03-13 08:00:00,,,28.41508,77.04353,Nischal
2018-03-13 08:15:00,,,28.41508,77.04353,Nischal
2018-03-13 08:30:00,,,28.41508,77.04353,Nischal
2018-03-13 08:45:00,,,28.41508,77.04353,Nischal
2018-03-13 09:00:00,,,28.41508,77.04353,Nischal
2018-03-13 09:15:00,,,28.41508,77.04353,Nischal
2018-03-13 09:30:00,,,28.41508,77.04353,Nischal
2018-03-13 09:45:00,,,28.41508,77.04353,Nischal
2018-03-13 10:00:00,,,28.41508,77.04353,Nischal
2018-03-13 10:15:00,,,28.41508,77.04353,Nischal
2018-03-13 10:30:00,,,28.41508,77.04353,Nischal
2018-03-13 10:45:00,,,28.41508,77.04353,Nischal
2018-03-13 11:00:00,,,28.41508,77.04353,Nischal
2018-03-13 11:15:00,,,28.41508,77.04353,Nischal
2018-03-13 11:30:00,,,28.41508,77.04353,Nischal
2018-03-13 11:45:00,,,28.41508,77.04353,Nischal
2018-03-13 12:00:00,,,28.41508,77.04353,Nischal
2018-03-13 12:15:00,,,28.41508,77.04353,Nischal
2018-03-13 12:30:00,,,28.41508,77.04353,Nischal
2018-03-13 12:45:00,,,28.41508,77.04353,Nischal
2018-03-13 13:00:00,,,28.41508,77.04353,Nischal
2018-03-13 13:15:00,,,28.41508,77.04353,Nischal
2018-03-13 13:30:00,,,28.41508,77.04353,Nischal
2018-03-13 13:45:00,,,28.41508,77.04353,Nischal
2018-03-13 14:00:00,,,28.41508,77.04353,Nischal
2018-03-13 14:15:00,,,28.41508,77.04353,Nischal
2018-03-13 14:30:00,,,28.41508,77.04353,Nischal
2018-03-13 14:45:00,,,28.41508,77.04353,Nischal
2018-03-13 15:00:00,,,28.41508,77.04353,Nischal
2018-03-13 15:15:00,,,28.41508,77.04353,Nischal
2018-03-13 15:30:00,,,28.41508,77.04353,Nischal
2018-03-13 15:45:00,,,28.41508,77.04353,Nischal
2018-03-13 16:00:00,,,28.41508,77.04353,Nischal
2018-03-13 16:15:00,,,28.41508,77.04353,Nischal
2018-03-13 16:30:00,,,28.41508,77.04353,Nischal
2018-03-13 16:45:00,,,28.41508,77.04353,Nischal
2018-03-13 17:00:00,,,28.41508,77.04353,Nischal
2018-03-13 17:15:00,,,28.41508,77.04353,Nischal
2018-03-13 17:30:00,,,28.41508,77.04353,Nischal
2018-03-13 17:45:00,,,28.41508,77.04353,Nischal
2018-03-13 18:00:00,,,28.41508,77.04353,Nischal
2018-03-13 18:15:00,,,28.41508,77.04353,Nischal
2018-03-13 18:30:00,,,28.41508,77.04353,Nischal
2018-03-13 18:45:00,,,28.41508,77.04353,Nischal
2018-03-13 19:00:00,,,28.41508,77.04353,Nischal
2018-03-13 19:15:00,,,28.41508,77.04353,Nischal
2018-03-13 19:30:00,,,28.41508,77.04353,Nischal
2018-03-13 19:45:00,,,28.41508,77.04353,Nischal
2018-03-13 20:00:00,,,28.41508,77.04353,Nischal
2018-03-13 20:15:00,,,28.41508,77.04353,Nischal
2018-03-13 20:30:00,,,28.41508,77.04353,Nischal
2018-03-13 20:45:00,,,28.41508,77.04353,Nischal
2018-03-13 21:00:00,,,28.41508,77.04353,Nischal
2018-03-13 21:15:00,,,28.41508,77.04353,Nischal
2018-03-13 21:30:00,,,28.41508,77.04353,Nischal
2018-03-13 21:45:00,,,28.41508,77.04353,Nischal
2018-03-13 22:00:00,,,28.41508,77.04353,Nischal
2018-03-13 22:15:00,,,28.41508,77.04353,Nischal
2018-03-13 22:30:00,,,28.41508,77.04353,Nischal
2018-03-13 22:45:00,,,28.41508,77.04353,Nischal
2018-03-13 23:00:00,,,28.41508,77.04353,Nischal
2018-03-13 23:15:00,,,28.41508,77.04353,Nischal
2018-03-13 23:30:00,,,28.41508,77.04353,Nischal
2018-03-13 23:45:00,,,28.41508,77.04353,Nischal
2018-03-14 00:00:00,,,28.41508,77.04353,Nischal
2018-03-14 00:15:00,,,28.41508,77.04353,Nischal
2018-03-14 00:30:00,,,28.41508,77.04353,Nischal
2018-03-14 00:45:00,,,28.41508,77.04353,Nischal
2018-03-14 01:00:00,,,28.41508,77.04353,Nischal
2018-03-14 01:15:00,,,28.41508,77.04353,Nischal
2018-03-14 01:30:00,,,28.41508,77.04353,Nischal
2018-03-14 01:45:00,,,28.41508,77.04353,Nischal
2018-03-14 02:00:00,,,28.41508,77.04353,Nischal
2018-03-14 02:15:00,,,28.41508,77.04353,Nischal
2018-03-14 02:30:00,,,28.41508,77.04353,Nischal
2018-03-14 02:45:00,,,28.41508,77.04353,Nischal
2018-03-14 03:00:00,,,28.41508,77.04353,Nischal
2018-03-14 03:15:00,,,28.41508,77.04353,Nischal
2018-03-14 03:30:00,,,28.41508,77.04353,Nischal
2018-03-14 03:45:00,,,28.41508,77.04353,Nischal
2018-03-14 04:00:00,,,28.41508,77.04353,Nischal
2018-03-14 04:15:00,,,28.41508,77.04353,Nischal
2018-03-14 04:30:00,,,28.41508,77.04353,Nischal
2018-03-14 04:45:00,,,28.41508,77.04353,Nischal
2018-03-14 05:00:00,,,28.41508,77.04353,Nischal
2018-03-14 05:15:00,,,28.41508,77.04353,Nischal
2018-03-14 05:30:00,,,28.41508,77.04353,Nischal
2018-03-14 05:45:00,,,28.41508,77.04353,Nischal
2018-03-14 06:00:00,,,28.41508,77.04353,Nischal
2018-03-14 06:15:00,,,28.41508,77.04353,Nischal
2018-03-14 06:30:00,,,28.41508,77.04353,Nischal
2018-03-14 06:45:00,,,28.41508,77.04353,Nischal
2018-03-14 07:00:00,,,28.41508,77.04353,Nischal
2018-03-14 07:15:00,,,28.41508,77.04353,Nischal
2018-03-14 07:30:00,,,28.41508,77.04353,Nischal
2018-03-14 07:45:00,,,28.41508,77.04353,Nischal
2018-03-14 08:00:00,,,28.41508,77.04353,Nischal
2018-03-14 08:15:00,,,28.41508,77.04353,Nischal
2018-03-14 08:30:00,,,28.41508,77.04353,Nischal
2018-03-14 08:45:00,,,28.41508,77.04353,Nischal
2018-03-14 09:00:00,,,28.41508,77.04353,Nischal
2018-03-14 09:15:00,,,28.41508,77.04353,Nischal
2018-03-14 09:30:00,,,28.41508,77.04353,Nischal
2018-03-14 09:45:00,,,28.41508,77.04353,Nischal
2018-03-14 10:00:00,,,28.41508,77.04353,Nischal
2018-03-14 10:15:00,,,28.41508,77.04353,Nischal
2018-03-14 10:30:00,,,28.41508,77.04353,Nischal
2018-03-14 10:45:00,,,28.41508,77.04353,Nischal
2018-03-14 11:00:00,,,28.41508,77.04353,Nischal
2018-03-14 11:15:00,,,28.41508,77.04353,Nischal
2018-03-14 11:30:00,,,28.41508,77.04353,Nischal
2018-03-14 11:45:00,,,28.41508,77.04353,Nischal
2018-03-14 12:00:00,,,28.41508,77.04353,Nischal
2018-03-14 12:15:00,,,28.41508,77.04353,Nischal
2018-03-14 12:30:00,,,28.41508,77.04353,Nischal
2018-03-14 12:45:00,,,28.41508,77.04353,Nischal
2018-03-14 13:00:00,,,28.41508,77.04353,Nischal
2018-03-14 13:15:00,,,28.41508,77.04353,Nischal
2018-03-14 13:30:00,,,28.41508,77.04353,Nischal
2018-03-14 13:45:00,,,28.41508,77.04353,Nischal
2018-03-14 14:00:00,,,28.41508,77.04353,Nischal
2018-03-14 14:15:00,,,28.41508,77.04353,Nischal
2018-03-14 14:30:00,,,28.41508,77.04353,Nischal
2018-03-14 14:45:00,,,28.41508,77.04353,Nischal
2018-03-14 15:00:00,,,28.41508,77.04353,Nischal
2018-03-14 15:15:00,,,28.41508,77.04353,Nischal
2018-03-14 15:30:00,,,28.41508,77.04353,Nischal
2018-03-14 15:45:00,,,28.41508,77.04353,Nischal
2018-03-14 16:00:00,,,28.41508,77.04353,Nischal
2018-03-14 16:15:00,,,28.41508,77.04353,Nischal
2018-03-14 16:30:00,,,28.41508,77.04353,Nischal
2018-03-14 16:45:00,,,28.41508,77.04353,Nischal
2018-03-14 17:00:00,,,28.41508,77.04353,Nischal
2018-03-14 17:15:00,,,28.41508,77.04353,Nischal
2018-03-14 17:30:00,,,28.41508,77.04353,Nischal
2018-03-14 17:45:00,,,28.41508,77.04353,Nischal
2018-03-14 18:00:00,,,28.41508,77.04353,Nischal
2018-03-14 18:15:00,,,28.41508,77.04353,Nischal
2018-03-14 18:30:00,,,28.41508,77.04353,Nischal
2018-03-14 18:45:00,,,28.41508,77.04353,Nischal
2018-03-14 19:00:00,,,28.41508,77.04353,Nischal
2018-03-14 19:15:00,,,28.41508,77.04353,Nischal
2018-03-14 19:30:00,,,28.41508,77.04353,Nischal
2018-03-14 19:45:00,,,28.41508,77.04353,Nischal
2018-03-14 20:00:00,,,28.41508,77.04353,Nischal
2018-03-14 20:15:00,,,28.41508,77.04353,Nischal
2018-03-14 20:30:00,,,28.41508,77.04353,Nischal
2018-03-14 20:45:00,,,28.41508,77.04353,Nischal
2018-03-14 21:00:00,,,28.41508,77.04353,Nischal
2018-03-14 21:15:00,,,28.41508,77.04353,Nischal
2018-03-14 21:30:00,,,28.41508,77.04353,Nischal
2018-03-14 21:45:00,,,28.41508,77.04353,Nischal
2018-03-14 22:00:00,,,28.41508,77.04353,Nischal
2018-03-14 22:15:00,,,28.41508,77.04353,Nischal
2018-03-14 22:30:00,,,28.41508,77.04353,Nischal
2018-03-14 22:45:00,,,28.41508,77.04353,Nischal
2018-03-14 23:00:00,,,28.41508,77.04353,Nischal
2018-03-14 23:15:00,,,28.41508,77.04353,Nischal
2018-03-14 23:30:00,,,28.41508,77.04353,Nischal
2018-03-14 23:45:00,,,28.41508,77.04353,Nischal
2018-03-15 00:00:00,,,28.41508,77.04353,Nischal
2018-03-15 00:15:00,,,28.41508,77.04353,Nischal
2018-03-15 00:30:00,,,28.41508,77.04353,Nischal
2018-03-15 00:45:00,,,28.41508,77.04353,Nischal
2018-03-15 01:00:00,,,28.41508,77.04353,Nischal
2018-03-15 01:15:00,,,28.41508,77.04353,Nischal
2018-03-15 01:30:00,,,28.41508,77.04353,Nischal
2018-03-15 01:45:00,,,28.41508,77.04353,Nischal
2018-03-15 02:00:00,,,28.41508,77.04353,Nischal
2018-03-15 02:15:00,,,28.41508,77.04353,Nischal
2018-03-15 02:30:00,,,28.41508,77.04353,Nischal
2018-03-15 02:45:00,,,28.41508,77.04353,Nischal
2018-03-15 03:00:00,,,28.41508,77.04353,Nischal
2018-03-15 03:15:00,,,28.41508,77.04353,Nischal
2018-03-15 03:30:00,,,28.41508,77.04353,Nischal
2018-03-15 03:45:00,,,28.41508,77.04353,Nischal
2018-03-15 04:00:00,,,28.41508,77.04353,Nischal
2018-03-15 04:15:00,,,28.41508,77.04353,Nischal
2018-03-15 04:30:00,,,28.41508,77.04353,Nischal
2018-03-15 04:45:00,,,28.41508,77.04353,Nischal
2018-03-15 05:00:00,,,28.41508,77.04353,Nischal
2018-03-15 05:15:00,,,28.41508,77.04353,Nischal
2018-03-15 05:30:00,,,28.41508,77.04353,Nischal
2018-03-15 05:45:00,,,28.41508,77.04353,Nischal
2018-03-15 06:00:00,,,28.41508,77.04353,Nischal
2018-03-15 06:15:00,,,28.41508,77.04353,Nischal
2018-03-15 06:30:00,,,28.41508,77.04353,Nischal
2018-03-15 06:45:00,,,28.41508,77.04353,Nischal
2018-03-15 07:00:00,,,28.41508,77.04353,Nischal
2018-03-15 07:15:00,,,28.41508,77.04353,Nischal
2018-03-15 07:30:00,,,28.41508,77.04353,Nischal
2018-03-15 07:45:00,,,28.41508,77.04353,Nischal
2018-03-15 08:00:00,,,28.41508,77.04353,Nischal
2018-03-15 08:15:00,,,28.41508,77.04353,Nischal
2018-03-15 08:30:00,,,28.41508,77.04353,Nischal
2018-03-15 08:45:00,,,28.41508,77.04353,Nischal
2018-03-15 09:00:00,,,28.41508,77.04353,Nischal
2018-03-15 09:15:00,,,28.41508,77.04353,Nischal
2018-03-15 09:30:00,,,28.41508,77.04353,Nischal
2018-03-15 09:45:00,,,28.41508,77.04353,Nischal
2018-03-15 10:00:00,,,28.41508,77.04353,Nischal
2018-03-15 10:15:00,,,28.41508,77.04353,Nischal
2018-03-15 10:30:00,,,28.41508,77.04353,Nischal
2018-03-15 10:45:00,,,28.41508,77.04353,Nischal
2018-03-15 11:00:00,,,28.41508,77.04353,Nischal
2018-03-15 11:15:00,,,28.41508,77.04353,Nischal
2018-03-15 11:30:00,,,28.41508,77.04353,Nischal
2018-03-15 11:45:00,,,28.41508,77.04353,Nischal
2018-03-15 12:00:00,,,28.41508,77.04353,Nischal
2018-03-15 12:15:00,,,28.41508,77.04353,Nischal
2018-03-15 12:30:00,,,28.41508,77.04353,Nischal
2018-03-15 12:45:00,,,28.41508,77.04353,Nischal
2018-03-15 13:00:00,,,28.41508,77.04353,Nischal
2018-03-15 13:15:00,,,28.41508,77.04353,Nischal
2018-03-15 13:30:00,,,28.41508,77.04353,Nischal
2018-03-15 13:45:00,,,28.41508,77.04353,Nischal
2018-03-15 14:00:00,,,28.41508,77.04353,Nischal
2018-03-15 14:15:00,,,28.41508,77.04353,Nischal
2018-03-15 14:30:00,,,28.41508,77.04353,Nischal
2018-03-15 14:45:00,,,28.41508,77.04353,Nischal
2018-03-15 15:00:00,,,28.41508,77.04353,Nischal
2018-03-15 15:15:00,,,28.41508,77.04353,Nischal
2018-03-15 15:30:00,,,28.41508,77.04353,Nischal
2018-03-15 15:45:00,,,28.41508,77.04353,Nischal
2018-03-15 16:00:00,,,28.41508,77.04353,Nischal
2018-03-15 16:15:00,,,28.41508,77.04353,Nischal
2018-03-15 16:30:00,,,28.41508,77.04353,Nischal
2018-03-15 16:45:00,,,28.41508,77.04353,Nischal
2018-03-15 17:00:00,,,28.41508,77.04353,Nischal
2018-03-15 17:15:00,,,28.41508,77.04353,Nischal
2018-03-15 17:30:00,,,28.41508,77.04353,Nischal
2018-03-15 17:45:00,,,28.41508,77.04353,Nischal
2018-03-15 18:00:00,,,28.41508,77.04353,Nischal
2018-03-15 18:15:00,,,28.41508,77.04353,Nischal
2018-03-15 18:30:00,,,28.41508,77.04353,Nischal
2018-03-15 18:45:00,,,28.41508,77.04353,Nischal
2018-03-15 19:00:00,,,28.41508,77.04353,Nischal
2018-03-15 19:15:00,,,28.41508,77.04353,Nischal
2018-03-15 19:30:00,,,28.41508,77.04353,Nischal
2018-03-15 19:45:00,,,28.41508,77.04353,Nischal
2018-03-15 20:00:00,,,28.41508,77.04353,Nischal
2018-03-15 20:15:00,,,28.41508,77.04353,Nischal
2018-03-15 20:30:00,,,28.41508,77.04353,Nischal
2018-03-15 20:45:00,,,28.41508,77.04353,Nischal
2018-03-15 21:00:00,,,28.41508,77.04353,Nischal
2018-03-15 21:15:00,,,28.41508,77.04353,Nischal
2018-03-15 21:30:00,,,28.41508,77.04353,Nischal
2018-03-15 21:45:00,,,28.41508,77.04353,Nischal
2018-03-15 22:00:00,,,28.41508,77.04353,Nischal
2018-03-15 22:15:00,,,28.41508,77.04353,Nischal
2018-03-15 22:30:00,,,28.41508,77.04353,Nischal
2018-03-15 22:45:00,,,28.41508,77.04353,Nischal
2018-03-15 23:00:00,,,28.41508,77.04353,Nischal
2018-03-15 23:15:00,,,28.41508,77.04353,Nischal
2018-03-15 23:30:00,,,28.41508,77.04353,Nischal
2018-03-15 23:45:00,,,28.41508,77.04353,Nischal
2018-03-16 00:00:00,,,28.41508,77.04353,Nischal
2018-03-16 00:15:00,,,28.41508,77.04353,Nischal
2018-03-16 00:30:00,,,28.41508,77.04353,Nischal
2018-03-16 00:45:00,,,28.41508,77.04353,Nischal
2018-03-16 01:00:00,,,28.41508,77.04353,Nischal
2018-03-16 01:15:00,,,28.41508,77.04353,Nischal
2018-03-16 01:30:00,,,28.41508,77.04353,Nischal
2018-03-16 01:45:00,,,28.41508,77.04353,Nischal
2018-03-16 02:00:00,,,28.41508,77.04353,Nischal
2018-03-16 02:15:00,,,28.41508,77.04353,Nischal
2018-03-16 02:30:00,,,28.41508,77.04353,Nischal
2018-03-16 02:45:00,,,28.41508,77.04353,Nischal
2018-03-16 03:00:00,,,28.41508,77.04353,Nischal
2018-03-16 03:15:00,,,28.41508,77.04353,Nischal
2018-03-16 03:30:00,,,28.41508,77.04353,Nischal
2018-03-16 03:45:00,,,28.41508,77.04353,Nischal
2018-03-16 04:00:00,,,28.41508,77.04353,Nischal
2018-03-16 04:15:00,,,28.41508,77.04353,Nischal
2018-03-16 04:30:00,,,28.41508,77.04353,Nischal
2018-03-16 04:45:00,,,28.41508,77.04353,Nischal
2018-03-16 05:00:00,,,28.41508,77.04353,Nischal
2018-03-16 05:15:00,,,28.41508,77.04353,Nischal
2018-03-16 05:30:00,,,28.41508,77.04353,Nischal
2018-03-16 05:45:00,,,28.41508,77.04353,Nischal
2018-03-16 06:00:00,,,28.41508,77.04353,Nischal
2018-03-16 06:15:00,,,28.41508,77.04353,Nischal
2018-03-16 06:30:00,,,28.41508,77.04353,Nischal
2018-03-16 06:45:00,,,28.41508,77.04353,Nischal
2018-03-16 07:00:00,,,28.41508,77.04353,Nischal
2018-03-16 07:15:00,,,28.41508,77.04353,Nischal
2018-03-16 07:30:00,,,28.41508,77.04353,Nischal
2018-03-16 07:45:00,,,28.41508,77.04353,Nischal
2018-03-16 08:00:00,,,28.41508,77.04353,Nischal
2018-03-16 08:15:00,,,28.41508,77.04353,Nischal
2018-03-16 08:30:00,,,28.41508,77.04353,Nischal
2018-03-16 08:45:00,,,28.41508,77.04353,Nischal
2018-03-16 09:00:00,,,28.41508,77.04353,Nischal
2018-03-16 09:15:00,,,28.41508,77.04353,Nischal
2018-03-16 09:30:00,,,28.41508,77.04353,Nischal
2018-03-16 09:45:00,,,28.41508,77.04353,Nischal
2018-03-16 10:00:00,,,28.41508,77.04353,Nischal
2018-03-16 10:15:00,,,28.41508,77.04353,Nischal
2018-03-16 10:30:00,,,28.41508,77.04353,Nischal
2018-03-16 10:45:00,,,28.41508,77.04353,Nischal
2018-03-16 11:00:00,,,28.41508,77.04353,Nischal
2018-03-16 11:15:00,,,28.41508,77.04353,Nischal
2018-03-16 11:30:00,,,28.41508,77.04353,Nischal
2018-03-16 11:45:00,,,28.41508,77.04353,Nischal
2018-03-16 12:00:00,,,28.41508,77.04353,Nischal
2018-03-16 12:15:00,,,28.41508,77.04353,Nischal
2018-03-16 12:30:00,,,28.41508,77.04353,Nischal
2018-03-16 12:45:00,,,28.41508,77.04353,Nischal
2018-03-16 13:00:00,,,28.41508,77.04353,Nischal
2018-03-16 13:15:00,,,28.41508,77.04353,Nischal
2018-03-16 13:30:00,,,28.41508,77.04353,Nischal
2018-03-16 13:45:00,,,28.41508,77.04353,Nischal
2018-03-16 14:00:00,,,28.41508,77.04353,Nischal
2018-03-16 14:15:00,,,28.41508,77.04353,Nischal
2018-03-16 14:30:00,,,28.41508,77.04353,Nischal
2018-03-16 14:45:00,,,28.41508,77.04353,Nischal
2018-03-16 15:00:00,,,28.41508,77.04353,Nischal
2018-03-16 15:15:00,,,28.41508,77.04353,Nischal
2018-03-16 15:30:00,,,28.41508,77.04353,Nischal
2018-03-16 15:45:00,,,28.41508,77.04353,Nischal
2018-03-16 16:00:00,,,28.41508,77.04353,Nischal
2018-03-16 16:15:00,,,28.41508,77.04353,Nischal
2018-03-16 16:30:00,,,28.41508,77.04353,Nischal
2018-03-16 16:45:00,,,28.41508,77.04353,Nischal
2018-03-16 17:00:00,,,28.41508,77.04353,Nischal
2018-03-16 17:15:00,,,28.41508,77.04353,Nischal
2018-03-16 17:30:00,,,28.41508,77.04353,Nischal
2018-03-16 17:45:00,,,28.41508,77.04353,Nischal
2018-03-16 18:00:00,,,28.41508,77.04353,Nischal
2018-03-16 18:15:00,,,28.41508,77.04353,Nischal
2018-03-16 18:30:00,,,28.41508,77.04353,Nischal
2018-03-16 18:45:00,,,28.41508,77.04353,Nischal
2018-03-16 19:00:00,,,28.41508,77.04353,Nischal
2018-03-16 19:15:00,,,28.41508,77.04353,Nischal
2018-03-16 19:30:00,,,28.41508,77.04353,Nischal
2018-03-16 19:45:00,,,28.41508,77.04353,Nischal
2018-03-16 20:00:00,,,28.41508,77.04353,Nischal
2018-03-16 20:15:00,,,28.41508,77.04353,Nischal
2018-03-16 20:30:00,,,28.41508,77.04353,Nischal
2018-03-16 20:45:00,,,28.41508,77.04353,Nischal
2018-03-16 21:00:00,,,28.41508,77.04353,Nischal
2018-03-16 21:15:00,,,28.41508,77.04353,Nischal
2018-03-16 21:30:00,,,28.41508,77.04353,Nischal
2018-03-16 21:45:00,,,28.41508,77.04353,Nischal
2018-03-16 22:00:00,,,28.41508,77.04353,Nischal
2018-03-16 22:15:00,,,28.41508,77.04353,Nischal
2018-03-16 22:30:00,,,28.41508,77.04353,Nischal
2018-03-16 22:45:00,,,28.41508,77.04353,Nischal
2018-03-16 23:00:00,,,28.41508,77.04353,Nischal
2018-03-16 23:15:00,,,28.41508,77.04353,Nischal
2018-03-16 23:30:00,,,28.41508,77.04353,Nischal
2018-03-16 23:45:00,,,28.41508,77.04353,Nischal
2018-03-17 00:00:00,,,28.41508,77.04353,Nischal
2018-03-17 00:15:00,,,28.41508,77.04353,Nischal
2018-03-17 00:30:00,,,28.41508,77.04353,Nischal
2018-03-17 00:45:00,,,28.41508,77.04353,Nischal
2018-03-17 01:00:00,,,28.41508,77.04353,Nischal
2018-03-17 01:15:00,,,28.41508,77.04353,Nischal
2018-03-17 01:30:00,,,28.41508,77.04353,Nischal
2018-03-17 01:45:00,,,28.41508,77.04353,Nischal
2018-03-17 02:00:00,,,28.41508,77.04353,Nischal
2018-03-17 02:15:00,,,28.41508,77.04353,Nischal
2018-03-17 02:30:00,,,28.41508,77.04353,Nischal
2018-03-17 02:45:00,,,28.41508,77.04353,Nischal
2018-03-17 03:00:00,,,28.41508,77.04353,Nischal
2018-03-17 03:15:00,,,28.41508,77.04353,Nischal
2018-03-17 03:30:00,,,28.41508,77.04353,Nischal
2018-03-17 03:45:00,,,28.41508,77.04353,Nischal
2018-03-17 04:00:00,,,28.41508,77.04353,Nischal
2018-03-17 04:15:00,,,28.41508,77.04353,Nischal
2018-03-17 04:30:00,,,28.41508,77.04353,Nischal
2018-03-17 04:45:00,,,28.41508,77.04353,Nischal
2018-03-17 05:00:00,,,28.41508,77.04353,Nischal
2018-03-17 05:15:00,,,28.41508,77.04353,Nischal
2018-03-17 05:30:00,,,28.41508,77.04353,Nischal
2018-03-17 05:45:00,,,28.41508,77.04353,Nischal
2018-03-17 06:00:00,,,28.41508,77.04353,Nischal
2018-03-17 06:15:00,,,28.41508,77.04353,Nischal
2018-03-17 06:30:00,,,28.41508,77.04353,Nischal
2018-03-17 06:45:00,,,28.41508,77.04353,Nischal
2018-03-17 07:00:00,,,28.41508,77.04353,Nischal
2018-03-17 07:15:00,,,28.41508,77.04353,Nischal
2018-03-17 07:30:00,,,28.41508,77.04353,Nischal
2018-03-17 07:45:00,,,28.41508,77.04353,Nischal
2018-03-17 08:00:00,,,28.41508,77.04353,Nischal
2018-03-17 08:15:00,,,28.41508,77.04353,Nischal
2018-03-17 08:30:00,,,28.41508,77.04353,Nischal
2018-03-17 08:45:00,,,28.41508,77.04353,Nischal
2018-03-17 09:00:00,,,28.41508,77.04353,Nischal
2018-03-17 09:15:00,,,28.41508,77.04353,Nischal
2018-03-17 09:30:00,,,28.41508,77.04353,Nischal
2018-03-17 09:45:00,,,28.41508,77.04353,Nischal
2018-03-17 10:00:00,,,28.41508,77.04353,Nischal
2018-03-17 10:15:00,,,28.41508,77.04353,Nischal
2018-03-17 10:30:00,,,28.41508,77.04353,Nischal
2018-03-17 10:45:00,,,28.41508,77.04353,Nischal
2018-03-17 11:00:00,,,28.41508,77.04353,Nischal
2018-03-17 11:15:00,,,28.41508,77.04353,Nischal
2018-03-17 11:30:00,,,28.41508,77.04353,Nischal
2018-03-17 11:45:00,,,28.41508,77.04353,Nischal
2018-03-17 12:00:00,,,28.41508,77.04353,Nischal
2018-03-17 12:15:00,,,28.41508,77.04353,Nischal
2018-03-17 12:30:00,,,28.41508,77.04353,Nischal
2018-03-17 12:45:00,,,28.41508,77.04353,Nischal
2018-03-17 13:00:00,,,28.41508,77.04353,Nischal
2018-03-17 13:15:00,,,28.41508,77.04353,Nischal
2018-03-17 13:30:00,,,28.41508,77.04353,Nischal
2018-03-17 13:45:00,,,28.41508,77.04353,Nischal
2018-03-17 14:00:00,,,28.41508,77.04353,Nischal
2018-03-17 14:15:00,,,28.41508,77.04353,Nischal
2018-03-17 14:30:00,,,28.41508,77.04353,Nischal
2018-03-17 14:45:00,,,28.41508,77.04353,Nischal
2018-03-17 15:00:00,,,28.41508,77.04353,Nischal
2018-03-17 15:15:00,,,28.41508,77.04353,Nischal
2018-03-17 15:30:00,,,28.41508,77.04353,Nischal
2018-03-17 15:45:00,,,28.41508,77.04353,Nischal
2018-03-17 16:00:00,,,28.41508,77.04353,Nischal
2018-03-17 16:15:00,,,28.41508,77.04353,Nischal
2018-03-17 16:30:00,,,28.41508,77.04353,Nischal
2018-03-17 16:45:00,,,28.41508,77.04353,Nischal
2018-03-17 17:00:00,,,28.41508,77.04353,Nischal
2018-03-17 17:15:00,,,28.41508,77.04353,Nischal
2018-03-17 17:30:00,,,28.41508,77.04353,Nischal
2018-03-17 17:45:00,,,28.41508,77.04353,Nischal
2018-03-17 18:00:00,,,28.41508,77.04353,Nischal
2018-03-17 18:15:00,,,28.41508,77.04353,Nischal
2018-03-17 18:30:00,,,28.41508,77.04353,Nischal
2018-03-17 18:45:00,,,28.41508,77.04353,Nischal
2018-03-17 19:00:00,,,28.41508,77.04353,Nischal
2018-03-17 19:15:00,,,28.41508,77.04353,Nischal
2018-03-17 19:30:00,,,28.41508,77.04353,Nischal
2018-03-17 19:45:00,,,28.41508,77.04353,Nischal
2018-03-17 20:00:00,,,28.41508,77.04353,Nischal
2018-03-17 20:15:00,,,28.41508,77.04353,Nischal
2018-03-17 20:30:00,,,28.41508,77.04353,Nischal
2018-03-17 20:45:00,,,28.41508,77.04353,Nischal
2018-03-17 21:00:00,,,28.41508,77.04353,Nischal
2018-03-17 21:15:00,,,28.41508,77.04353,Nischal
2018-03-17 21:30:00,,,28.41508,77.04353,Nischal
2018-03-17 21:45:00,,,28.41508,77.04353,Nischal
2018-03-17 22:00:00,,,28.41508,77.04353,Nischal
2018-03-17 22:15:00,,,28.41508,77.04353,Nischal
2018-03-17 22:30:00,,,28.41508,77.04353,Nischal
2018-03-17 22:45:00,,,28.41508,77.04353,Nischal
2018-03-17 23:00:00,,,28.41508,77.04353,Nischal
2018-03-17 23:15:00,,,28.41508,77.04353,Nischal
2018-03-17 23:30:00,,,28.41508,77.04353,Nischal
2018-03-17 23:45:00,,,28.41508,77.04353,Nischal
2018-03-18 00:00:00,,,28.41508,77.04353,Nischal
2018-03-18 00:15:00,,,28.41508,77.04353,Nischal
2018-03-18 00:30:00,,,28.41508,77.04353,Nischal
2018-03-18 00:45:00,,,28.41508,77.04353,Nischal
2018-03-18 01:00:00,,,28.41508,77.04353,Nischal
2018-03-18 01:15:00,,,28.41508,77.04353,Nischal
2018-03-18 01:30:00,,,28.41508,77.04353,Nischal
2018-03-18 01:45:00,,,28.41508,77.04353,Nischal
2018-03-18 02:00:00,,,28.41508,77.04353,Nischal
2018-03-18 02:15:00,,,28.41508,77.04353,Nischal
2018-03-18 02:30:00,,,28.41508,77.04353,Nischal
2018-03-18 02:45:00,,,28.41508,77.04353,Nischal
2018-03-18 03:00:00,,,28.41508,77.04353,Nischal
2018-03-18 03:15:00,,,28.41508,77.04353,Nischal
2018-03-18 03:30:00,,,28.41508,77.04353,Nischal
2018-03-18 03:45:00,,,28.41508,77.04353,Nischal
2018-03-18 04:00:00,,,28.41508,77.04353,Nischal
2018-03-18 04:15:00,,,28.41508,77.04353,Nischal
2018-03-18 04:30:00,,,28.41508,77.04353,Nischal
2018-03-18 04:45:00,,,28.41508,77.04353,Nischal
2018-03-18 05:00:00,,,28.41508,77.04353,Nischal
2018-03-18 05:15:00,,,28.41508,77.04353,Nischal
2018-03-18 05:30:00,,,28.41508,77.04353,Nischal
2018-03-18 05:45:00,,,28.41508,77.04353,Nischal
2018-03-18 06:00:00,,,28.41508,77.04353,Nischal
2018-03-18 06:15:00,,,28.41508,77.04353,Nischal
2018-03-18 06:30:00,,,28.41508,77.04353,Nischal
2018-03-18 06:45:00,,,28.41508,77.04353,Nischal
2018-03-18 07:00:00,,,28.41508,77.04353,Nischal
2018-03-18 07:15:00,,,28.41508,77.04353,Nischal
2018-03-18 07:30:00,,,28.41508,77.04353,Nischal
2018-03-18 07:45:00,,,28.41508,77.04353,Nischal
2018-03-18 08:00:00,,,28.41508,77.04353,Nischal
2018-03-18 08:15:00,,,28.41508,77.04353,Nischal
2018-03-18 08:30:00,,,28.41508,77.04353,Nischal
2018-03-18 08:45:00,,,28.41508,77.04353,Nischal
2018-03-18 09:00:00,,,28.41508,77.04353,Nischal
2018-03-18 09:15:00,,,28.41508,77.04353,Nischal
2018-03-18 09:30:00,,,28.41508,77.04353,Nischal
2018-03-18 09:45:00,,,28.41508,77.04353,Nischal
2018-03-18 10:00:00,,,28.41508,77.04353,Nischal
2018-03-18 10:15:00,,,28.41508,77.04353,Nischal
2018-03-18 10:30:00,,,28.41508,77.04353,Nischal
2018-03-18 10:45:00,,,28.41508,77.04353,Nischal
2018-03-18 11:00:00,,,28.41508,77.04353,Nischal
2018-03-18 11:15:00,,,28.41508,77.04353,Nischal
2018-03-18 11:30:00,,,28.41508,77.04353,Nischal
2018-03-18 11:45:00,,,28.41508,77.04353,Nischal
2018-03-18 12:00:00,,,28.41508,77.04353,Nischal
2018-03-18 12:15:00,,,28.41508,77.04353,Nischal
2018-03-18 12:30:00,,,28.41508,77.04353,Nischal
2018-03-18 12:45:00,,,28.41508,77.04353,Nischal
2018-03-18 13:00:00,,,28.41508,77.04353,Nischal
2018-03-18 13:15:00,,,28.41508,77.04353,Nischal
2018-03-18 13:30:00,,,28.41508,77.04353,Nischal
2018-03-18 13:45:00,,,28.41508,77.04353,Nischal
2018-03-18 14:00:00,,,28.41508,77.04353,Nischal
2018-03-18 14:15:00,,,28.41508,77.04353,Nischal
2018-03-18 14:30:00,,,28.41508,77.04353,Nischal
2018-03-18 14:45:00,,,28.41508,77.04353,Nischal
2018-03-18 15:00:00,,,28.41508,77.04353,Nischal
2018-03-18 15:15:00,,,28.41508,77.04353,Nischal
2018-03-18 15:30:00,,,28.41508,77.04353,Nischal
2018-03-18 15:45:00,,,28.41508,77.04353,Nischal
2018-03-18 16:00:00,,,28.41508,77.04353,Nischal
2018-03-18 16:15:00,,,28.41508,77.04353,Nischal
2018-03-18 16:30:00,,,28.41508,77.04353,Nischal
2018-03-18 16:45:00,,,28.41508,77.04353,Nischal
2018-03-18 17:00:00,,,28.41508,77.04353,Nischal
2018-03-18 17:15:00,,,28.41508,77.04353,Nischal
2018-03-18 17:30:00,,,28.41508,77.04353,Nischal
2018-03-18 17:45:00,,,28.41508,77.04353,Nischal
2018-03-18 18:00:00,,,28.41508,77.04353,Nischal
2018-03-18 18:15:00,,,28.41508,77.04353,Nischal
2018-03-18 18:30:00,,,28.41508,77.04353,Nischal
2018-03-18 18:45:00,,,28.41508,77.04353,Nischal
2018-03-18 19:00:00,,,28.41508,77.04353,Nischal
2018-03-18 19:15:00,,,28.41508,77.04353,Nischal
2018-03-18 19:30:00,,,28.41508,77.04353,Nischal
2018-03-18 19:45:00,,,28.41508,77.04353,Nischal
2018-03-18 20:00:00,,,28.41508,77.04353,Nischal
2018-03-18 20:15:00,,,28.41508,77.04353,Nischal
2018-03-18 20:30:00,,,28.41508,77.04353,Nischal
2018-03-18 20:45:00,,,28.41508,77.04353,Nischal
2018-03-18 21:00:00,,,28.41508,77.04353,Nischal
2018-03-18 21:15:00,,,28.41508,77.04353,Nischal
2018-03-18 21:30:00,,,28.41508,77.04353,Nischal
2018-03-18 21:45:00,,,28.41508,77.04353,Nischal
2018-03-18 22:00:00,,,28.41508,77.04353,Nischal
2018-03-18 22:15:00,,,28.41508,77.04353,Nischal
2018-03-18 22:30:00,,,28.41508,77.04353,Nischal
2018-03-18 22:45:00,,,28.41508,77.04353,Nischal
2018-03-18 23:00:00,,,28.41508,77.04353,Nischal
2018-03-18 23:15:00,,,28.41508,77.04353,Nischal
2018-03-18 23:30:00,,,28.41508,77.04353,Nischal
2018-03-18 23:45:00,,,28.41508,77.04353,Nischal
2018-03-19 00:00:00,,,28.41508,77.04353,Nischal
2018-03-19 00:15:00,,,28.41508,77.04353,Nischal
2018-03-19 00:30:00,,,28.41508,77.04353,Nischal
2018-03-19 00:45:00,,,28.41508,77.04353,Nischal
2018-03-19 01:00:00,,,28.41508,77.04353,Nischal
2018-03-19 01:15:00,,,28.41508,77.04353,Nischal
2018-03-19 01:30:00,,,28.41508,77.04353,Nischal
2018-03-19 01:45:00,,,28.41508,77.04353,Nischal
2018-03-19 02:00:00,,,28.41508,77.04353,Nischal
2018-03-19 02:15:00,,,28.41508,77.04353,Nischal
2018-03-19 02:30:00,,,28.41508,77.04353,Nischal
2018-03-19 02:45:00,,,28.41508,77.04353,Nischal
2018-03-19 03:00:00,,,28.41508,77.04353,Nischal
2018-03-19 03:15:00,,,28.41508,77.04353,Nischal
2018-03-19 03:30:00,,,28.41508,77.04353,Nischal
2018-03-19 03:45:00,,,28.41508,77.04353,Nischal
2018-03-19 04:00:00,,,28.41508,77.04353,Nischal
2018-03-19 04:15:00,,,28.41508,77.04353,Nischal
2018-03-19 04:30:00,,,28.41508,77.04353,Nischal
2018-03-19 04:45:00,,,28.41508,77.04353,Nischal
2018-03-19 05:00:00,,,28.41508,77.04353,Nischal
2018-03-19 05:15:00,,,28.41508,77.04353,Nischal
2018-03-19 05:30:00,,,28.41508,77.04353,Nischal
2018-03-19 05:45:00,,,28.41508,77.04353,Nischal
2018-03-19 06:00:00,,,28.41508,77.04353,Nischal
2018-03-19 06:15:00,,,28.41508,77.04353,Nischal
2018-03-19 06:30:00,,,28.41508,77.04353,Nischal
2018-03-19 06:45:00,,,28.41508,77.04353,Nischal
2018-03-19 07:00:00,,,28.41508,77.04353,Nischal
2018-03-19 07:15:00,,,28.41508,77.04353,Nischal
2018-03-19 07:30:00,,,28.41508,77.04353,Nischal
2018-03-19 07:45:00,,,28.41508,77.04353,Nischal
2018-03-19 08:00:00,,,28.41508,77.04353,Nischal
2018-03-19 08:15:00,,,28.41508,77.04353,Nischal
2018-03-19 08:30:00,,,28.41508,77.04353,Nischal
2018-03-19 08:45:00,,,28.41508,77.04353,Nischal
2018-03-19 09:00:00,,,28.41508,77.04353,Nischal
2018-03-19 09:15:00,,,28.41508,77.04353,Nischal
2018-03-19 09:30:00,,,28.41508,77.04353,Nischal
2018-03-19 09:45:00,,,28.41508,77.04353,Nischal
2018-03-19 10:00:00,,,28.41508,77.04353,Nischal
2018-03-19 10:15:00,,,28.41508,77.04353,Nischal
2018-03-19 10:30:00,,,28.41508,77.04353,Nischal
2018-03-19 10:45:00,,,28.41508,77.04353,Nischal
2018-03-19 11:00:00,,,28.41508,77.04353,Nischal
2018-03-19 11:15:00,,,28.41508,77.04353,Nischal
2018-03-19 11:30:00,,,28.41508,77.04353,Nischal
2018-03-19 11:45:00,,,28.41508,77.04353,Nischal
2018-03-19 12:00:00,,,28.41508,77.04353,Nischal
2018-03-19 12:15:00,,,28.41508,77.04353,Nischal
2018-03-19 12:30:00,,,28.41508,77.04353,Nischal
2018-03-19 12:45:00,,,28.41508,77.04353,Nischal
2018-03-19 13:00:00,,,28.41508,77.04353,Nischal
2018-03-19 13:15:00,,,28.41508,77.04353,Nischal
2018-03-19 13:30:00,,,28.41508,77.04353,Nischal
2018-03-19 13:45:00,,,28.41508,77.04353,Nischal
2018-03-19 14:00:00,,,28.41508,77.04353,Nischal
2018-03-19 14:15:00,,,28.41508,77.04353,Nischal
2018-03-19 14:30:00,,,28.41508,77.04353,Nischal
2018-03-19 14:45:00,,,28.41508,77.04353,Nischal
2018-03-19 15:00:00,,,28.41508,77.04353,Nischal
2018-03-19 15:15:00,,,28.41508,77.04353,Nischal
2018-03-19 15:30:00,,,28.41508,77.04353,Nischal
2018-03-19 15:45:00,,,28.41508,77.04353,Nischal
2018-03-19 16:00:00,,,28.41508,77.04353,Nischal
2018-03-19 16:15:00,,,28.41508,77.04353,Nischal
2018-03-19 16:30:00,,,28.41508,77.04353,Nischal
2018-03-19 16:45:00,,,28.41508,77.04353,Nischal
2018-03-19 17:00:00,,,28.41508,77.04353,Nischal
2018-03-19 17:15:00,,,28.41508,77.04353,Nischal
2018-03-19 17:30:00,,,28.41508,77.04353,Nischal
2018-03-19 17:45:00,,,28.41508,77.04353,Nischal
2018-03-19 18:00:00,,,28.41508,77.04353,Nischal
2018-03-19 18:15:00,,,28.41508,77.04353,Nischal
2018-03-19 18:30:00,,,28.41508,77.04353,Nischal
2018-03-19 18:45:00,,,28.41508,77.04353,Nischal
2018-03-19 19:00:00,,,28.41508,77.04353,Nischal
2018-03-19 19:15:00,,,28.41508,77.04353,Nischal
2018-03-19 19:30:00,,,28.41508,77.04353,Nischal
2018-03-19 19:45:00,,,28.41508,77.04353,Nischal
2018-03-19 20:00:00,,,28.41508,77.04353,Nischal
2018-03-19 20:15:00,,,28.41508,77.04353,Nischal
2018-03-19 20:30:00,,,28.41508,77.04353,Nischal
2018-03-19 20:45:00,,,28.41508,77.04353,Nischal
2018-03-19 21:00:00,,,28.41508,77.04353,Nischal
2018-03-19 21:15:00,,,28.41508,77.04353,Nischal
2018-03-19 21:30:00,,,28.41508,77.04353,Nischal
2018-03-19 21:45:00,,,28.41508,77.04353,Nischal
2018-03-19 22:00:00,,,28.41508,77.04353,Nischal
2018-03-19 22:15:00,,,28.41508,77.04353,Nischal
2018-03-19 22:30:00,,,28.41508,77.04353,Nischal
2018-03-19 22:45:00,,,28.41508,77.04353,Nischal
2018-03-19 23:00:00,,,28.41508,77.04353,Nischal
2018-03-19 23:15:00,,,28.41508,77.04353,Nischal
2018-03-19 23:30:00,,,28.41508,77.04353,Nischal
2018-03-19 23:45:00,,,28.41508,77.04353,Nischal
2018-03-20 00:00:00,,,28.41508,77.04353,Nischal
2018-03-20 00:15:00,,,28.41508,77.04353,Nischal
2018-03-20 00:30:00,,,28.41508,77.04353,Nischal
2018-03-20 00:45:00,,,28.41508,77.04353,Nischal
2018-03-20 01:00:00,,,28.41508,77.04353,Nischal
2018-03-20 01:15:00,,,28.41508,77.04353,Nischal
2018-03-20 01:30:00,,,28.41508,77.04353,Nischal
2018-03-20 01:45:00,,,28.41508,77.04353,Nischal
2018-03-20 02:00:00,,,28.41508,77.04353,Nischal
2018-03-20 02:15:00,,,28.41508,77.04353,Nischal
2018-03-20 02:30:00,,,28.41508,77.04353,Nischal
2018-03-20 02:45:00,,,28.41508,77.04353,Nischal
2018-03-20 03:00:00,,,28.41508,77.04353,Nischal
2018-03-20 03:15:00,,,28.41508,77.04353,Nischal
2018-03-20 03:30:00,,,28.41508,77.04353,Nischal
2018-03-20 03:45:00,,,28.41508,77.04353,Nischal
2018-03-20 04:00:00,,,28.41508,77.04353,Nischal
2018-03-20 04:15:00,,,28.41508,77.04353,Nischal
2018-03-20 04:30:00,,,28.41508,77.04353,Nischal
2018-03-20 04:45:00,,,28.41508,77.04353,Nischal
2018-03-20 05:00:00,,,28.41508,77.04353,Nischal
2018-03-20 05:15:00,,,28.41508,77.04353,Nischal
2018-03-20 05:30:00,,,28.41508,77.04353,Nischal
2018-03-20 05:45:00,,,28.41508,77.04353,Nischal
2018-03-20 06:00:00,,,28.41508,77.04353,Nischal
2018-03-20 06:15:00,,,28.41508,77.04353,Nischal
2018-03-20 06:30:00,,,28.41508,77.04353,Nischal
2018-03-20 06:45:00,,,28.41508,77.04353,Nischal
2018-03-20 07:00:00,,,28.41508,77.04353,Nischal
2018-03-20 07:15:00,,,28.41508,77.04353,Nischal
2018-03-20 07:30:00,,,28.41508,77.04353,Nischal
2018-03-20 07:45:00,,,28.41508,77.04353,Nischal
2018-03-20 08:00:00,,,28.41508,77.04353,Nischal
2018-03-20 08:15:00,,,28.41508,77.04353,Nischal
2018-03-20 08:30:00,,,28.41508,77.04353,Nischal
2018-03-20 08:45:00,,,28.41508,77.04353,Nischal
2018-03-20 09:00:00,,,28.41508,77.04353,Nischal
2018-03-20 09:15:00,,,28.41508,77.04353,Nischal
2018-03-20 09:30:00,,,28.41508,77.04353,Nischal
2018-03-20 09:45:00,,,28.41508,77.04353,Nischal
2018-03-20 10:00:00,,,28.41508,77.04353,Nischal
2018-03-20 10:15:00,,,28.41508,77.04353,Nischal
2018-03-20 10:30:00,,,28.41508,77.04353,Nischal
2018-03-20 10:45:00,,,28.41508,77.04353,Nischal
2018-03-20 11:00:00,,,28.41508,77.04353,Nischal
2018-03-20 11:15:00,,,28.41508,77.04353,Nischal
2018-03-20 11:30:00,,,28.41508,77.04353,Nischal
2018-03-20 11:45:00,,,28.41508,77.04353,Nischal
2018-03-20 12:00:00,,,28.41508,77.04353,Nischal
2018-03-20 12:15:00,,,28.41508,77.04353,Nischal
2018-03-20 12:30:00,,,28.41508,77.04353,Nischal
2018-03-20 12:45:00,,,28.41508,77.04353,Nischal
2018-03-20 13:00:00,,,28.41508,77.04353,Nischal
2018-03-20 13:15:00,,,28.41508,77.04353,Nischal
2018-03-20 13:30:00,,,28.41508,77.04353,Nischal
2018-03-20 13:45:00,,,28.41508,77.04353,Nischal
2018-03-20 14:00:00,,,28.41508,77.04353,Nischal
2018-03-20 14:15:00,,,28.41508,77.04353,Nischal
2018-03-20 14:30:00,,,28.41508,77.04353,Nischal
2018-03-20 14:45:00,,,28.41508,77.04353,Nischal
2018-03-20 15:00:00,,,28.41508,77.04353,Nischal
2018-03-20 15:15:00,,,28.41508,77.04353,Nischal
2018-03-20 15:30:00,,,28.41508,77.04353,Nischal
2018-03-20 15:45:00,,,28.41508,77.04353,Nischal
2018-03-20 16:00:00,,,28.41508,77.04353,Nischal
2018-03-20 16:15:00,,,28.41508,77.04353,Nischal
2018-03-20 16:30:00,,,28.41508,77.04353,Nischal
2018-03-20 16:45:00,,,28.41508,77.04353,Nischal
2018-03-20 17:00:00,,,28.41508,77.04353,Nischal
2018-03-20 17:15:00,,,28.41508,77.04353,Nischal
2018-03-20 17:30:00,,,28.41508,77.04353,Nischal
2018-03-20 17:45:00,,,28.41508,77.04353,Nischal
2018-03-20 18:00:00,,,28.41508,77.04353,Nischal
2018-03-20 18:15:00,,,28.41508,77.04353,Nischal
2018-03-20 18:30:00,,,28.41508,77.04353,Nischal
2018-03-20 18:45:00,,,28.41508,77.04353,Nischal
2018-03-20 19:00:00,,,28.41508,77.04353,Nischal
2018-03-20 19:15:00,,,28.41508,77.04353,Nischal
2018-03-20 19:30:00,,,28.41508,77.04353,Nischal
2018-03-20 19:45:00,,,28.41508,77.04353,Nischal
2018-03-20 20:00:00,,,28.41508,77.04353,Nischal
2018-03-20 20:15:00,,,28.41508,77.04353,Nischal
2018-03-20 20:30:00,,,28.41508,77.04353,Nischal
2018-03-20 20:45:00,,,28.41508,77.04353,Nischal
2018-03-20 21:00:00,,,28.41508,77.04353,Nischal
2018-03-20 21:15:00,,,28.41508,77.04353,Nischal
2018-03-20 21:30:00,,,28.41508,77.04353,Nischal
2018-03-20 21:45:00,,,28.41508,77.04353,Nischal
2018-03-20 22:00:00,,,28.41508,77.04353,Nischal
2018-03-20 22:15:00,,,28.41508,77.04353,Nischal
2018-03-20 22:30:00,,,28.41508,77.04353,Nischal
2018-03-20 22:45:00,,,28.41508,77.04353,Nischal
2018-03-20 23:00:00,,,28.41508,77.04353,Nischal
2018-03-20 23:15:00,,,28.41508,77.04353,Nischal
2018-03-20 23:30:00,,,28.41508,77.04353,Nischal
2018-03-20 23:45:00,,,28.41508,77.04353,Nischal
2018-03-21 00:00:00,,,28.41508,77.04353,Nischal
2018-03-21 00:15:00,,,28.41508,77.04353,Nischal
2018-03-21 00:30:00,,,28.41508,77.04353,Nischal
2018-03-21 00:45:00,,,28.41508,77.04353,Nischal
2018-03-21 01:00:00,,,28.41508,77.04353,Nischal
2018-03-21 01:15:00,,,28.41508,77.04353,Nischal
2018-03-21 01:30:00,,,28.41508,77.04353,Nischal
2018-03-21 01:45:00,,,28.41508,77.04353,Nischal
2018-03-21 02:00:00,,,28.41508,77.04353,Nischal
2018-03-21 02:15:00,,,28.41508,77.04353,Nischal
2018-03-21 02:30:00,,,28.41508,77.04353,Nischal
2018-03-21 02:45:00,,,28.41508,77.04353,Nischal
2018-03-21 03:00:00,,,28.41508,77.04353,Nischal
2018-03-21 03:15:00,,,28.41508,77.04353,Nischal
2018-03-21 03:30:00,,,28.41508,77.04353,Nischal
2018-03-21 03:45:00,,,28.41508,77.04353,Nischal
2018-03-21 04:00:00,,,28.41508,77.04353,Nischal
2018-03-21 04:15:00,,,28.41508,77.04353,Nischal
2018-03-21 04:30:00,,,28.41508,77.04353,Nischal
2018-03-21 04:45:00,,,28.41508,77.04353,Nischal
2018-03-21 05:00:00,,,28.41508,77.04353,Nischal
2018-03-21 05:15:00,,,28.41508,77.04353,Nischal
2018-03-21 05:30:00,,,28.41508,77.04353,Nischal
2018-03-21 05:45:00,,,28.41508,77.04353,Nischal
2018-03-21 06:00:00,,,28.41508,77.04353,Nischal
2018-03-21 06:15:00,,,28.41508,77.04353,Nischal
2018-03-21 06:30:00,,,28.41508,77.04353,Nischal
2018-03-21 06:45:00,,,28.41508,77.04353,Nischal
2018-03-21 07:00:00,,,28.41508,77.04353,Nischal
2018-03-21 07:15:00,,,28.41508,77.04353,Nischal
2018-03-21 07:30:00,,,28.41508,77.04353,Nischal
2018-03-21 07:45:00,,,28.41508,77.04353,Nischal
2018-03-21 08:00:00,,,28.41508,77.04353,Nischal
2018-03-21 08:15:00,,,28.41508,77.04353,Nischal
2018-03-21 08:30:00,,,28.41508,77.04353,Nischal
2018-03-21 08:45:00,,,28.41508,77.04353,Nischal
2018-03-21 09:00:00,,,28.41508,77.04353,Nischal
2018-03-21 09:15:00,,,28.41508,77.04353,Nischal
2018-03-21 09:30:00,,,28.41508,77.04353,Nischal
2018-03-21 09:45:00,,,28.41508,77.04353,Nischal
2018-03-21 10:00:00,,,28.41508,77.04353,Nischal
2018-03-21 10:15:00,,,28.41508,77.04353,Nischal
2018-03-21 10:30:00,,,28.41508,77.04353,Nischal
2018-03-21 10:45:00,,,28.41508,77.04353,Nischal
2018-03-21 11:00:00,,,28.41508,77.04353,Nischal
2018-03-21 11:15:00,,,28.41508,77.04353,Nischal
2018-03-21 11:30:00,,,28.41508,77.04353,Nischal
2018-03-21 11:45:00,,,28.41508,77.04353,Nischal
2018-03-21 12:00:00,,,28.41508,77.04353,Nischal
2018-03-21 12:15:00,,,28.41508,77.04353,Nischal
2018-03-21 12:30:00,,,28.41508,77.04353,Nischal
2018-03-21 12:45:00,,,28.41508,77.04353,Nischal
2018-03-21 13:00:00,,,28.41508,77.04353,Nischal
2018-03-21 13:15:00,,,28.41508,77.04353,Nischal
2018-03-21 13:30:00,,,28.41508,77.04353,Nischal
2018-03-21 13:45:00,,,28.41508,77.04353,Nischal
2018-03-21 14:00:00,,,28.41508,77.04353,Nischal
2018-03-21 14:15:00,,,28.41508,77.04353,Nischal
2018-03-21 14:30:00,,,28.41508,77.04353,Nischal
2018-03-21 14:45:00,,,28.41508,77.04353,Nischal
2018-03-21 15:00:00,,,28.41508,77.04353,Nischal
2018-03-21 15:15:00,,,28.41508,77.04353,Nischal
2018-03-21 15:30:00,,,28.41508,77.04353,Nischal
2018-03-21 15:45:00,,,28.41508,77.04353,Nischal
2018-03-21 16:00:00,,,28.41508,77.04353,Nischal
2018-03-21 16:15:00,,,28.41508,77.04353,Nischal
2018-03-21 16:30:00,,,28.41508,77.04353,Nischal
2018-03-21 16:45:00,,,28.41508,77.04353,Nischal
2018-03-21 17:00:00,,,28.41508,77.04353,Nischal
2018-03-21 17:15:00,,,28.41508,77.04353,Nischal
2018-03-21 17:30:00,,,28.41508,77.04353,Nischal
2018-03-21 17:45:00,,,28.41508,77.04353,Nischal
2018-03-21 18:00:00,,,28.41508,77.04353,Nischal
2018-03-21 18:15:00,,,28.41508,77.04353,Nischal
2018-03-21 18:30:00,,,28.41508,77.04353,Nischal
2018-03-21 18:45:00,,,28.41508,77.04353,Nischal
2018-03-21 19:00:00,,,28.41508,77.04353,Nischal
2018-03-21 19:15:00,,,28.41508,77.04353,Nischal
2018-03-21 19:30:00,,,28.41508,77.04353,Nischal
2018-03-21 19:45:00,,,28.41508,77.04353,Nischal
2018-03-21 20:00:00,,,28.41508,77.04353,Nischal
2018-03-21 20:15:00,,,28.41508,77.04353,Nischal
2018-03-21 20:30:00,,,28.41508,77.04353,Nischal
2018-03-21 20:45:00,,,28.41508,77.04353,Nischal
2018-03-21 21:00:00,,,28.41508,77.04353,Nischal
2018-03-21 21:15:00,,,28.41508,77.04353,Nischal
2018-03-21 21:30:00,,,28.41508,77.04353,Nischal
2018-03-21 21:45:00,,,28.41508,77.04353,Nischal
2018-03-21 22:00:00,,,28.41508,77.04353,Nischal
2018-03-21 22:15:00,,,28.41508,77.04353,Nischal
2018-03-21 22:30:00,,,28.41508,77.04353,Nischal
2018-03-21 22:45:00,,,28.41508,77.04353,Nischal
2018-03-21 23:00:00,,,28.41508,77.04353,Nischal
2018-03-21 23:15:00,,,28.41508,77.04353,Nischal
2018-03-21 23:30:00,,,28.41508,77.04353,Nischal
2018-03-21 23:45:00,,,28.41508,77.04353,Nischal
2018-03-22 00:00:00,,,28.41508,77.04353,Nischal
2018-03-22 00:15:00,,,28.41508,77.04353,Nischal
2018-03-22 00:30:00,,,28.41508,77.04353,Nischal
2018-03-22 00:45:00,,,28.41508,77.04353,Nischal
2018-03-22 01:00:00,,,28.41508,77.04353,Nischal
2018-03-22 01:15:00,,,28.41508,77.04353,Nischal
2018-03-22 01:30:00,,,28.41508,77.04353,Nischal
2018-03-22 01:45:00,,,28.41508,77.04353,Nischal
2018-03-22 02:00:00,,,28.41508,77.04353,Nischal
2018-03-22 02:15:00,,,28.41508,77.04353,Nischal
2018-03-22 02:30:00,,,28.41508,77.04353,Nischal
2018-03-22 02:45:00,,,28.41508,77.04353,Nischal
2018-03-22 03:00:00,,,28.41508,77.04353,Nischal
2018-03-22 03:15:00,,,28.41508,77.04353,Nischal
2018-03-22 03:30:00,,,28.41508,77.04353,Nischal
2018-03-22 03:45:00,,,28.41508,77.04353,Nischal
2018-03-22 04:00:00,,,28.41508,77.04353,Nischal
2018-03-22 04:15:00,,,28.41508,77.04353,Nischal
2018-03-22 04:30:00,,,28.41508,77.04353,Nischal
2018-03-22 04:45:00,,,28.41508,77.04353,Nischal
2018-03-22 05:00:00,,,28.41508,77.04353,Nischal
2018-03-22 05:15:00,,,28.41508,77.04353,Nischal
2018-03-22 05:30:00,,,28.41508,77.04353,Nischal
2018-03-22 05:45:00,,,28.41508,77.04353,Nischal
2018-03-22 06:00:00,,,28.41508,77.04353,Nischal
2018-03-22 06:15:00,,,28.41508,77.04353,Nischal
2018-03-22 06:30:00,,,28.41508,77.04353,Nischal
2018-03-22 06:45:00,,,28.41508,77.04353,Nischal
2018-03-22 07:00:00,,,28.41508,77.04353,Nischal
2018-03-22 07:15:00,,,28.41508,77.04353,Nischal
2018-03-22 07:30:00,,,28.41508,77.04353,Nischal
2018-03-22 07:45:00,,,28.41508,77.04353,Nischal
2018-03-22 08:00:00,,,28.41508,77.04353,Nischal
2018-03-22 08:15:00,,,28.41508,77.04353,Nischal
2018-03-22 08:30:00,,,28.41508,77.04353,Nischal
2018-03-22 08:45:00,,,28.41508,77.04353,Nischal
2018-03-22 09:00:00,,,28.41508,77.04353,Nischal
2018-03-22 09:15:00,,,28.41508,77.04353,Nischal
2018-03-22 09:30:00,,,28.41508,77.04353,Nischal
2018-03-22 09:45:00,,,28.41508,77.04353,Nischal
2018-03-22 10:00:00,,,28.41508,77.04353,Nischal
2018-03-22 10:15:00,,,28.41508,77.04353,Nischal
2018-03-22 10:30:00,,,28.41508,77.04353,Nischal
2018-03-22 10:45:00,,,28.41508,77.04353,Nischal
2018-03-22 11:00:00,,,28.41508,77.04353,Nischal
2018-03-22 11:15:00,,,28.41508,77.04353,Nischal
2018-03-22 11:30:00,,,28.41508,77.04353,Nischal
2018-03-22 11:45:00,,,28.41508,77.04353,Nischal
2018-03-22 12:00:00,,,28.41508,77.04353,Nischal
2018-03-22 12:15:00,,,28.41508,77.04353,Nischal
2018-03-22 12:30:00,,,28.41508,77.04353,Nischal
2018-03-22 12:45:00,,,28.41508,77.04353,Nischal
2018-03-22 13:00:00,,,28.41508,77.04353,Nischal
2018-03-22 13:15:00,,,28.41508,77.04353,Nischal
2018-03-22 13:30:00,,,28.41508,77.04353,Nischal
2018-03-22 13:45:00,,,28.41508,77.04353,Nischal
2018-03-22 14:00:00,,,28.41508,77.04353,Nischal
2018-03-22 14:15:00,,,28.41508,77.04353,Nischal
2018-03-22 14:30:00,,,28.41508,77.04353,Nischal
2018-03-22 14:45:00,,,28.41508,77.04353,Nischal
2018-03-22 15:00:00,,,28.41508,77.04353,Nischal
2018-03-22 15:15:00,,,28.41508,77.04353,Nischal
2018-03-22 15:30:00,,,28.41508,77.04353,Nischal
2018-03-22 15:45:00,,,28.41508,77.04353,Nischal
2018-03-22 16:00:00,,,28.41508,77.04353,Nischal
2018-03-22 16:15:00,,,28.41508,77.04353,Nischal
2018-03-22 16:30:00,,,28.41508,77.04353,Nischal
2018-03-22 16:45:00,,,28.41508,77.04353,Nischal
2018-03-22 17:00:00,,,28.41508,77.04353,Nischal
2018-03-22 17:15:00,,,28.41508,77.04353,Nischal
2018-03-22 17:30:00,,,28.41508,77.04353,Nischal
2018-03-22 17:45:00,,,28.41508,77.04353,Nischal
2018-03-22 18:00:00,,,28.41508,77.04353,Nischal
2018-03-22 18:15:00,,,28.41508,77.04353,Nischal
2018-03-22 18:30:00,,,28.41508,77.04353,Nischal
2018-03-22 18:45:00,,,28.41508,77.04353,Nischal
2018-03-22 19:00:00,,,28.41508,77.04353,Nischal
2018-03-22 19:15:00,,,28.41508,77.04353,Nischal
2018-03-22 19:30:00,,,28.41508,77.04353,Nischal
2018-03-22 19:45:00,,,28.41508,77.04353,Nischal
2018-03-22 20:00:00,,,28.41508,77.04353,Nischal
2018-03-22 20:15:00,,,28.41508,77.04353,Nischal
2018-03-22 20:30:00,,,28.41508,77.04353,Nischal
2018-03-22 20:45:00,,,28.41508,77.04353,Nischal
2018-03-22 21:00:00,,,28.41508,77.04353,Nischal
2018-03-22 21:15:00,,,28.41508,77.04353,Nischal
2018-03-22 21:30:00,,,28.41508,77.04353,Nischal
2018-03-22 21:45:00,,,28.41508,77.04353,Nischal
2018-03-22 22:00:00,,,28.41508,77.04353,Nischal
2018-03-22 22:15:00,,,28.41508,77.04353,Nischal
2018-03-22 22:30:00,,,28.41508,77.04353,Nischal
2018-03-22 22:45:00,,,28.41508,77.04353,Nischal
2018-03-22 23:00:00,,,28.41508,77.04353,Nischal
2018-03-22 23:15:00,,,28.41508,77.04353,Nischal
2018-03-22 23:30:00,,,28.41508,77.04353,Nischal
2018-03-22 23:45:00,,,28.41508,77.04353,Nischal
2018-03-23 00:00:00,,,28.41508,77.04353,Nischal
2018-03-23 00:15:00,,,28.41508,77.04353,Nischal
2018-03-23 00:30:00,,,28.41508,77.04353,Nischal
2018-03-23 00:45:00,,,28.41508,77.04353,Nischal
2018-03-23 01:00:00,,,28.41508,77.04353,Nischal
2018-03-23 01:15:00,,,28.41508,77.04353,Nischal
2018-03-23 01:30:00,,,28.41508,77.04353,Nischal
2018-03-23 01:45:00,,,28.41508,77.04353,Nischal
2018-03-23 02:00:00,,,28.41508,77.04353,Nischal
2018-03-23 02:15:00,,,28.41508,77.04353,Nischal
2018-03-23 02:30:00,,,28.41508,77.04353,Nischal
2018-03-23 02:45:00,,,28.41508,77.04353,Nischal
2018-03-23 03:00:00,,,28.41508,77.04353,Nischal
2018-03-23 03:15:00,,,28.41508,77.04353,Nischal
2018-03-23 03:30:00,,,28.41508,77.04353,Nischal
2018-03-23 03:45:00,,,28.41508,77.04353,Nischal
2018-03-23 04:00:00,,,28.41508,77.04353,Nischal
2018-03-23 04:15:00,,,28.41508,77.04353,Nischal
2018-03-23 04:30:00,,,28.41508,77.04353,Nischal
2018-03-23 04:45:00,,,28.41508,77.04353,Nischal
2018-03-23 05:00:00,,,28.41508,77.04353,Nischal
2018-03-23 05:15:00,,,28.41508,77.04353,Nischal
2018-03-23 05:30:00,,,28.41508,77.04353,Nischal
2018-03-23 05:45:00,,,28.41508,77.04353,Nischal
2018-03-23 06:00:00,,,28.41508,77.04353,Nischal
2018-03-23 06:15:00,,,28.41508,77.04353,Nischal
2018-03-23 06:30:00,,,28.41508,77.04353,Nischal
2018-03-23 06:45:00,,,28.41508,77.04353,Nischal
2018-03-23 07:00:00,,,28.41508,77.04353,Nischal
2018-03-23 07:15:00,,,28.41508,77.04353,Nischal
2018-03-23 07:30:00,,,28.41508,77.04353,Nischal
2018-03-23 07:45:00,,,28.41508,77.04353,Nischal
2018-03-23 08:00:00,,,28.41508,77.04353,Nischal
2018-03-23 08:15:00,,,28.41508,77.04353,Nischal
2018-03-23 08:30:00,,,28.41508,77.04353,Nischal
2018-03-23 08:45:00,,,28.41508,77.04353,Nischal
2018-03-23 09:00:00,,,28.41508,77.04353,Nischal
2018-03-23 09:15:00,,,28.41508,77.04353,Nischal
2018-03-23 09:30:00,,,28.41508,77.04353,Nischal
2018-03-23 09:45:00,,,28.41508,77.04353,Nischal
2018-03-23 10:00:00,,,28.41508,77.04353,Nischal
2018-03-23 10:15:00,,,28.41508,77.04353,Nischal
2018-03-23 10:30:00,,,28.41508,77.04353,Nischal
2018-03-23 10:45:00,,,28.41508,77.04353,Nischal
2018-03-23 11:00:00,,,28.41508,77.04353,Nischal
2018-03-23 11:15:00,,,28.41508,77.04353,Nischal
2018-03-23 11:30:00,,,28.41508,77.04353,Nischal
2018-03-23 11:45:00,,,28.41508,77.04353,Nischal
2018-03-23 12:00:00,,,28.41508,77.04353,Nischal
2018-03-23 12:15:00,,,28.41508,77.04353,Nischal
2018-03-23 12:30:00,,,28.41508,77.04353,Nischal
2018-03-23 12:45:00,,,28.41508,77.04353,Nischal
2018-03-23 13:00:00,,,28.41508,77.04353,Nischal
2018-03-23 13:15:00,,,28.41508,77.04353,Nischal
2018-03-23 13:30:00,,,28.41508,77.04353,Nischal
2018-03-23 13:45:00,,,28.41508,77.04353,Nischal
2018-03-23 14:00:00,,,28.41508,77.04353,Nischal
2018-03-23 14:15:00,,,28.41508,77.04353,Nischal
2018-03-23 14:30:00,,,28.41508,77.04353,Nischal
2018-03-23 14:45:00,,,28.41508,77.04353,Nischal
2018-03-23 15:00:00,,,28.41508,77.04353,Nischal
2018-03-23 15:15:00,,,28.41508,77.04353,Nischal
2018-03-23 15:30:00,,,28.41508,77.04353,Nischal
2018-03-23 15:45:00,,,28.41508,77.04353,Nischal
2018-03-23 16:00:00,,,28.41508,77.04353,Nischal
2018-03-23 16:15:00,,,28.41508,77.04353,Nischal
2018-03-23 16:30:00,,,28.41508,77.04353,Nischal
2018-03-23 16:45:00,,,28.41508,77.04353,Nischal
2018-03-23 17:00:00,,,28.41508,77.04353,Nischal
2018-03-23 17:15:00,,,28.41508,77.04353,Nischal
2018-03-23 17:30:00,,,28.41508,77.04353,Nischal
2018-03-23 17:45:00,,,28.41508,77.04353,Nischal
2018-03-23 18:00:00,,,28.41508,77.04353,Nischal
2018-03-23 18:15:00,,,28.41508,77.04353,Nischal
2018-03-23 18:30:00,,,28.41508,77.04353,Nischal
2018-03-23 18:45:00,,,28.41508,77.04353,Nischal
2018-03-23 19:00:00,,,28.41508,77.04353,Nischal
2018-03-23 19:15:00,,,28.41508,77.04353,Nischal
2018-03-23 19:30:00,,,28.41508,77.04353,Nischal
2018-03-23 19:45:00,,,28.41508,77.04353,Nischal
2018-03-23 20:00:00,,,28.41508,77.04353,Nischal
2018-03-23 20:15:00,,,28.41508,77.04353,Nischal
2018-03-23 20:30:00,,,28.41508,77.04353,Nischal
2018-03-23 20:45:00,,,28.41508,77.04353,Nischal
2018-03-23 21:00:00,,,28.41508,77.04353,Nischal
2018-03-23 21:15:00,,,28.41508,77.04353,Nischal
2018-03-23 21:30:00,,,28.41508,77.04353,Nischal
2018-03-23 21:45:00,,,28.41508,77.04353,Nischal
2018-03-23 22:00:00,,,28.41508,77.04353,Nischal
2018-03-23 22:15:00,,,28.41508,77.04353,Nischal
2018-03-23 22:30:00,,,28.41508,77.04353,Nischal
2018-03-23 22:45:00,,,28.41508,77.04353,Nischal
2018-03-23 23:00:00,,,28.41508,77.04353,Nischal
2018-03-23 23:15:00,,,28.41508,77.04353,Nischal
2018-03-23 23:30:00,,,28.41508,77.04353,Nischal
2018-03-23 23:45:00,,,28.41508,77.04353,Nischal
2018-03-24 00:00:00,,,28.41508,77.04353,Nischal
2018-03-24 00:15:00,,,28.41508,77.04353,Nischal
2018-03-24 00:30:00,,,28.41508,77.04353,Nischal
2018-03-24 00:45:00,,,28.41508,77.04353,Nischal
2018-03-24 01:00:00,,,28.41508,77.04353,Nischal
2018-03-24 01:15:00,,,28.41508,77.04353,Nischal
2018-03-24 01:30:00,,,28.41508,77.04353,Nischal
2018-03-24 01:45:00,,,28.41508,77.04353,Nischal
2018-03-24 02:00:00,,,28.41508,77.04353,Nischal
2018-03-24 02:15:00,,,28.41508,77.04353,Nischal
2018-03-24 02:30:00,,,28.41508,77.04353,Nischal
2018-03-24 02:45:00,,,28.41508,77.04353,Nischal
2018-03-24 03:00:00,,,28.41508,77.04353,Nischal
2018-03-24 03:15:00,,,28.41508,77.04353,Nischal
2018-03-24 03:30:00,,,28.41508,77.04353,Nischal
2018-03-24 03:45:00,,,28.41508,77.04353,Nischal
2018-03-24 04:00:00,,,28.41508,77.04353,Nischal
2018-03-24 04:15:00,,,28.41508,77.04353,Nischal
2018-03-24 04:30:00,,,28.41508,77.04353,Nischal
2018-03-24 04:45:00,,,28.41508,77.04353,Nischal
2018-03-24 05:00:00,,,28.41508,77.04353,Nischal
2018-03-24 05:15:00,,,28.41508,77.04353,Nischal
2018-03-24 05:30:00,,,28.41508,77.04353,Nischal
2018-03-24 05:45:00,,,28.41508,77.04353,Nischal
2018-03-24 06:00:00,,,28.41508,77.04353,Nischal
2018-03-24 06:15:00,,,28.41508,77.04353,Nischal
2018-03-24 06:30:00,,,28.41508,77.04353,Nischal
2018-03-24 06:45:00,,,28.41508,77.04353,Nischal
2018-03-24 07:00:00,,,28.41508,77.04353,Nischal
2018-03-24 07:15:00,,,28.41508,77.04353,Nischal
2018-03-24 07:30:00,,,28.41508,77.04353,Nischal
2018-03-24 07:45:00,,,28.41508,77.04353,Nischal
2018-03-24 08:00:00,,,28.41508,77.04353,Nischal
2018-03-24 08:15:00,,,28.41508,77.04353,Nischal
2018-03-24 08:30:00,,,28.41508,77.04353,Nischal
2018-03-24 08:45:00,,,28.41508,77.04353,Nischal
2018-03-24 09:00:00,,,28.41508,77.04353,Nischal
2018-03-24 09:15:00,,,28.41508,77.04353,Nischal
2018-03-24 09:30:00,,,28.41508,77.04353,Nischal
2018-03-24 09:45:00,,,28.41508,77.04353,Nischal
2018-03-24 10:00:00,,,28.41508,77.04353,Nischal
2018-03-24 10:15:00,,,28.41508,77.04353,Nischal
2018-03-24 10:30:00,,,28.41508,77.04353,Nischal
2018-03-24 10:45:00,,,28.41508,77.04353,Nischal
2018-03-24 11:00:00,,,28.41508,77.04353,Nischal
2018-03-24 11:15:00,,,28.41508,77.04353,Nischal
2018-03-24 11:30:00,,,28.41508,77.04353,Nischal
2018-03-24 11:45:00,,,28.41508,77.04353,Nischal
2018-03-24 12:00:00,,,28.41508,77.04353,Nischal
2018-03-24 12:15:00,,,28.41508,77.04353,Nischal
2018-03-24 12:30:00,,,28.41508,77.04353,Nischal
2018-03-24 12:45:00,,,28.41508,77.04353,Nischal
2018-03-24 13:00:00,,,28.41508,77.04353,Nischal
2018-03-24 13:15:00,,,28.41508,77.04353,Nischal
2018-03-24 13:30:00,,,28.41508,77.04353,Nischal
2018-03-24 13:45:00,,,28.41508,77.04353,Nischal
2018-03-24 14:00:00,,,28.41508,77.04353,Nischal
2018-03-24 14:15:00,,,28.41508,77.04353,Nischal
2018-03-24 14:30:00,,,28.41508,77.04353,Nischal
2018-03-24 14:45:00,,,28.41508,77.04353,Nischal
2018-03-24 15:00:00,,,28.41508,77.04353,Nischal
2018-03-24 15:15:00,,,28.41508,77.04353,Nischal
2018-03-24 15:30:00,,,28.41508,77.04353,Nischal
2018-03-24 15:45:00,,,28.41508,77.04353,Nischal
2018-03-24 16:00:00,,,28.41508,77.04353,Nischal
2018-03-24 16:15:00,,,28.41508,77.04353,Nischal
2018-03-24 16:30:00,,,28.41508,77.04353,Nischal
2018-03-24 16:45:00,,,28.41508,77.04353,Nischal
2018-03-24 17:00:00,,,28.41508,77.04353,Nischal
2018-03-24 17:15:00,,,28.41508,77.04353,Nischal
2018-03-24 17:30:00,,,28.41508,77.04353,Nischal
2018-03-24 17:45:00,,,28.41508,77.04353,Nischal
2018-03-24 18:00:00,,,28.41508,77.04353,Nischal
2018-03-24 18:15:00,,,28.41508,77.04353,Nischal
2018-03-24 18:30:00,,,28.41508,77.04353,Nischal
2018-03-24 18:45:00,,,28.41508,77.04353,Nischal
2018-03-24 19:00:00,,,28.41508,77.04353,Nischal
2018-03-24 19:15:00,,,28.41508,77.04353,Nischal
2018-03-24 19:30:00,,,28.41508,77.04353,Nischal
2018-03-24 19:45:00,,,28.41508,77.04353,Nischal
2018-03-24 20:00:00,,,28.41508,77.04353,Nischal
2018-03-24 20:15:00,,,28.41508,77.04353,Nischal
2018-03-24 20:30:00,,,28.41508,77.04353,Nischal
2018-03-24 20:45:00,,,28.41508,77.04353,Nischal
2018-03-24 21:00:00,,,28.41508,77.04353,Nischal
2018-03-24 21:15:00,,,28.41508,77.04353,Nischal
2018-03-24 21:30:00,,,28.41508,77.04353,Nischal
2018-03-24 21:45:00,,,28.41508,77.04353,Nischal
2018-03-24 22:00:00,,,28.41508,77.04353,Nischal
2018-03-24 22:15:00,,,28.41508,77.04353,Nischal
2018-03-24 22:30:00,,,28.41508,77.04353,Nischal
2018-03-24 22:45:00,,,28.41508,77.04353,Nischal
2018-03-24 23:00:00,,,28.41508,77.04353,Nischal
2018-03-24 23:15:00,,,28.41508,77.04353,Nischal
2018-03-24 23:30:00,,,28.41508,77.04353,Nischal
2018-03-24 23:45:00,,,28.41508,77.04353,Nischal
2018-03-25 00:00:00,,,28.41508,77.04353,Nischal
2018-03-25 00:15:00,,,28.41508,77.04353,Nischal
2018-03-25 00:30:00,,,28.41508,77.04353,Nischal
2018-03-25 00:45:00,,,28.41508,77.04353,Nischal
2018-03-25 01:00:00,,,28.41508,77.04353,Nischal
2018-03-25 01:15:00,,,28.41508,77.04353,Nischal
2018-03-25 01:30:00,,,28.41508,77.04353,Nischal
2018-03-25 01:45:00,,,28.41508,77.04353,Nischal
2018-03-25 02:00:00,,,28.41508,77.04353,Nischal
2018-03-25 02:15:00,,,28.41508,77.04353,Nischal
2018-03-25 02:30:00,,,28.41508,77.04353,Nischal
2018-03-25 02:45:00,,,28.41508,77.04353,Nischal
2018-03-25 03:00:00,,,28.41508,77.04353,Nischal
2018-03-25 03:15:00,,,28.41508,77.04353,Nischal
2018-03-25 03:30:00,,,28.41508,77.04353,Nischal
2018-03-25 03:45:00,,,28.41508,77.04353,Nischal
2018-03-25 04:00:00,,,28.41508,77.04353,Nischal
2018-03-25 04:15:00,,,28.41508,77.04353,Nischal
2018-03-25 04:30:00,,,28.41508,77.04353,Nischal
2018-03-25 04:45:00,,,28.41508,77.04353,Nischal
2018-03-25 05:00:00,,,28.41508,77.04353,Nischal
2018-03-25 05:15:00,,,28.41508,77.04353,Nischal
2018-03-25 05:30:00,,,28.41508,77.04353,Nischal
2018-03-25 05:45:00,,,28.41508,77.04353,Nischal
2018-03-25 06:00:00,,,28.41508,77.04353,Nischal
2018-03-25 06:15:00,,,28.41508,77.04353,Nischal
2018-03-25 06:30:00,,,28.41508,77.04353,Nischal
2018-03-25 06:45:00,,,28.41508,77.04353,Nischal
2018-03-25 07:00:00,,,28.41508,77.04353,Nischal
2018-03-25 07:15:00,,,28.41508,77.04353,Nischal
2018-03-25 07:30:00,,,28.41508,77.04353,Nischal
2018-03-25 07:45:00,,,28.41508,77.04353,Nischal
2018-03-25 08:00:00,,,28.41508,77.04353,Nischal
2018-03-25 08:15:00,,,28.41508,77.04353,Nischal
2018-03-25 08:30:00,,,28.41508,77.04353,Nischal
2018-03-25 08:45:00,,,28.41508,77.04353,Nischal
2018-03-25 09:00:00,,,28.41508,77.04353,Nischal
2018-03-25 09:15:00,,,28.41508,77.04353,Nischal
2018-03-25 09:30:00,,,28.41508,77.04353,Nischal
2018-03-25 09:45:00,,,28.41508,77.04353,Nischal
2018-03-25 10:00:00,,,28.41508,77.04353,Nischal
2018-03-25 10:15:00,,,28.41508,77.04353,Nischal
2018-03-25 10:30:00,,,28.41508,77.04353,Nischal
2018-03-25 10:45:00,,,28.41508,77.04353,Nischal
2018-03-25 11:00:00,,,28.41508,77.04353,Nischal
2018-03-25 11:15:00,,,28.41508,77.04353,Nischal
2018-03-25 11:30:00,,,28.41508,77.04353,Nischal
2018-03-25 11:45:00,,,28.41508,77.04353,Nischal
2018-03-25 12:00:00,,,28.41508,77.04353,Nischal
2018-03-25 12:15:00,,,28.41508,77.04353,Nischal
2018-03-25 12:30:00,,,28.41508,77.04353,Nischal
2018-03-25 12:45:00,,,28.41508,77.04353,Nischal
2018-03-25 13:00:00,,,28.41508,77.04353,Nischal
2018-03-25 13:15:00,,,28.41508,77.04353,Nischal
2018-03-25 13:30:00,,,28.41508,77.04353,Nischal
2018-03-25 13:45:00,,,28.41508,77.04353,Nischal
2018-03-25 14:00:00,,,28.41508,77.04353,Nischal
2018-03-25 14:15:00,,,28.41508,77.04353,Nischal
2018-03-25 14:30:00,,,28.41508,77.04353,Nischal
2018-03-25 14:45:00,,,28.41508,77.04353,Nischal
2018-03-25 15:00:00,,,28.41508,77.04353,Nischal
2018-03-25 15:15:00,,,28.41508,77.04353,Nischal
2018-03-25 15:30:00,,,28.41508,77.04353,Nischal
2018-03-25 15:45:00,,,28.41508,77.04353,Nischal
2018-03-25 16:00:00,,,28.41508,77.04353,Nischal
2018-03-25 16:15:00,,,28.41508,77.04353,Nischal
2018-03-25 16:30:00,,,28.41508,77.04353,Nischal
2018-03-25 16:45:00,,,28.41508,77.04353,Nischal
2018-03-25 17:00:00,,,28.41508,77.04353,Nischal
2018-03-25 17:15:00,,,28.41508,77.04353,Nischal
2018-03-25 17:30:00,,,28.41508,77.04353,Nischal
2018-03-25 17:45:00,,,28.41508,77.04353,Nischal
2018-03-25 18:00:00,,,28.41508,77.04353,Nischal
2018-03-25 18:15:00,,,28.41508,77.04353,Nischal
2018-03-25 18:30:00,,,28.41508,77.04353,Nischal
2018-03-25 18:45:00,,,28.41508,77.04353,Nischal
2018-03-25 19:00:00,,,28.41508,77.04353,Nischal
2018-03-25 19:15:00,,,28.41508,77.04353,Nischal
2018-03-25 19:30:00,,,28.41508,77.04353,Nischal
2018-03-25 19:45:00,,,28.41508,77.04353,Nischal
2018-03-25 20:00:00,,,28.41508,77.04353,Nischal
2018-03-25 20:15:00,,,28.41508,77.04353,Nischal
2018-03-25 20:30:00,,,28.41508,77.04353,Nischal
2018-03-25 20:45:00,,,28.41508,77.04353,Nischal
2018-03-25 21:00:00,,,28.41508,77.04353,Nischal
2018-03-25 21:15:00,,,28.41508,77.04353,Nischal
2018-03-25 21:30:00,,,28.41508,77.04353,Nischal
2018-03-25 21:45:00,,,28.41508,77.04353,Nischal
2018-03-25 22:00:00,,,28.41508,77.04353,Nischal
2018-03-25 22:15:00,,,28.41508,77.04353,Nischal
2018-03-25 22:30:00,,,28.41508,77.04353,Nischal
2018-03-25 22:45:00,,,28.41508,77.04353,Nischal
2018-03-25 23:00:00,,,28.41508,77.04353,Nischal
2018-03-25 23:15:00,,,28.41508,77.04353,Nischal
2018-03-25 23:30:00,,,28.41508,77.04353,Nischal
2018-03-25 23:45:00,,,28.41508,77.04353,Nischal
2018-03-26 00:00:00,,,28.41508,77.04353,Nischal
2018-03-26 00:15:00,,,28.41508,77.04353,Nischal
2018-03-26 00:30:00,,,28.41508,77.04353,Nischal
2018-03-26 00:45:00,,,28.41508,77.04353,Nischal
2018-03-26 01:00:00,,,28.41508,77.04353,Nischal
2018-03-26 01:15:00,,,28.41508,77.04353,Nischal
2018-03-26 01:30:00,,,28.41508,77.04353,Nischal
2018-03-26 01:45:00,,,28.41508,77.04353,Nischal
2018-03-26 02:00:00,,,28.41508,77.04353,Nischal
2018-03-26 02:15:00,,,28.41508,77.04353,Nischal
2018-03-26 02:30:00,,,28.41508,77.04353,Nischal
2018-03-26 02:45:00,,,28.41508,77.04353,Nischal
2018-03-26 03:00:00,,,28.41508,77.04353,Nischal
2018-03-26 03:15:00,,,28.41508,77.04353,Nischal
2018-03-26 03:30:00,,,28.41508,77.04353,Nischal
2018-03-26 03:45:00,,,28.41508,77.04353,Nischal
2018-03-26 04:00:00,,,28.41508,77.04353,Nischal
2018-03-26 04:15:00,,,28.41508,77.04353,Nischal
2018-03-26 04:30:00,,,28.41508,77.04353,Nischal
2018-03-26 04:45:00,,,28.41508,77.04353,Nischal
2018-03-26 05:00:00,,,28.41508,77.04353,Nischal
2018-03-26 05:15:00,,,28.41508,77.04353,Nischal
2018-03-26 05:30:00,,,28.41508,77.04353,Nischal
2018-03-26 05:45:00,,,28.41508,77.04353,Nischal
2018-03-26 06:00:00,,,28.41508,77.04353,Nischal
2018-03-26 06:15:00,,,28.41508,77.04353,Nischal
2018-03-26 06:30:00,,,28.41508,77.04353,Nischal
2018-03-26 06:45:00,,,28.41508,77.04353,Nischal
2018-03-26 07:00:00,,,28.41508,77.04353,Nischal
2018-03-26 07:15:00,,,28.41508,77.04353,Nischal
2018-03-26 07:30:00,,,28.41508,77.04353,Nischal
2018-03-26 07:45:00,,,28.41508,77.04353,Nischal
2018-03-26 08:00:00,,,28.41508,77.04353,Nischal
2018-03-26 08:15:00,,,28.41508,77.04353,Nischal
2018-03-26 08:30:00,,,28.41508,77.04353,Nischal
2018-03-26 08:45:00,,,28.41508,77.04353,Nischal
2018-03-26 09:00:00,,,28.41508,77.04353,Nischal
2018-03-26 09:15:00,,,28.41508,77.04353,Nischal
2018-03-26 09:30:00,,,28.41508,77.04353,Nischal
2018-03-26 09:45:00,,,28.41508,77.04353,Nischal
2018-03-26 10:00:00,,,28.41508,77.04353,Nischal
2018-03-26 10:15:00,,,28.41508,77.04353,Nischal
2018-03-26 10:30:00,,,28.41508,77.04353,Nischal
2018-03-26 10:45:00,,,28.41508,77.04353,Nischal
2018-03-26 11:00:00,,,28.41508,77.04353,Nischal
2018-03-26 11:15:00,,,28.41508,77.04353,Nischal
2018-03-26 11:30:00,,,28.41508,77.04353,Nischal
2018-03-26 11:45:00,,,28.41508,77.04353,Nischal
2018-03-26 12:00:00,,,28.41508,77.04353,Nischal
2018-03-26 12:15:00,,,28.41508,77.04353,Nischal
2018-03-26 12:30:00,,,28.41508,77.04353,Nischal
2018-03-26 12:45:00,,,28.41508,77.04353,Nischal
2018-03-26 13:00:00,,,28.41508,77.04353,Nischal
2018-03-26 13:15:00,,,28.41508,77.04353,Nischal
2018-03-26 13:30:00,,,28.41508,77.04353,Nischal
2018-03-26 13:45:00,,,28.41508,77.04353,Nischal
2018-03-26 14:00:00,,,28.41508,77.04353,Nischal
2018-03-26 14:15:00,,,28.41508,77.04353,Nischal
2018-03-26 14:30:00,,,28.41508,77.04353,Nischal
2018-03-26 14:45:00,,,28.41508,77.04353,Nischal
2018-03-26 15:00:00,,,28.41508,77.04353,Nischal
2018-03-26 15:15:00,,,28.41508,77.04353,Nischal
2018-03-26 15:30:00,,,28.41508,77.04353,Nischal
2018-03-26 15:45:00,,,28.41508,77.04353,Nischal
2018-03-26 16:00:00,,,28.41508,77.04353,Nischal
2018-03-26 16:15:00,,,28.41508,77.04353,Nischal
2018-03-26 16:30:00,,,28.41508,77.04353,Nischal
2018-03-26 16:45:00,,,28.41508,77.04353,Nischal
2018-03-26 17:00:00,,,28.41508,77.04353,Nischal
2018-03-26 17:15:00,,,28.41508,77.04353,Nischal
2018-03-26 17:30:00,,,28.41508,77.04353,Nischal
2018-03-26 17:45:00,,,28.41508,77.04353,Nischal
2018-03-26 18:00:00,,,28.41508,77.04353,Nischal
2018-03-26 18:15:00,,,28.41508,77.04353,Nischal
2018-03-26 18:30:00,,,28.41508,77.04353,Nischal
2018-03-26 18:45:00,,,28.41508,77.04353,Nischal
2018-03-26 19:00:00,,,28.41508,77.04353,Nischal
2018-03-26 19:15:00,,,28.41508,77.04353,Nischal
2018-03-26 19:30:00,,,28.41508,77.04353,Nischal
2018-03-26 19:45:00,,,28.41508,77.04353,Nischal
2018-03-26 20:00:00,,,28.41508,77.04353,Nischal
2018-03-26 20:15:00,,,28.41508,77.04353,Nischal
2018-03-26 20:30:00,,,28.41508,77.04353,Nischal
2018-03-26 20:45:00,,,28.41508,77.04353,Nischal
2018-03-26 21:00:00,,,28.41508,77.04353,Nischal
2018-03-26 21:15:00,,,28.41508,77.04353,Nischal
2018-03-26 21:30:00,,,28.41508,77.04353,Nischal
2018-03-26 21:45:00,,,28.41508,77.04353,Nischal
2018-03-26 22:00:00,,,28.41508,77.04353,Nischal
2018-03-26 22:15:00,,,28.41508,77.04353,Nischal
2018-03-26 22:30:00,,,28.41508,77.04353,Nischal
2018-03-26 22:45:00,,,28.41508,77.04353,Nischal
2018-03-26 23:00:00,,,28.41508,77.04353,Nischal
2018-03-26 23:15:00,,,28.41508,77.04353,Nischal
2018-03-26 23:30:00,,,28.41508,77.04353,Nischal
2018-03-26 23:45:00,,,28.41508,77.04353,Nischal
2018-03-27 00:00:00,,,28.41508,77.04353,Nischal
2018-03-27 00:15:00,,,28.41508,77.04353,Nischal
2018-03-27 00:30:00,,,28.41508,77.04353,Nischal
2018-03-27 00:45:00,,,28.41508,77.04353,Nischal
2018-03-27 01:00:00,,,28.41508,77.04353,Nischal
2018-03-27 01:15:00,,,28.41508,77.04353,Nischal
2018-03-27 01:30:00,,,28.41508,77.04353,Nischal
2018-03-27 01:45:00,,,28.41508,77.04353,Nischal
2018-03-27 02:00:00,,,28.41508,77.04353,Nischal
2018-03-27 02:15:00,,,28.41508,77.04353,Nischal
2018-03-27 02:30:00,,,28.41508,77.04353,Nischal
2018-03-27 02:45:00,,,28.41508,77.04353,Nischal
2018-03-27 03:00:00,,,28.41508,77.04353,Nischal
2018-03-27 03:15:00,,,28.41508,77.04353,Nischal
2018-03-27 03:30:00,,,28.41508,77.04353,Nischal
2018-03-27 03:45:00,,,28.41508,77.04353,Nischal
2018-03-27 04:00:00,,,28.41508,77.04353,Nischal
2018-03-27 04:15:00,,,28.41508,77.04353,Nischal
2018-03-27 04:30:00,,,28.41508,77.04353,Nischal
2018-03-27 04:45:00,,,28.41508,77.04353,Nischal
2018-03-27 05:00:00,,,28.41508,77.04353,Nischal
2018-03-27 05:15:00,,,28.41508,77.04353,Nischal
2018-03-27 05:30:00,,,28.41508,77.04353,Nischal
2018-03-27 05:45:00,,,28.41508,77.04353,Nischal
2018-03-27 06:00:00,,,28.41508,77.04353,Nischal
2018-03-27 06:15:00,,,28.41508,77.04353,Nischal
2018-03-27 06:30:00,,,28.41508,77.04353,Nischal
2018-03-27 06:45:00,,,28.41508,77.04353,Nischal
2018-03-27 07:00:00,,,28.41508,77.04353,Nischal
2018-03-27 07:15:00,,,28.41508,77.04353,Nischal
2018-03-27 07:30:00,,,28.41508,77.04353,Nischal
2018-03-27 07:45:00,,,28.41508,77.04353,Nischal
2018-03-27 08:00:00,,,28.41508,77.04353,Nischal
2018-03-27 08:15:00,,,28.41508,77.04353,Nischal
2018-03-27 08:30:00,,,28.41508,77.04353,Nischal
2018-03-27 08:45:00,,,28.41508,77.04353,Nischal
2018-03-27 09:00:00,,,28.41508,77.04353,Nischal
2018-03-27 09:15:00,,,28.41508,77.04353,Nischal
2018-03-27 09:30:00,,,28.41508,77.04353,Nischal
2018-03-27 09:45:00,,,28.41508,77.04353,Nischal
2018-03-27 10:00:00,,,28.41508,77.04353,Nischal
2018-03-27 10:15:00,,,28.41508,77.04353,Nischal
2018-03-27 10:30:00,,,28.41508,77.04353,Nischal
2018-03-27 10:45:00,,,28.41508,77.04353,Nischal
2018-03-27 11:00:00,,,28.41508,77.04353,Nischal
2018-03-27 11:15:00,,,28.41508,77.04353,Nischal
2018-03-27 11:30:00,,,28.41508,77.04353,Nischal
2018-03-27 11:45:00,,,28.41508,77.04353,Nischal
2018-03-27 12:00:00,,,28.41508,77.04353,Nischal
2018-03-27 12:15:00,,,28.41508,77.04353,Nischal
2018-03-27 12:30:00,,,28.41508,77.04353,Nischal
2018-03-27 12:45:00,,,28.41508,77.04353,Nischal
2018-03-27 13:00:00,,,28.41508,77.04353,Nischal
2018-03-27 13:15:00,,,28.41508,77.04353,Nischal
2018-03-27 13:30:00,,,28.41508,77.04353,Nischal
2018-03-27 13:45:00,,,28.41508,77.04353,Nischal
2018-03-27 14:00:00,,,28.41508,77.04353,Nischal
2018-03-27 14:15:00,,,28.41508,77.04353,Nischal
2018-03-27 14:30:00,,,28.41508,77.04353,Nischal
2018-03-27 14:45:00,,,28.41508,77.04353,Nischal
2018-03-27 15:00:00,,,28.41508,77.04353,Nischal
2018-03-27 15:15:00,,,28.41508,77.04353,Nischal
2018-03-27 15:30:00,,,28.41508,77.04353,Nischal
2018-03-27 15:45:00,,,28.41508,77.04353,Nischal
2018-03-27 16:00:00,,,28.41508,77.04353,Nischal
2018-03-27 16:15:00,,,28.41508,77.04353,Nischal
2018-03-27 16:30:00,,,28.41508,77.04353,Nischal
2018-03-27 16:45:00,,,28.41508,77.04353,Nischal
2018-03-27 17:00:00,,,28.41508,77.04353,Nischal
2018-03-27 17:15:00,,,28.41508,77.04353,Nischal
2018-03-27 17:30:00,,,28.41508,77.04353,Nischal
2018-03-27 17:45:00,,,28.41508,77.04353,Nischal
2018-03-27 18:00:00,,,28.41508,77.04353,Nischal
2018-03-27 18:15:00,,,28.41508,77.04353,Nischal
2018-03-27 18:30:00,,,28.41508,77.04353,Nischal
2018-03-27 18:45:00,,,28.41508,77.04353,Nischal
2018-03-27 19:00:00,,,28.41508,77.04353,Nischal
2018-03-27 19:15:00,,,28.41508,77.04353,Nischal
2018-03-27 19:30:00,,,28.41508,77.04353,Nischal
2018-03-27 19:45:00,,,28.41508,77.04353,Nischal
2018-03-27 20:00:00,,,28.41508,77.04353,Nischal
2018-03-27 20:15:00,,,28.41508,77.04353,Nischal
2018-03-27 20:30:00,,,28.41508,77.04353,Nischal
2018-03-27 20:45:00,,,28.41508,77.04353,Nischal
2018-03-27 21:00:00,,,28.41508,77.04353,Nischal
2018-03-27 21:15:00,,,28.41508,77.04353,Nischal
2018-03-27 21:30:00,,,28.41508,77.04353,Nischal
2018-03-27 21:45:00,,,28.41508,77.04353,Nischal
2018-03-27 22:00:00,,,28.41508,77.04353,Nischal
2018-03-27 22:15:00,,,28.41508,77.04353,Nischal
2018-03-27 22:30:00,,,28.41508,77.04353,Nischal
2018-03-27 22:45:00,,,28.41508,77.04353,Nischal
2018-03-27 23:00:00,,,28.41508,77.04353,Nischal
2018-03-27 23:15:00,,,28.41508,77.04353,Nischal
2018-03-27 23:30:00,,,28.41508,77.04353,Nischal
2018-03-27 23:45:00,,,28.41508,77.04353,Nischal
2018-03-28 00:00:00,,,28.41508,77.04353,Nischal
2018-03-28 00:15:00,,,28.41508,77.04353,Nischal
2018-03-28 00:30:00,,,28.41508,77.04353,Nischal
2018-03-28 00:45:00,,,28.41508,77.04353,Nischal
2018-03-28 01:00:00,,,28.41508,77.04353,Nischal
2018-03-28 01:15:00,,,28.41508,77.04353,Nischal
2018-03-28 01:30:00,,,28.41508,77.04353,Nischal
2018-03-28 01:45:00,,,28.41508,77.04353,Nischal
2018-03-28 02:00:00,,,28.41508,77.04353,Nischal
2018-03-28 02:15:00,,,28.41508,77.04353,Nischal
2018-03-28 02:30:00,,,28.41508,77.04353,Nischal
2018-03-28 02:45:00,,,28.41508,77.04353,Nischal
2018-03-28 03:00:00,,,28.41508,77.04353,Nischal
2018-03-28 03:15:00,,,28.41508,77.04353,Nischal
2018-03-28 03:30:00,,,28.41508,77.04353,Nischal
2018-03-28 03:45:00,,,28.41508,77.04353,Nischal
2018-03-28 04:00:00,,,28.41508,77.04353,Nischal
2018-03-28 04:15:00,,,28.41508,77.04353,Nischal
2018-03-28 04:30:00,,,28.41508,77.04353,Nischal
2018-03-28 04:45:00,,,28.41508,77.04353,Nischal
2018-03-28 05:00:00,,,28.41508,77.04353,Nischal
2018-03-28 05:15:00,,,28.41508,77.04353,Nischal
2018-03-28 05:30:00,,,28.41508,77.04353,Nischal
2018-03-28 05:45:00,,,28.41508,77.04353,Nischal
2018-03-28 06:00:00,,,28.41508,77.04353,Nischal
2018-03-28 06:15:00,,,28.41508,77.04353,Nischal
2018-03-28 06:30:00,,,28.41508,77.04353,Nischal
2018-03-28 06:45:00,,,28.41508,77.04353,Nischal
2018-03-28 07:00:00,,,28.41508,77.04353,Nischal
2018-03-28 07:15:00,,,28.41508,77.04353,Nischal
2018-03-28 07:30:00,,,28.41508,77.04353,Nischal
2018-03-28 07:45:00,,,28.41508,77.04353,Nischal
2018-03-28 08:00:00,,,28.41508,77.04353,Nischal
2018-03-28 08:15:00,,,28.41508,77.04353,Nischal
2018-03-28 08:30:00,,,28.41508,77.04353,Nischal
2018-03-28 08:45:00,,,28.41508,77.04353,Nischal
2018-03-28 09:00:00,,,28.41508,77.04353,Nischal
2018-03-28 09:15:00,,,28.41508,77.04353,Nischal
2018-03-28 09:30:00,,,28.41508,77.04353,Nischal
2018-03-28 09:45:00,,,28.41508,77.04353,Nischal
2018-03-28 10:00:00,,,28.41508,77.04353,Nischal
2018-03-28 10:15:00,,,28.41508,77.04353,Nischal
2018-03-28 10:30:00,,,28.41508,77.04353,Nischal
2018-03-28 10:45:00,,,28.41508,77.04353,Nischal
2018-03-28 11:00:00,,,28.41508,77.04353,Nischal
2018-03-28 11:15:00,,,28.41508,77.04353,Nischal
2018-03-28 11:30:00,,,28.41508,77.04353,Nischal
2018-03-28 11:45:00,,,28.41508,77.04353,Nischal
2018-03-28 12:00:00,,,28.41508,77.04353,Nischal
2018-03-28 12:15:00,,,28.41508,77.04353,Nischal
2018-03-28 12:30:00,,,28.41508,77.04353,Nischal
2018-03-28 12:45:00,,,28.41508,77.04353,Nischal
2018-03-28 13:00:00,,,28.41508,77.04353,Nischal
2018-03-28 13:15:00,,,28.41508,77.04353,Nischal
2018-03-28 13:30:00,,,28.41508,77.04353,Nischal
2018-03-28 13:45:00,,,28.41508,77.04353,Nischal
2018-03-28 14:00:00,,,28.41508,77.04353,Nischal
2018-03-28 14:15:00,,,28.41508,77.04353,Nischal
2018-03-28 14:30:00,,,28.41508,77.04353,Nischal
2018-03-28 14:45:00,,,28.41508,77.04353,Nischal
2018-03-28 15:00:00,,,28.41508,77.04353,Nischal
2018-03-28 15:15:00,,,28.41508,77.04353,Nischal
2018-03-28 15:30:00,,,28.41508,77.04353,Nischal
2018-03-28 15:45:00,,,28.41508,77.04353,Nischal
2018-03-28 16:00:00,,,28.41508,77.04353,Nischal
2018-03-28 16:15:00,,,28.41508,77.04353,Nischal
2018-03-28 16:30:00,,,28.41508,77.04353,Nischal
2018-03-28 16:45:00,,,28.41508,77.04353,Nischal
2018-03-28 17:00:00,,,28.41508,77.04353,Nischal
2018-03-28 17:15:00,,,28.41508,77.04353,Nischal
2018-03-28 17:30:00,,,28.41508,77.04353,Nischal
2018-03-28 17:45:00,,,28.41508,77.04353,Nischal
2018-03-28 18:00:00,,,28.41508,77.04353,Nischal
2018-03-28 18:15:00,,,28.41508,77.04353,Nischal
2018-03-28 18:30:00,,,28.41508,77.04353,Nischal
2018-03-28 18:45:00,,,28.41508,77.04353,Nischal
2018-03-28 19:00:00,,,28.41508,77.04353,Nischal
2018-03-28 19:15:00,,,28.41508,77.04353,Nischal
2018-03-28 19:30:00,,,28.41508,77.04353,Nischal
2018-03-28 19:45:00,,,28.41508,77.04353,Nischal
2018-03-28 20:00:00,,,28.41508,77.04353,Nischal
2018-03-28 20:15:00,,,28.41508,77.04353,Nischal
2018-03-28 20:30:00,,,28.41508,77.04353,Nischal
2018-03-28 20:45:00,,,28.41508,77.04353,Nischal
2018-03-28 21:00:00,,,28.41508,77.04353,Nischal
2018-03-28 21:15:00,,,28.41508,77.04353,Nischal
2018-03-28 21:30:00,,,28.41508,77.04353,Nischal
2018-03-28 21:45:00,,,28.41508,77.04353,Nischal
2018-03-28 22:00:00,,,28.41508,77.04353,Nischal
2018-03-28 22:15:00,,,28.41508,77.04353,Nischal
2018-03-28 22:30:00,,,28.41508,77.04353,Nischal
2018-03-28 22:45:00,,,28.41508,77.04353,Nischal
2018-03-28 23:00:00,,,28.41508,77.04353,Nischal
2018-03-28 23:15:00,,,28.41508,77.04353,Nischal
2018-03-28 23:30:00,,,28.41508,77.04353,Nischal
2018-03-28 23:45:00,,,28.41508,77.04353,Nischal
2018-03-29 00:00:00,,,28.41508,77.04353,Nischal
2018-03-29 00:15:00,,,28.41508,77.04353,Nischal
2018-03-29 00:30:00,,,28.41508,77.04353,Nischal
2018-03-29 00:45:00,,,28.41508,77.04353,Nischal
2018-03-29 01:00:00,,,28.41508,77.04353,Nischal
2018-03-29 01:15:00,,,28.41508,77.04353,Nischal
2018-03-29 01:30:00,,,28.41508,77.04353,Nischal
2018-03-29 01:45:00,,,28.41508,77.04353,Nischal
2018-03-29 02:00:00,,,28.41508,77.04353,Nischal
2018-03-29 02:15:00,,,28.41508,77.04353,Nischal
2018-03-29 02:30:00,,,28.41508,77.04353,Nischal
2018-03-29 02:45:00,,,28.41508,77.04353,Nischal
2018-03-29 03:00:00,,,28.41508,77.04353,Nischal
2018-03-29 03:15:00,,,28.41508,77.04353,Nischal
2018-03-29 03:30:00,,,28.41508,77.04353,Nischal
2018-03-29 03:45:00,,,28.41508,77.04353,Nischal
2018-03-29 04:00:00,,,28.41508,77.04353,Nischal
2018-03-29 04:15:00,,,28.41508,77.04353,Nischal
2018-03-29 04:30:00,,,28.41508,77.04353,Nischal
2018-03-29 04:45:00,,,28.41508,77.04353,Nischal
2018-03-29 05:00:00,,,28.41508,77.04353,Nischal
2018-03-29 05:15:00,,,28.41508,77.04353,Nischal
2018-03-29 05:30:00,,,28.41508,77.04353,Nischal
2018-03-29 05:45:00,,,28.41508,77.04353,Nischal
2018-03-29 06:00:00,,,28.41508,77.04353,Nischal
2018-03-29 06:15:00,,,28.41508,77.04353,Nischal
2018-03-29 06:30:00,,,28.41508,77.04353,Nischal
2018-03-29 06:45:00,,,28.41508,77.04353,Nischal
2018-03-29 07:00:00,,,28.41508,77.04353,Nischal
2018-03-29 07:15:00,,,28.41508,77.04353,Nischal
2018-03-29 07:30:00,,,28.41508,77.04353,Nischal
2018-03-29 07:45:00,,,28.41508,77.04353,Nischal
2018-03-29 08:00:00,,,28.41508,77.04353,Nischal
2018-03-29 08:15:00,,,28.41508,77.04353,Nischal
2018-03-29 08:30:00,,,28.41508,77.04353,Nischal
2018-03-29 08:45:00,,,28.41508,77.04353,Nischal
2018-03-29 09:00:00,,,28.41508,77.04353,Nischal
2018-03-29 09:15:00,,,28.41508,77.04353,Nischal
2018-03-29 09:30:00,,,28.41508,77.04353,Nischal
2018-03-29 09:45:00,,,28.41508,77.04353,Nischal
2018-03-29 10:00:00,,,28.41508,77.04353,Nischal
2018-03-29 10:15:00,,,28.41508,77.04353,Nischal
2018-03-29 10:30:00,,,28.41508,77.04353,Nischal
2018-03-29 10:45:00,,,28.41508,77.04353,Nischal
2018-03-29 11:00:00,,,28.41508,77.04353,Nischal
2018-03-29 11:15:00,,,28.41508,77.04353,Nischal
2018-03-29 11:30:00,,,28.41508,77.04353,Nischal
2018-03-29 11:45:00,,,28.41508,77.04353,Nischal
2018-03-29 12:00:00,,,28.41508,77.04353,Nischal
2018-03-29 12:15:00,,,28.41508,77.04353,Nischal
2018-03-29 12:30:00,,,28.41508,77.04353,Nischal
2018-03-29 12:45:00,,,28.41508,77.04353,Nischal
2018-03-29 13:00:00,,,28.41508,77.04353,Nischal
2018-03-29 13:15:00,,,28.41508,77.04353,Nischal
2018-03-29 13:30:00,,,28.41508,77.04353,Nischal
2018-03-29 13:45:00,,,28.41508,77.04353,Nischal
2018-03-29 14:00:00,,,28.41508,77.04353,Nischal
2018-03-29 14:15:00,,,28.41508,77.04353,Nischal
2018-03-29 14:30:00,,,28.41508,77.04353,Nischal
2018-03-29 14:45:00,,,28.41508,77.04353,Nischal
2018-03-29 15:00:00,,,28.41508,77.04353,Nischal
2018-03-29 15:15:00,,,28.41508,77.04353,Nischal
2018-03-29 15:30:00,,,28.41508,77.04353,Nischal
2018-03-29 15:45:00,,,28.41508,77.04353,Nischal
2018-03-29 16:00:00,,,28.41508,77.04353,Nischal
2018-03-29 16:15:00,,,28.41508,77.04353,Nischal
2018-03-29 16:30:00,,,28.41508,77.04353,Nischal
2018-03-29 16:45:00,,,28.41508,77.04353,Nischal
2018-03-29 17:00:00,,,28.41508,77.04353,Nischal
2018-03-29 17:15:00,,,28.41508,77.04353,Nischal
2018-03-29 17:30:00,,,28.41508,77.04353,Nischal
2018-03-29 17:45:00,,,28.41508,77.04353,Nischal
2018-03-29 18:00:00,,,28.41508,77.04353,Nischal
2018-03-29 18:15:00,,,28.41508,77.04353,Nischal
2018-03-29 18:30:00,,,28.41508,77.04353,Nischal
2018-03-29 18:45:00,,,28.41508,77.04353,Nischal
2018-03-29 19:00:00,,,28.41508,77.04353,Nischal
2018-03-29 19:15:00,,,28.41508,77.04353,Nischal
2018-03-29 19:30:00,,,28.41508,77.04353,Nischal
2018-03-29 19:45:00,,,28.41508,77.04353,Nischal
2018-03-29 20:00:00,,,28.41508,77.04353,Nischal
2018-03-29 20:15:00,,,28.41508,77.04353,Nischal
2018-03-29 20:30:00,,,28.41508,77.04353,Nischal
2018-03-29 20:45:00,,,28.41508,77.04353,Nischal
2018-03-29 21:00:00,,,28.41508,77.04353,Nischal
2018-03-29 21:15:00,,,28.41508,77.04353,Nischal
2018-03-29 21:30:00,,,28.41508,77.04353,Nischal
2018-03-29 21:45:00,,,28.41508,77.04353,Nischal
2018-03-29 22:00:00,,,28.41508,77.04353,Nischal
2018-03-29 22:15:00,,,28.41508,77.04353,Nischal
2018-03-29 22:30:00,,,28.41508,77.04353,Nischal
2018-03-29 22:45:00,,,28.41508,77.04353,Nischal
2018-03-29 23:00:00,,,28.41508,77.04353,Nischal
2018-03-29 23:15:00,,,28.41508,77.04353,Nischal
2018-03-29 23:30:00,,,28.41508,77.04353,Nischal
2018-03-29 23:45:00,,,28.41508,77.04353,Nischal
2018-03-30 00:00:00,,,28.41508,77.04353,Nischal
2018-03-30 00:15:00,,,28.41508,77.04353,Nischal
2018-03-30 00:30:00,,,28.41508,77.04353,Nischal
2018-03-30 00:45:00,,,28.41508,77.04353,Nischal
2018-03-30 01:00:00,,,28.41508,77.04353,Nischal
2018-03-30 01:15:00,,,28.41508,77.04353,Nischal
2018-03-30 01:30:00,,,28.41508,77.04353,Nischal
2018-03-30 01:45:00,,,28.41508,77.04353,Nischal
2018-03-30 02:00:00,,,28.41508,77.04353,Nischal
2018-03-30 02:15:00,,,28.41508,77.04353,Nischal
2018-03-30 02:30:00,,,28.41508,77.04353,Nischal
2018-03-30 02:45:00,,,28.41508,77.04353,Nischal
2018-03-30 03:00:00,,,28.41508,77.04353,Nischal
2018-03-30 03:15:00,,,28.41508,77.04353,Nischal
2018-03-30 03:30:00,,,28.41508,77.04353,Nischal
2018-03-30 03:45:00,,,28.41508,77.04353,Nischal
2018-03-30 04:00:00,,,28.41508,77.04353,Nischal
2018-03-30 04:15:00,,,28.41508,77.04353,Nischal
2018-03-30 04:30:00,,,28.41508,77.04353,Nischal
2018-03-30 04:45:00,,,28.41508,77.04353,Nischal
2018-03-30 05:00:00,,,28.41508,77.04353,Nischal
2018-03-30 05:15:00,,,28.41508,77.04353,Nischal
2018-03-30 05:30:00,,,28.41508,77.04353,Nischal
2018-03-30 05:45:00,,,28.41508,77.04353,Nischal
2018-03-30 06:00:00,,,28.41508,77.04353,Nischal
2018-03-30 06:15:00,,,28.41508,77.04353,Nischal
2018-03-30 06:30:00,,,28.41508,77.04353,Nischal
2018-03-30 06:45:00,,,28.41508,77.04353,Nischal
2018-03-30 07:00:00,,,28.41508,77.04353,Nischal
2018-03-30 07:15:00,,,28.41508,77.04353,Nischal
2018-03-30 07:30:00,,,28.41508,77.04353,Nischal
2018-03-30 07:45:00,,,28.41508,77.04353,Nischal
2018-03-30 08:00:00,,,28.41508,77.04353,Nischal
2018-03-30 08:15:00,,,28.41508,77.04353,Nischal
2018-03-30 08:30:00,,,28.41508,77.04353,Nischal
2018-03-30 08:45:00,,,28.41508,77.04353,Nischal
2018-03-30 09:00:00,,,28.41508,77.04353,Nischal
2018-03-30 09:15:00,,,28.41508,77.04353,Nischal
2018-03-30 09:30:00,,,28.41508,77.04353,Nischal
2018-03-30 09:45:00,,,28.41508,77.04353,Nischal
2018-03-30 10:00:00,,,28.41508,77.04353,Nischal
2018-03-30 10:15:00,,,28.41508,77.04353,Nischal
2018-03-30 10:30:00,,,28.41508,77.04353,Nischal
2018-03-30 10:45:00,,,28.41508,77.04353,Nischal
2018-03-30 11:00:00,,,28.41508,77.04353,Nischal
2018-03-30 11:15:00,,,28.41508,77.04353,Nischal
2018-03-30 11:30:00,,,28.41508,77.04353,Nischal
2018-03-30 11:45:00,,,28.41508,77.04353,Nischal
2018-03-30 12:00:00,,,28.41508,77.04353,Nischal
2018-03-30 12:15:00,,,28.41508,77.04353,Nischal
2018-03-30 12:30:00,,,28.41508,77.04353,Nischal
2018-03-30 12:45:00,,,28.41508,77.04353,Nischal
2018-03-30 13:00:00,,,28.41508,77.04353,Nischal
2018-03-30 13:15:00,,,28.41508,77.04353,Nischal
2018-03-30 13:30:00,,,28.41508,77.04353,Nischal
2018-03-30 13:45:00,,,28.41508,77.04353,Nischal
2018-03-30 14:00:00,,,28.41508,77.04353,Nischal
2018-03-30 14:15:00,,,28.41508,77.04353,Nischal
2018-03-30 14:30:00,,,28.41508,77.04353,Nischal
2018-03-30 14:45:00,,,28.41508,77.04353,Nischal
2018-03-30 15:00:00,,,28.41508,77.04353,Nischal
2018-03-30 15:15:00,,,28.41508,77.04353,Nischal
2018-03-30 15:30:00,,,28.41508,77.04353,Nischal
2018-03-30 15:45:00,,,28.41508,77.04353,Nischal
2018-03-30 16:00:00,,,28.41508,77.04353,Nischal
2018-03-30 16:15:00,,,28.41508,77.04353,Nischal
2018-03-30 16:30:00,,,28.41508,77.04353,Nischal
2018-03-30 16:45:00,,,28.41508,77.04353,Nischal
2018-03-30 17:00:00,,,28.41508,77.04353,Nischal
2018-03-30 17:15:00,,,28.41508,77.04353,Nischal
2018-03-30 17:30:00,,,28.41508,77.04353,Nischal
2018-03-30 17:45:00,,,28.41508,77.04353,Nischal
2018-03-30 18:00:00,,,28.41508,77.04353,Nischal
2018-03-30 18:15:00,,,28.41508,77.04353,Nischal
2018-03-30 18:30:00,,,28.41508,77.04353,Nischal
2018-03-30 18:45:00,,,28.41508,77.04353,Nischal
2018-03-30 19:00:00,,,28.41508,77.04353,Nischal
2018-03-30 19:15:00,,,28.41508,77.04353,Nischal
2018-03-30 19:30:00,,,28.41508,77.04353,Nischal
2018-03-30 19:45:00,,,28.41508,77.04353,Nischal
2018-03-30 20:00:00,,,28.41508,77.04353,Nischal
2018-03-30 20:15:00,,,28.41508,77.04353,Nischal
2018-03-30 20:30:00,,,28.41508,77.04353,Nischal
2018-03-30 20:45:00,,,28.41508,77.04353,Nischal
2018-03-30 21:00:00,,,28.41508,77.04353,Nischal
2018-03-30 21:15:00,,,28.41508,77.04353,Nischal
2018-03-30 21:30:00,,,28.41508,77.04353,Nischal
2018-03-30 21:45:00,,,28.41508,77.04353,Nischal
2018-03-30 22:00:00,,,28.41508,77.04353,Nischal
2018-03-30 22:15:00,,,28.41508,77.04353,Nischal
2018-03-30 22:30:00,,,28.41508,77.04353,Nischal
2018-03-30 22:45:00,,,28.41508,77.04353,Nischal
2018-03-30 23:00:00,,,28.41508,77.04353,Nischal
2018-03-30 23:15:00,,,28.41508,77.04353,Nischal
2018-03-30 23:30:00,,,28.41508,77.04353,Nischal
2018-03-30 23:45:00,,,28.41508,77.04353,Nischal
2018-03-31 00:00:00,,,28.41508,77.04353,Nischal
2018-03-31 00:15:00,,,28.41508,77.04353,Nischal
2018-03-31 00:30:00,,,28.41508,77.04353,Nischal
2018-03-31 00:45:00,,,28.41508,77.04353,Nischal
2018-03-31 01:00:00,,,28.41508,77.04353,Nischal
2018-03-31 01:15:00,,,28.41508,77.04353,Nischal
2018-03-31 01:30:00,,,28.41508,77.04353,Nischal
2018-03-31 01:45:00,,,28.41508,77.04353,Nischal
2018-03-31 02:00:00,,,28.41508,77.04353,Nischal
2018-03-31 02:15:00,,,28.41508,77.04353,Nischal
2018-03-31 02:30:00,,,28.41508,77.04353,Nischal
2018-03-31 02:45:00,,,28.41508,77.04353,Nischal
2018-03-31 03:00:00,,,28.41508,77.04353,Nischal
2018-03-31 03:15:00,,,28.41508,77.04353,Nischal
2018-03-31 03:30:00,,,28.41508,77.04353,Nischal
2018-03-31 03:45:00,,,28.41508,77.04353,Nischal
2018-03-31 04:00:00,,,28.41508,77.04353,Nischal
2018-03-31 04:15:00,,,28.41508,77.04353,Nischal
2018-03-31 04:30:00,,,28.41508,77.04353,Nischal
2018-03-31 04:45:00,,,28.41508,77.04353,Nischal
2018-03-31 05:00:00,,,28.41508,77.04353,Nischal
2018-03-31 05:15:00,,,28.41508,77.04353,Nischal
2018-03-31 05:30:00,,,28.41508,77.04353,Nischal
2018-03-31 05:45:00,,,28.41508,77.04353,Nischal
2018-03-31 06:00:00,,,28.41508,77.04353,Nischal
2018-03-31 06:15:00,,,28.41508,77.04353,Nischal
2018-03-31 06:30:00,,,28.41508,77.04353,Nischal
2018-03-31 06:45:00,,,28.41508,77.04353,Nischal
2018-03-31 07:00:00,,,28.41508,77.04353,Nischal
2018-03-31 07:15:00,,,28.41508,77.04353,Nischal
2018-03-31 07:30:00,,,28.41508,77.04353,Nischal
2018-03-31 07:45:00,,,28.41508,77.04353,Nischal
2018-03-31 08:00:00,,,28.41508,77.04353,Nischal
2018-03-31 08:15:00,,,28.41508,77.04353,Nischal
2018-03-31 08:30:00,,,28.41508,77.04353,Nischal
2018-03-31 08:45:00,,,28.41508,77.04353,Nischal
2018-03-31 09:00:00,,,28.41508,77.04353,Nischal
2018-03-31 09:15:00,,,28.41508,77.04353,Nischal
2018-03-31 09:30:00,,,28.41508,77.04353,Nischal
2018-03-31 09:45:00,,,28.41508,77.04353,Nischal
2018-03-31 10:00:00,,,28.41508,77.04353,Nischal
2018-03-31 10:15:00,,,28.41508,77.04353,Nischal
2018-03-31 10:30:00,,,28.41508,77.04353,Nischal
2018-03-31 10:45:00,,,28.41508,77.04353,Nischal
2018-03-31 11:00:00,,,28.41508,77.04353,Nischal
2018-03-31 11:15:00,,,28.41508,77.04353,Nischal
2018-03-31 11:30:00,,,28.41508,77.04353,Nischal
2018-03-31 11:45:00,,,28.41508,77.04353,Nischal
2018-03-31 12:00:00,,,28.41508,77.04353,Nischal
2018-03-31 12:15:00,,,28.41508,77.04353,Nischal
2018-03-31 12:30:00,,,28.41508,77.04353,Nischal
2018-03-31 12:45:00,,,28.41508,77.04353,Nischal
2018-03-31 13:00:00,,,28.41508,77.04353,Nischal
2018-03-31 13:15:00,,,28.41508,77.04353,Nischal
2018-03-31 13:30:00,,,28.41508,77.04353,Nischal
2018-03-31 13:45:00,,,28.41508,77.04353,Nischal
2018-03-31 14:00:00,,,28.41508,77.04353,Nischal
2018-03-31 14:15:00,,,28.41508,77.04353,Nischal
2018-03-31 14:30:00,,,28.41508,77.04353,Nischal
2018-03-31 14:45:00,,,28.41508,77.04353,Nischal
2018-03-31 15:00:00,,,28.41508,77.04353,Nischal
2018-03-31 15:15:00,,,28.41508,77.04353,Nischal
2018-03-31 15:30:00,,,28.41508,77.04353,Nischal
2018-03-31 15:45:00,,,28.41508,77.04353,Nischal
2018-03-31 16:00:00,,,28.41508,77.04353,Nischal
2018-03-31 16:15:00,,,28.41508,77.04353,Nischal
2018-03-31 16:30:00,,,28.41508,77.04353,Nischal
2018-03-31 16:45:00,,,28.41508,77.04353,Nischal
2018-03-31 17:00:00,,,28.41508,77.04353,Nischal
2018-03-31 17:15:00,,,28.41508,77.04353,Nischal
2018-03-31 17:30:00,,,28.41508,77.04353,Nischal
2018-03-31 17:45:00,,,28.41508,77.04353,Nischal
2018-03-31 18:00:00,,,28.41508,77.04353,Nischal
2018-03-31 18:15:00,,,28.41508,77.04353,Nischal
2018-03-31 18:30:00,,,28.41508,77.04353,Nischal
2018-03-31 18:45:00,,,28.41508,77.04353,Nischal
2018-03-31 19:00:00,,,28.41508,77.04353,Nischal
2018-03-31 19:15:00,,,28.41508,77.04353,Nischal
2018-03-31 19:30:00,,,28.41508,77.04353,Nischal
2018-03-31 19:45:00,,,28.41508,77.04353,Nischal
2018-03-31 20:00:00,,,28.41508,77.04353,Nischal
2018-03-31 20:15:00,,,28.41508,77.04353,Nischal
2018-03-31 20:30:00,,,28.41508,77.04353,Nischal
2018-03-31 20:45:00,,,28.41508,77.04353,Nischal
2018-03-31 21:00:00,,,28.41508,77.04353,Nischal
2018-03-31 21:15:00,,,28.41508,77.04353,Nischal
2018-03-31 21:30:00,,,28.41508,77.04353,Nischal
2018-03-31 21:45:00,,,28.41508,77.04353,Nischal
2018-03-31 22:00:00,,,28.41508,77.04353,Nischal
2018-03-31 22:15:00,,,28.41508,77.04353,Nischal
2018-03-31 22:30:00,,,28.41508,77.04353,Nischal
2018-03-31 22:45:00,,,28.41508,77.04353,Nischal
2018-03-31 23:00:00,,,28.41508,77.04353,Nischal
2018-03-31 23:15:00,,,28.41508,77.04353,Nischal
2018-03-31 23:30:00,,,28.41508,77.04353,Nischal
2018-03-31 23:45:00,,,28.41508,77.04353,Nischal
2018-04-01 00:00:00,,,28.41508,77.04353,Nischal
2018-04-01 00:15:00,,,28.41508,77.04353,Nischal
2018-04-01 00:30:00,,,28.41508,77.04353,Nischal
2018-04-01 00:45:00,,,28.41508,77.04353,Nischal
2018-04-01 01:00:00,,,28.41508,77.04353,Nischal
2018-04-01 01:15:00,,,28.41508,77.04353,Nischal
2018-04-01 01:30:00,,,28.41508,77.04353,Nischal
2018-04-01 01:45:00,,,28.41508,77.04353,Nischal
2018-04-01 02:00:00,,,28.41508,77.04353,Nischal
2018-04-01 02:15:00,,,28.41508,77.04353,Nischal
2018-04-01 02:30:00,,,28.41508,77.04353,Nischal
2018-04-01 02:45:00,,,28.41508,77.04353,Nischal
2018-04-01 03:00:00,,,28.41508,77.04353,Nischal
2018-04-01 03:15:00,,,28.41508,77.04353,Nischal
2018-04-01 03:30:00,,,28.41508,77.04353,Nischal
2018-04-01 03:45:00,,,28.41508,77.04353,Nischal
2018-04-01 04:00:00,,,28.41508,77.04353,Nischal
2018-04-01 04:15:00,,,28.41508,77.04353,Nischal
2018-04-01 04:30:00,,,28.41508,77.04353,Nischal
2018-04-01 04:45:00,,,28.41508,77.04353,Nischal
2018-04-01 05:00:00,,,28.41508,77.04353,Nischal
2018-04-01 05:15:00,,,28.41508,77.04353,Nischal
2018-04-01 05:30:00,,,28.41508,77.04353,Nischal
2018-04-01 05:45:00,,,28.41508,77.04353,Nischal
2018-04-01 06:00:00,,,28.41508,77.04353,Nischal
2018-04-01 06:15:00,,,28.41508,77.04353,Nischal
2018-04-01 06:30:00,,,28.41508,77.04353,Nischal
2018-04-01 06:45:00,,,28.41508,77.04353,Nischal
2018-04-01 07:00:00,,,28.41508,77.04353,Nischal
2018-04-01 07:15:00,,,28.41508,77.04353,Nischal
2018-04-01 07:30:00,,,28.41508,77.04353,Nischal
2018-04-01 07:45:00,,,28.41508,77.04353,Nischal
2018-04-01 08:00:00,,,28.41508,77.04353,Nischal
2018-04-01 08:15:00,,,28.41508,77.04353,Nischal
2018-04-01 08:30:00,,,28.41508,77.04353,Nischal
2018-04-01 08:45:00,,,28.41508,77.04353,Nischal
2018-04-01 09:00:00,,,28.41508,77.04353,Nischal
2018-04-01 09:15:00,,,28.41508,77.04353,Nischal
2018-04-01 09:30:00,,,28.41508,77.04353,Nischal
2018-04-01 09:45:00,,,28.41508,77.04353,Nischal
2018-04-01 10:00:00,,,28.41508,77.04353,Nischal
2018-04-01 10:15:00,,,28.41508,77.04353,Nischal
2018-04-01 10:30:00,,,28.41508,77.04353,Nischal
2018-04-01 10:45:00,,,28.41508,77.04353,Nischal
2018-04-01 11:00:00,,,28.41508,77.04353,Nischal
2018-04-01 11:15:00,,,28.41508,77.04353,Nischal
2018-04-01 11:30:00,,,28.41508,77.04353,Nischal
2018-04-01 11:45:00,,,28.41508,77.04353,Nischal
2018-04-01 12:00:00,,,28.41508,77.04353,Nischal
2018-04-01 12:15:00,,,28.41508,77.04353,Nischal
2018-04-01 12:30:00,,,28.41508,77.04353,Nischal
2018-04-01 12:45:00,,,28.41508,77.04353,Nischal
2018-04-01 13:00:00,,,28.41508,77.04353,Nischal
2018-04-01 13:15:00,,,28.41508,77.04353,Nischal
2018-04-01 13:30:00,,,28.41508,77.04353,Nischal
2018-04-01 13:45:00,,,28.41508,77.04353,Nischal
2018-04-01 14:00:00,,,28.41508,77.04353,Nischal
2018-04-01 14:15:00,,,28.41508,77.04353,Nischal
2018-04-01 14:30:00,,,28.41508,77.04353,Nischal
2018-04-01 14:45:00,,,28.41508,77.04353,Nischal
2018-04-01 15:00:00,,,28.41508,77.04353,Nischal
2018-04-01 15:15:00,,,28.41508,77.04353,Nischal
2018-04-01 15:30:00,,,28.41508,77.04353,Nischal
2018-04-01 15:45:00,,,28.41508,77.04353,Nischal
2018-04-01 16:00:00,,,28.41508,77.04353,Nischal
2018-04-01 16:15:00,,,28.41508,77.04353,Nischal
2018-04-01 16:30:00,,,28.41508,77.04353,Nischal
2018-04-01 16:45:00,,,28.41508,77.04353,Nischal
2018-04-01 17:00:00,,,28.41508,77.04353,Nischal
2018-04-01 17:15:00,,,28.41508,77.04353,Nischal
2018-04-01 17:30:00,,,28.41508,77.04353,Nischal
2018-04-01 17:45:00,,,28.41508,77.04353,Nischal
2018-04-01 18:00:00,,,28.41508,77.04353,Nischal
2018-04-01 18:15:00,,,28.41508,77.04353,Nischal
2018-04-01 18:30:00,,,28.41508,77.04353,Nischal
2018-04-01 18:45:00,,,28.41508,77.04353,Nischal
2018-04-01 19:00:00,,,28.41508,77.04353,Nischal
2018-04-01 19:15:00,,,28.41508,77.04353,Nischal
2018-04-01 19:30:00,,,28.41508,77.04353,Nischal
2018-04-01 19:45:00,,,28.41508,77.04353,Nischal
2018-04-01 20:00:00,,,28.41508,77.04353,Nischal
2018-04-01 20:15:00,,,28.41508,77.04353,Nischal
2018-04-01 20:30:00,,,28.41508,77.04353,Nischal
2018-04-01 20:45:00,,,28.41508,77.04353,Nischal
2018-04-01 21:00:00,,,28.41508,77.04353,Nischal
2018-04-01 21:15:00,,,28.41508,77.04353,Nischal
2018-04-01 21:30:00,,,28.41508,77.04353,Nischal
2018-04-01 21:45:00,,,28.41508,77.04353,Nischal
2018-04-01 22:00:00,,,28.41508,77.04353,Nischal
2018-04-01 22:15:00,,,28.41508,77.04353,Nischal
2018-04-01 22:30:00,,,28.41508,77.04353,Nischal
2018-04-01 22:45:00,,,28.41508,77.04353,Nischal
2018-04-01 23:00:00,,,28.41508,77.04353,Nischal
2018-04-01 23:15:00,,,28.41508,77.04353,Nischal
2018-04-01 23:30:00,,,28.41508,77.04353,Nischal
2018-04-01 23:45:00,,,28.41508,77.04353,Nischal
2018-04-02 00:00:00,,,28.41508,77.04353,Nischal
2018-04-02 00:15:00,,,28.41508,77.04353,Nischal
2018-04-02 00:30:00,,,28.41508,77.04353,Nischal
2018-04-02 00:45:00,,,28.41508,77.04353,Nischal
2018-04-02 01:00:00,,,28.41508,77.04353,Nischal
2018-04-02 01:15:00,,,28.41508,77.04353,Nischal
2018-04-02 01:30:00,,,28.41508,77.04353,Nischal
2018-04-02 01:45:00,,,28.41508,77.04353,Nischal
2018-04-02 02:00:00,,,28.41508,77.04353,Nischal
2018-04-02 02:15:00,,,28.41508,77.04353,Nischal
2018-04-02 02:30:00,,,28.41508,77.04353,Nischal
2018-04-02 02:45:00,,,28.41508,77.04353,Nischal
2018-04-02 03:00:00,,,28.41508,77.04353,Nischal
2018-04-02 03:15:00,,,28.41508,77.04353,Nischal
2018-04-02 03:30:00,,,28.41508,77.04353,Nischal
2018-04-02 03:45:00,,,28.41508,77.04353,Nischal
2018-04-02 04:00:00,,,28.41508,77.04353,Nischal
2018-04-02 04:15:00,,,28.41508,77.04353,Nischal
2018-04-02 04:30:00,,,28.41508,77.04353,Nischal
2018-04-02 04:45:00,,,28.41508,77.04353,Nischal
2018-04-02 05:00:00,,,28.41508,77.04353,Nischal
2018-04-02 05:15:00,,,28.41508,77.04353,Nischal
2018-04-02 05:30:00,,,28.41508,77.04353,Nischal
2018-04-02 05:45:00,,,28.41508,77.04353,Nischal
2018-04-02 06:00:00,,,28.41508,77.04353,Nischal
2018-04-02 06:15:00,,,28.41508,77.04353,Nischal
2018-04-02 06:30:00,,,28.41508,77.04353,Nischal
2018-04-02 06:45:00,,,28.41508,77.04353,Nischal
2018-04-02 07:00:00,,,28.41508,77.04353,Nischal
2018-04-02 07:15:00,,,28.41508,77.04353,Nischal
2018-04-02 07:30:00,,,28.41508,77.04353,Nischal
2018-04-02 07:45:00,,,28.41508,77.04353,Nischal
2018-04-02 08:00:00,,,28.41508,77.04353,Nischal
2018-04-02 08:15:00,,,28.41508,77.04353,Nischal
2018-04-02 08:30:00,,,28.41508,77.04353,Nischal
2018-04-02 08:45:00,,,28.41508,77.04353,Nischal
2018-04-02 09:00:00,,,28.41508,77.04353,Nischal
2018-04-02 09:15:00,,,28.41508,77.04353,Nischal
2018-04-02 09:30:00,,,28.41508,77.04353,Nischal
2018-04-02 09:45:00,,,28.41508,77.04353,Nischal
2018-04-02 10:00:00,,,28.41508,77.04353,Nischal
2018-04-02 10:15:00,,,28.41508,77.04353,Nischal
2018-04-02 10:30:00,,,28.41508,77.04353,Nischal
2018-04-02 10:45:00,,,28.41508,77.04353,Nischal
2018-04-02 11:00:00,,,28.41508,77.04353,Nischal
2018-04-02 11:15:00,,,28.41508,77.04353,Nischal
2018-04-02 11:30:00,,,28.41508,77.04353,Nischal
2018-04-02 11:45:00,,,28.41508,77.04353,Nischal
2018-04-02 12:00:00,,,28.41508,77.04353,Nischal
2018-04-02 12:15:00,,,28.41508,77.04353,Nischal
2018-04-02 12:30:00,,,28.41508,77.04353,Nischal
2018-04-02 12:45:00,,,28.41508,77.04353,Nischal
2018-04-02 13:00:00,,,28.41508,77.04353,Nischal
2018-04-02 13:15:00,,,28.41508,77.04353,Nischal
2018-04-02 13:30:00,,,28.41508,77.04353,Nischal
2018-04-02 13:45:00,,,28.41508,77.04353,Nischal
2018-04-02 14:00:00,,,28.41508,77.04353,Nischal
2018-04-02 14:15:00,,,28.41508,77.04353,Nischal
2018-04-02 14:30:00,,,28.41508,77.04353,Nischal
2018-04-02 14:45:00,,,28.41508,77.04353,Nischal
2018-04-02 15:00:00,,,28.41508,77.04353,Nischal
2018-04-02 15:15:00,,,28.41508,77.04353,Nischal
2018-04-02 15:30:00,,,28.41508,77.04353,Nischal
2018-04-02 15:45:00,,,28.41508,77.04353,Nischal
2018-04-02 16:00:00,,,28.41508,77.04353,Nischal
2018-04-02 16:15:00,,,28.41508,77.04353,Nischal
2018-04-02 16:30:00,,,28.41508,77.04353,Nischal
2018-04-02 16:45:00,,,28.41508,77.04353,Nischal
2018-04-02 17:00:00,,,28.41508,77.04353,Nischal
2018-04-02 17:15:00,,,28.41508,77.04353,Nischal
2018-04-02 17:30:00,,,28.41508,77.04353,Nischal
2018-04-02 17:45:00,,,28.41508,77.04353,Nischal
2018-04-02 18:00:00,,,28.41508,77.04353,Nischal
2018-04-02 18:15:00,,,28.41508,77.04353,Nischal
2018-04-02 18:30:00,,,28.41508,77.04353,Nischal
2018-04-02 18:45:00,,,28.41508,77.04353,Nischal
2018-04-02 19:00:00,,,28.41508,77.04353,Nischal
2018-04-02 19:15:00,,,28.41508,77.04353,Nischal
2018-04-02 19:30:00,,,28.41508,77.04353,Nischal
2018-04-02 19:45:00,,,28.41508,77.04353,Nischal
2018-04-02 20:00:00,,,28.41508,77.04353,Nischal
2018-04-02 20:15:00,,,28.41508,77.04353,Nischal
2018-04-02 20:30:00,,,28.41508,77.04353,Nischal
2018-04-02 20:45:00,,,28.41508,77.04353,Nischal
2018-04-02 21:00:00,,,28.41508,77.04353,Nischal
2018-04-02 21:15:00,,,28.41508,77.04353,Nischal
2018-04-02 21:30:00,,,28.41508,77.04353,Nischal
2018-04-02 21:45:00,,,28.41508,77.04353,Nischal
2018-04-02 22:00:00,,,28.41508,77.04353,Nischal
2018-04-02 22:15:00,,,28.41508,77.04353,Nischal
2018-04-02 22:30:00,,,28.41508,77.04353,Nischal
2018-04-02 22:45:00,,,28.41508,77.04353,Nischal
2018-04-02 23:00:00,,,28.41508,77.04353,Nischal
2018-04-02 23:15:00,,,28.41508,77.04353,Nischal
2018-04-02 23:30:00,,,28.41508,77.04353,Nischal
2018-04-02 23:45:00,,,28.41508,77.04353,Nischal
2018-04-03 00:00:00,,,28.41508,77.04353,Nischal
2018-04-03 00:15:00,,,28.41508,77.04353,Nischal
2018-04-03 00:30:00,,,28.41508,77.04353,Nischal
2018-04-03 00:45:00,,,28.41508,77.04353,Nischal
2018-04-03 01:00:00,,,28.41508,77.04353,Nischal
2018-04-03 01:15:00,,,28.41508,77.04353,Nischal
2018-04-03 01:30:00,,,28.41508,77.04353,Nischal
2018-04-03 01:45:00,,,28.41508,77.04353,Nischal
2018-04-03 02:00:00,,,28.41508,77.04353,Nischal
2018-04-03 02:15:00,,,28.41508,77.04353,Nischal
2018-04-03 02:30:00,,,28.41508,77.04353,Nischal
2018-04-03 02:45:00,,,28.41508,77.04353,Nischal
2018-04-03 03:00:00,,,28.41508,77.04353,Nischal
2018-04-03 03:15:00,,,28.41508,77.04353,Nischal
2018-04-03 03:30:00,,,28.41508,77.04353,Nischal
2018-04-03 03:45:00,,,28.41508,77.04353,Nischal
2018-04-03 04:00:00,,,28.41508,77.04353,Nischal
2018-04-03 04:15:00,,,28.41508,77.04353,Nischal
2018-04-03 04:30:00,,,28.41508,77.04353,Nischal
2018-04-03 04:45:00,,,28.41508,77.04353,Nischal
2018-04-03 05:00:00,,,28.41508,77.04353,Nischal
2018-04-03 05:15:00,,,28.41508,77.04353,Nischal
2018-04-03 05:30:00,,,28.41508,77.04353,Nischal
2018-04-03 05:45:00,,,28.41508,77.04353,Nischal
2018-04-03 06:00:00,,,28.41508,77.04353,Nischal
2018-04-03 06:15:00,,,28.41508,77.04353,Nischal
2018-04-03 06:30:00,,,28.41508,77.04353,Nischal
2018-04-03 06:45:00,,,28.41508,77.04353,Nischal
2018-04-03 07:00:00,,,28.41508,77.04353,Nischal
2018-04-03 07:15:00,,,28.41508,77.04353,Nischal
2018-04-03 07:30:00,,,28.41508,77.04353,Nischal
2018-04-03 07:45:00,,,28.41508,77.04353,Nischal
2018-04-03 08:00:00,,,28.41508,77.04353,Nischal
2018-04-03 08:15:00,,,28.41508,77.04353,Nischal
2018-04-03 08:30:00,,,28.41508,77.04353,Nischal
2018-04-03 08:45:00,,,28.41508,77.04353,Nischal
2018-04-03 09:00:00,,,28.41508,77.04353,Nischal
2018-04-03 09:15:00,,,28.41508,77.04353,Nischal
2018-04-03 09:30:00,,,28.41508,77.04353,Nischal
2018-04-03 09:45:00,,,28.41508,77.04353,Nischal
2018-04-03 10:00:00,,,28.41508,77.04353,Nischal
2018-04-03 10:15:00,,,28.41508,77.04353,Nischal
2018-04-03 10:30:00,,,28.41508,77.04353,Nischal
2018-04-03 10:45:00,,,28.41508,77.04353,Nischal
2018-04-03 11:00:00,,,28.41508,77.04353,Nischal
2018-04-03 11:15:00,,,28.41508,77.04353,Nischal
2018-04-03 11:30:00,,,28.41508,77.04353,Nischal
2018-04-03 11:45:00,,,28.41508,77.04353,Nischal
2018-04-03 12:00:00,,,28.41508,77.04353,Nischal
2018-04-03 12:15:00,,,28.41508,77.04353,Nischal
2018-04-03 12:30:00,,,28.41508,77.04353,Nischal
2018-04-03 12:45:00,,,28.41508,77.04353,Nischal
2018-04-03 13:00:00,,,28.41508,77.04353,Nischal
2018-04-03 13:15:00,,,28.41508,77.04353,Nischal
2018-04-03 13:30:00,,,28.41508,77.04353,Nischal
2018-04-03 13:45:00,,,28.41508,77.04353,Nischal
2018-04-03 14:00:00,,,28.41508,77.04353,Nischal
2018-04-03 14:15:00,,,28.41508,77.04353,Nischal
2018-04-03 14:30:00,,,28.41508,77.04353,Nischal
2018-04-03 14:45:00,,,28.41508,77.04353,Nischal
2018-04-03 15:00:00,,,28.41508,77.04353,Nischal
2018-04-03 15:15:00,,,28.41508,77.04353,Nischal
2018-04-03 15:30:00,,,28.41508,77.04353,Nischal
2018-04-03 15:45:00,,,28.41508,77.04353,Nischal
2018-04-03 16:00:00,,,28.41508,77.04353,Nischal
2018-04-03 16:15:00,,,28.41508,77.04353,Nischal
2018-04-03 16:30:00,,,28.41508,77.04353,Nischal
2018-04-03 16:45:00,,,28.41508,77.04353,Nischal
2018-04-03 17:00:00,,,28.41508,77.04353,Nischal
2018-04-03 17:15:00,,,28.41508,77.04353,Nischal
2018-04-03 17:30:00,,,28.41508,77.04353,Nischal
2018-04-03 17:45:00,,,28.41508,77.04353,Nischal
2018-04-03 18:00:00,,,28.41508,77.04353,Nischal
2018-04-03 18:15:00,,,28.41508,77.04353,Nischal
2018-04-03 18:30:00,,,28.41508,77.04353,Nischal
2018-04-03 18:45:00,,,28.41508,77.04353,Nischal
2018-04-03 19:00:00,,,28.41508,77.04353,Nischal
2018-04-03 19:15:00,,,28.41508,77.04353,Nischal
2018-04-03 19:30:00,,,28.41508,77.04353,Nischal
2018-04-03 19:45:00,,,28.41508,77.04353,Nischal
2018-04-03 20:00:00,,,28.41508,77.04353,Nischal
2018-04-03 20:15:00,,,28.41508,77.04353,Nischal
2018-04-03 20:30:00,,,28.41508,77.04353,Nischal
2018-04-03 20:45:00,,,28.41508,77.04353,Nischal
2018-04-03 21:00:00,,,28.41508,77.04353,Nischal
2018-04-03 21:15:00,,,28.41508,77.04353,Nischal
2018-04-03 21:30:00,,,28.41508,77.04353,Nischal
2018-04-03 21:45:00,,,28.41508,77.04353,Nischal
2018-04-03 22:00:00,,,28.41508,77.04353,Nischal
2018-04-03 22:15:00,,,28.41508,77.04353,Nischal
2018-04-03 22:30:00,,,28.41508,77.04353,Nischal
2018-04-03 22:45:00,,,28.41508,77.04353,Nischal
2018-04-03 23:00:00,,,28.41508,77.04353,Nischal
2018-04-03 23:15:00,,,28.41508,77.04353,Nischal
2018-04-03 23:30:00,,,28.41508,77.04353,Nischal
2018-04-03 23:45:00,,,28.41508,77.04353,Nischal
2018-04-04 00:00:00,,,28.41508,77.04353,Nischal
2018-04-04 00:15:00,,,28.41508,77.04353,Nischal
2018-04-04 00:30:00,,,28.41508,77.04353,Nischal
2018-04-04 00:45:00,,,28.41508,77.04353,Nischal
2018-04-04 01:00:00,,,28.41508,77.04353,Nischal
2018-04-04 01:15:00,,,28.41508,77.04353,Nischal
2018-04-04 01:30:00,,,28.41508,77.04353,Nischal
2018-04-04 01:45:00,,,28.41508,77.04353,Nischal
2018-04-04 02:00:00,,,28.41508,77.04353,Nischal
2018-04-04 02:15:00,,,28.41508,77.04353,Nischal
2018-04-04 02:30:00,,,28.41508,77.04353,Nischal
2018-04-04 02:45:00,,,28.41508,77.04353,Nischal
2018-04-04 03:00:00,,,28.41508,77.04353,Nischal
2018-04-04 03:15:00,,,28.41508,77.04353,Nischal
2018-04-04 03:30:00,,,28.41508,77.04353,Nischal
2018-04-04 03:45:00,,,28.41508,77.04353,Nischal
2018-04-04 04:00:00,,,28.41508,77.04353,Nischal
2018-04-04 04:15:00,,,28.41508,77.04353,Nischal
2018-04-04 04:30:00,,,28.41508,77.04353,Nischal
2018-04-04 04:45:00,,,28.41508,77.04353,Nischal
2018-04-04 05:00:00,,,28.41508,77.04353,Nischal
2018-04-04 05:15:00,,,28.41508,77.04353,Nischal
2018-04-04 05:30:00,,,28.41508,77.04353,Nischal
2018-04-04 05:45:00,,,28.41508,77.04353,Nischal
2018-04-04 06:00:00,,,28.41508,77.04353,Nischal
2018-04-04 06:15:00,,,28.41508,77.04353,Nischal
2018-04-04 06:30:00,,,28.41508,77.04353,Nischal
2018-04-04 06:45:00,,,28.41508,77.04353,Nischal
2018-04-04 07:00:00,,,28.41508,77.04353,Nischal
2018-04-04 07:15:00,,,28.41508,77.04353,Nischal
2018-04-04 07:30:00,,,28.41508,77.04353,Nischal
2018-04-04 07:45:00,,,28.41508,77.04353,Nischal
2018-04-04 08:00:00,,,28.41508,77.04353,Nischal
2018-04-04 08:15:00,,,28.41508,77.04353,Nischal
2018-04-04 08:30:00,,,28.41508,77.04353,Nischal
2018-04-04 08:45:00,,,28.41508,77.04353,Nischal
2018-04-04 09:00:00,,,28.41508,77.04353,Nischal
2018-04-04 09:15:00,,,28.41508,77.04353,Nischal
2018-04-04 09:30:00,,,28.41508,77.04353,Nischal
2018-04-04 09:45:00,,,28.41508,77.04353,Nischal
2018-04-04 10:00:00,,,28.41508,77.04353,Nischal
2018-04-04 10:15:00,,,28.41508,77.04353,Nischal
2018-04-04 10:30:00,,,28.41508,77.04353,Nischal
2018-04-04 10:45:00,,,28.41508,77.04353,Nischal
2018-04-04 11:00:00,,,28.41508,77.04353,Nischal
2018-04-04 11:15:00,,,28.41508,77.04353,Nischal
2018-04-04 11:30:00,,,28.41508,77.04353,Nischal
2018-04-04 11:45:00,,,28.41508,77.04353,Nischal
2018-04-04 12:00:00,,,28.41508,77.04353,Nischal
2018-04-04 12:15:00,,,28.41508,77.04353,Nischal
2018-04-04 12:30:00,,,28.41508,77.04353,Nischal
2018-04-04 12:45:00,,,28.41508,77.04353,Nischal
2018-04-04 13:00:00,,,28.41508,77.04353,Nischal
2018-04-04 13:15:00,,,28.41508,77.04353,Nischal
2018-04-04 13:30:00,,,28.41508,77.04353,Nischal
2018-04-04 13:45:00,,,28.41508,77.04353,Nischal
2018-04-04 14:00:00,,,28.41508,77.04353,Nischal
2018-04-04 14:15:00,,,28.41508,77.04353,Nischal
2018-04-04 14:30:00,,,28.41508,77.04353,Nischal
2018-04-04 14:45:00,,,28.41508,77.04353,Nischal
2018-04-04 15:00:00,,,28.41508,77.04353,Nischal
2018-04-04 15:15:00,,,28.41508,77.04353,Nischal
2018-04-04 15:30:00,,,28.41508,77.04353,Nischal
2018-04-04 15:45:00,,,28.41508,77.04353,Nischal
2018-04-04 16:00:00,,,28.41508,77.04353,Nischal
2018-04-04 16:15:00,,,28.41508,77.04353,Nischal
2018-04-04 16:30:00,,,28.41508,77.04353,Nischal
2018-04-04 16:45:00,,,28.41508,77.04353,Nischal
2018-04-04 17:00:00,,,28.41508,77.04353,Nischal
2018-04-04 17:15:00,,,28.41508,77.04353,Nischal
2018-04-04 17:30:00,,,28.41508,77.04353,Nischal
2018-04-04 17:45:00,,,28.41508,77.04353,Nischal
2018-04-04 18:00:00,,,28.41508,77.04353,Nischal
2018-04-04 18:15:00,,,28.41508,77.04353,Nischal
2018-04-04 18:30:00,,,28.41508,77.04353,Nischal
2018-04-04 18:45:00,,,28.41508,77.04353,Nischal
2018-04-04 19:00:00,,,28.41508,77.04353,Nischal
2018-04-04 19:15:00,,,28.41508,77.04353,Nischal
2018-04-04 19:30:00,,,28.41508,77.04353,Nischal
2018-04-04 19:45:00,,,28.41508,77.04353,Nischal
2018-04-04 20:00:00,,,28.41508,77.04353,Nischal
2018-04-04 20:15:00,,,28.41508,77.04353,Nischal
2018-04-04 20:30:00,,,28.41508,77.04353,Nischal
2018-04-04 20:45:00,,,28.41508,77.04353,Nischal
2018-04-04 21:00:00,,,28.41508,77.04353,Nischal
2018-04-04 21:15:00,,,28.41508,77.04353,Nischal
2018-04-04 21:30:00,,,28.41508,77.04353,Nischal
2018-04-04 21:45:00,,,28.41508,77.04353,Nischal
2018-04-04 22:00:00,,,28.41508,77.04353,Nischal
2018-04-04 22:15:00,,,28.41508,77.04353,Nischal
2018-04-04 22:30:00,,,28.41508,77.04353,Nischal
2018-04-04 22:45:00,,,28.41508,77.04353,Nischal
2018-04-04 23:00:00,,,28.41508,77.04353,Nischal
2018-04-04 23:15:00,,,28.41508,77.04353,Nischal
2018-04-04 23:30:00,,,28.41508,77.04353,Nischal
2018-04-04 23:45:00,,,28.41508,77.04353,Nischal
2018-04-05 00:00:00,,,28.41508,77.04353,Nischal
2018-04-05 00:15:00,,,28.41508,77.04353,Nischal
2018-04-05 00:30:00,,,28.41508,77.04353,Nischal
2018-04-05 00:45:00,,,28.41508,77.04353,Nischal
2018-04-05 01:00:00,,,28.41508,77.04353,Nischal
2018-04-05 01:15:00,,,28.41508,77.04353,Nischal
2018-04-05 01:30:00,,,28.41508,77.04353,Nischal
2018-04-05 01:45:00,,,28.41508,77.04353,Nischal
2018-04-05 02:00:00,,,28.41508,77.04353,Nischal
2018-04-05 02:15:00,,,28.41508,77.04353,Nischal
2018-04-05 02:30:00,,,28.41508,77.04353,Nischal
2018-04-05 02:45:00,,,28.41508,77.04353,Nischal
2018-04-05 03:00:00,,,28.41508,77.04353,Nischal
2018-04-05 03:15:00,,,28.41508,77.04353,Nischal
2018-04-05 03:30:00,,,28.41508,77.04353,Nischal
2018-04-05 03:45:00,,,28.41508,77.04353,Nischal
2018-04-05 04:00:00,,,28.41508,77.04353,Nischal
2018-04-05 04:15:00,,,28.41508,77.04353,Nischal
2018-04-05 04:30:00,,,28.41508,77.04353,Nischal
2018-04-05 04:45:00,,,28.41508,77.04353,Nischal
2018-04-05 05:00:00,,,28.41508,77.04353,Nischal
2018-04-05 05:15:00,,,28.41508,77.04353,Nischal
2018-04-05 05:30:00,,,28.41508,77.04353,Nischal
2018-04-05 05:45:00,,,28.41508,77.04353,Nischal
2018-04-05 06:00:00,,,28.41508,77.04353,Nischal
2018-04-05 06:15:00,,,28.41508,77.04353,Nischal
2018-04-05 06:30:00,,,28.41508,77.04353,Nischal
2018-04-05 06:45:00,,,28.41508,77.04353,Nischal
2018-04-05 07:00:00,,,28.41508,77.04353,Nischal
2018-04-05 07:15:00,,,28.41508,77.04353,Nischal
2018-04-05 07:30:00,,,28.41508,77.04353,Nischal
2018-04-05 07:45:00,,,28.41508,77.04353,Nischal
2018-04-05 08:00:00,,,28.41508,77.04353,Nischal
2018-04-05 08:15:00,,,28.41508,77.04353,Nischal
2018-04-05 08:30:00,,,28.41508,77.04353,Nischal
2018-04-05 08:45:00,,,28.41508,77.04353,Nischal
2018-04-05 09:00:00,,,28.41508,77.04353,Nischal
2018-04-05 09:15:00,,,28.41508,77.04353,Nischal
2018-04-05 09:30:00,,,28.41508,77.04353,Nischal
2018-04-05 09:45:00,,,28.41508,77.04353,Nischal
2018-04-05 10:00:00,,,28.41508,77.04353,Nischal
2018-04-05 10:15:00,,,28.41508,77.04353,Nischal
2018-04-05 10:30:00,,,28.41508,77.04353,Nischal
2018-04-05 10:45:00,,,28.41508,77.04353,Nischal
2018-04-05 11:00:00,,,28.41508,77.04353,Nischal
2018-04-05 11:15:00,,,28.41508,77.04353,Nischal
2018-04-05 11:30:00,,,28.41508,77.04353,Nischal
2018-04-05 11:45:00,,,28.41508,77.04353,Nischal
2018-04-05 12:00:00,,,28.41508,77.04353,Nischal
2018-04-05 12:15:00,,,28.41508,77.04353,Nischal
2018-04-05 12:30:00,,,28.41508,77.04353,Nischal
2018-04-05 12:45:00,,,28.41508,77.04353,Nischal
2018-04-05 13:00:00,,,28.41508,77.04353,Nischal
2018-04-05 13:15:00,,,28.41508,77.04353,Nischal
2018-04-05 13:30:00,,,28.41508,77.04353,Nischal
2018-04-05 13:45:00,,,28.41508,77.04353,Nischal
2018-04-05 14:00:00,,,28.41508,77.04353,Nischal
2018-04-05 14:15:00,,,28.41508,77.04353,Nischal
2018-04-05 14:30:00,,,28.41508,77.04353,Nischal
2018-04-05 14:45:00,,,28.41508,77.04353,Nischal
2018-04-05 15:00:00,,,28.41508,77.04353,Nischal
2018-04-05 15:15:00,,,28.41508,77.04353,Nischal
2018-04-05 15:30:00,,,28.41508,77.04353,Nischal
2018-04-05 15:45:00,,,28.41508,77.04353,Nischal
2018-04-05 16:00:00,,,28.41508,77.04353,Nischal
2018-04-05 16:15:00,,,28.41508,77.04353,Nischal
2018-04-05 16:30:00,,,28.41508,77.04353,Nischal
2018-04-05 16:45:00,,,28.41508,77.04353,Nischal
2018-04-05 17:00:00,,,28.41508,77.04353,Nischal
2018-04-05 17:15:00,,,28.41508,77.04353,Nischal
2018-04-05 17:30:00,,,28.41508,77.04353,Nischal
2018-04-05 17:45:00,,,28.41508,77.04353,Nischal
2018-04-05 18:00:00,,,28.41508,77.04353,Nischal
2018-04-05 18:15:00,,,28.41508,77.04353,Nischal
2018-04-05 18:30:00,,,28.41508,77.04353,Nischal
2018-04-05 18:45:00,,,28.41508,77.04353,Nischal
2018-04-05 19:00:00,,,28.41508,77.04353,Nischal
2018-04-05 19:15:00,,,28.41508,77.04353,Nischal
2018-04-05 19:30:00,,,28.41508,77.04353,Nischal
2018-04-05 19:45:00,,,28.41508,77.04353,Nischal
2018-04-05 20:00:00,,,28.41508,77.04353,Nischal
2018-04-05 20:15:00,,,28.41508,77.04353,Nischal
2018-04-05 20:30:00,,,28.41508,77.04353,Nischal
2018-04-05 20:45:00,,,28.41508,77.04353,Nischal
2018-04-05 21:00:00,,,28.41508,77.04353,Nischal
2018-04-05 21:15:00,,,28.41508,77.04353,Nischal
2018-04-05 21:30:00,,,28.41508,77.04353,Nischal
2018-04-05 21:45:00,,,28.41508,77.04353,Nischal
2018-04-05 22:00:00,,,28.41508,77.04353,Nischal
2018-04-05 22:15:00,,,28.41508,77.04353,Nischal
2018-04-05 22:30:00,,,28.41508,77.04353,Nischal
2018-04-05 22:45:00,,,28.41508,77.04353,Nischal
2018-04-05 23:00:00,,,28.41508,77.04353,Nischal
2018-04-05 23:15:00,,,28.41508,77.04353,Nischal
2018-04-05 23:30:00,,,28.41508,77.04353,Nischal
2018-04-05 23:45:00,,,28.41508,77.04353,Nischal
2018-04-06 00:00:00,,,28.41508,77.04353,Nischal
2018-04-06 00:15:00,,,28.41508,77.04353,Nischal
2018-04-06 00:30:00,,,28.41508,77.04353,Nischal
2018-04-06 00:45:00,,,28.41508,77.04353,Nischal
2018-04-06 01:00:00,,,28.41508,77.04353,Nischal
2018-04-06 01:15:00,,,28.41508,77.04353,Nischal
2018-04-06 01:30:00,,,28.41508,77.04353,Nischal
2018-04-06 01:45:00,,,28.41508,77.04353,Nischal
2018-04-06 02:00:00,,,28.41508,77.04353,Nischal
2018-04-06 02:15:00,,,28.41508,77.04353,Nischal
2018-04-06 02:30:00,,,28.41508,77.04353,Nischal
2018-04-06 02:45:00,,,28.41508,77.04353,Nischal
2018-04-06 03:00:00,,,28.41508,77.04353,Nischal
2018-04-06 03:15:00,,,28.41508,77.04353,Nischal
2018-04-06 03:30:00,,,28.41508,77.04353,Nischal
2018-04-06 03:45:00,,,28.41508,77.04353,Nischal
2018-04-06 04:00:00,,,28.41508,77.04353,Nischal
2018-04-06 04:15:00,,,28.41508,77.04353,Nischal
2018-04-06 04:30:00,,,28.41508,77.04353,Nischal
2018-04-06 04:45:00,,,28.41508,77.04353,Nischal
2018-04-06 05:00:00,,,28.41508,77.04353,Nischal
2018-04-06 05:15:00,,,28.41508,77.04353,Nischal
2018-04-06 05:30:00,,,28.41508,77.04353,Nischal
2018-04-06 05:45:00,,,28.41508,77.04353,Nischal
2018-04-06 06:00:00,,,28.41508,77.04353,Nischal
2018-04-06 06:15:00,,,28.41508,77.04353,Nischal
2018-04-06 06:30:00,,,28.41508,77.04353,Nischal
2018-04-06 06:45:00,,,28.41508,77.04353,Nischal
2018-04-06 07:00:00,,,28.41508,77.04353,Nischal
2018-04-06 07:15:00,,,28.41508,77.04353,Nischal
2018-04-06 07:30:00,,,28.41508,77.04353,Nischal
2018-04-06 07:45:00,,,28.41508,77.04353,Nischal
2018-04-06 08:00:00,,,28.41508,77.04353,Nischal
2018-04-06 08:15:00,,,28.41508,77.04353,Nischal
2018-04-06 08:30:00,,,28.41508,77.04353,Nischal
2018-04-06 08:45:00,,,28.41508,77.04353,Nischal
2018-04-06 09:00:00,,,28.41508,77.04353,Nischal
2018-04-06 09:15:00,,,28.41508,77.04353,Nischal
2018-04-06 09:30:00,,,28.41508,77.04353,Nischal
2018-04-06 09:45:00,,,28.41508,77.04353,Nischal
2018-04-06 10:00:00,,,28.41508,77.04353,Nischal
2018-04-06 10:15:00,,,28.41508,77.04353,Nischal
2018-04-06 10:30:00,,,28.41508,77.04353,Nischal
2018-04-06 10:45:00,,,28.41508,77.04353,Nischal
2018-04-06 11:00:00,,,28.41508,77.04353,Nischal
2018-04-06 11:15:00,,,28.41508,77.04353,Nischal
2018-04-06 11:30:00,,,28.41508,77.04353,Nischal
2018-04-06 11:45:00,,,28.41508,77.04353,Nischal
2018-04-06 12:00:00,,,28.41508,77.04353,Nischal
2018-04-06 12:15:00,,,28.41508,77.04353,Nischal
2018-04-06 12:30:00,,,28.41508,77.04353,Nischal
2018-04-06 12:45:00,,,28.41508,77.04353,Nischal
2018-04-06 13:00:00,,,28.41508,77.04353,Nischal
2018-04-06 13:15:00,,,28.41508,77.04353,Nischal
2018-04-06 13:30:00,,,28.41508,77.04353,Nischal
2018-04-06 13:45:00,,,28.41508,77.04353,Nischal
2018-04-06 14:00:00,,,28.41508,77.04353,Nischal
2018-04-06 14:15:00,,,28.41508,77.04353,Nischal
2018-04-06 14:30:00,,,28.41508,77.04353,Nischal
2018-04-06 14:45:00,,,28.41508,77.04353,Nischal
2018-04-06 15:00:00,,,28.41508,77.04353,Nischal
2018-04-06 15:15:00,,,28.41508,77.04353,Nischal
2018-04-06 15:30:00,,,28.41508,77.04353,Nischal
2018-04-06 15:45:00,,,28.41508,77.04353,Nischal
2018-04-06 16:00:00,,,28.41508,77.04353,Nischal
2018-04-06 16:15:00,,,28.41508,77.04353,Nischal
2018-04-06 16:30:00,,,28.41508,77.04353,Nischal
2018-04-06 16:45:00,,,28.41508,77.04353,Nischal
2018-04-06 17:00:00,,,28.41508,77.04353,Nischal
2018-04-06 17:15:00,,,28.41508,77.04353,Nischal
2018-04-06 17:30:00,,,28.41508,77.04353,Nischal
2018-04-06 17:45:00,,,28.41508,77.04353,Nischal
2018-04-06 18:00:00,,,28.41508,77.04353,Nischal
2018-04-06 18:15:00,,,28.41508,77.04353,Nischal
2018-04-06 18:30:00,,,28.41508,77.04353,Nischal
2018-04-06 18:45:00,,,28.41508,77.04353,Nischal
2018-04-06 19:00:00,,,28.41508,77.04353,Nischal
2018-04-06 19:15:00,,,28.41508,77.04353,Nischal
2018-04-06 19:30:00,,,28.41508,77.04353,Nischal
2018-04-06 19:45:00,,,28.41508,77.04353,Nischal
2018-04-06 20:00:00,,,28.41508,77.04353,Nischal
2018-04-06 20:15:00,,,28.41508,77.04353,Nischal
2018-04-06 20:30:00,,,28.41508,77.04353,Nischal
2018-04-06 20:45:00,,,28.41508,77.04353,Nischal
2018-04-06 21:00:00,,,28.41508,77.04353,Nischal
2018-04-06 21:15:00,,,28.41508,77.04353,Nischal
2018-04-06 21:30:00,,,28.41508,77.04353,Nischal
2018-04-06 21:45:00,,,28.41508,77.04353,Nischal
2018-04-06 22:00:00,,,28.41508,77.04353,Nischal
2018-04-06 22:15:00,,,28.41508,77.04353,Nischal
2018-04-06 22:30:00,,,28.41508,77.04353,Nischal
2018-04-06 22:45:00,,,28.41508,77.04353,Nischal
2018-04-06 23:00:00,,,28.41508,77.04353,Nischal
2018-04-06 23:15:00,,,28.41508,77.04353,Nischal
2018-04-06 23:30:00,,,28.41508,77.04353,Nischal
2018-04-06 23:45:00,,,28.41508,77.04353,Nischal
2018-04-07 00:00:00,,,28.41508,77.04353,Nischal
2018-04-07 00:15:00,,,28.41508,77.04353,Nischal
2018-04-07 00:30:00,,,28.41508,77.04353,Nischal
2018-04-07 00:45:00,,,28.41508,77.04353,Nischal
2018-04-07 01:00:00,,,28.41508,77.04353,Nischal
2018-04-07 01:15:00,,,28.41508,77.04353,Nischal
2018-04-07 01:30:00,,,28.41508,77.04353,Nischal
2018-04-07 01:45:00,,,28.41508,77.04353,Nischal
2018-04-07 02:00:00,,,28.41508,77.04353,Nischal
2018-04-07 02:15:00,,,28.41508,77.04353,Nischal
2018-04-07 02:30:00,,,28.41508,77.04353,Nischal
2018-04-07 02:45:00,,,28.41508,77.04353,Nischal
2018-04-07 03:00:00,,,28.41508,77.04353,Nischal
2018-04-07 03:15:00,,,28.41508,77.04353,Nischal
2018-04-07 03:30:00,,,28.41508,77.04353,Nischal
2018-04-07 03:45:00,,,28.41508,77.04353,Nischal
2018-04-07 04:00:00,,,28.41508,77.04353,Nischal
2018-04-07 04:15:00,,,28.41508,77.04353,Nischal
2018-04-07 04:30:00,,,28.41508,77.04353,Nischal
2018-04-07 04:45:00,,,28.41508,77.04353,Nischal
2018-04-07 05:00:00,,,28.41508,77.04353,Nischal
2018-04-07 05:15:00,,,28.41508,77.04353,Nischal
2018-04-07 05:30:00,,,28.41508,77.04353,Nischal
2018-04-07 05:45:00,,,28.41508,77.04353,Nischal
2018-04-07 06:00:00,,,28.41508,77.04353,Nischal
2018-04-07 06:15:00,,,28.41508,77.04353,Nischal
2018-04-07 06:30:00,,,28.41508,77.04353,Nischal
2018-04-07 06:45:00,,,28.41508,77.04353,Nischal
2018-04-07 07:00:00,,,28.41508,77.04353,Nischal
2018-04-07 07:15:00,,,28.41508,77.04353,Nischal
2018-04-07 07:30:00,,,28.41508,77.04353,Nischal
2018-04-07 07:45:00,,,28.41508,77.04353,Nischal
2018-04-07 08:00:00,,,28.41508,77.04353,Nischal
2018-04-07 08:15:00,,,28.41508,77.04353,Nischal
2018-04-07 08:30:00,,,28.41508,77.04353,Nischal
2018-04-07 08:45:00,,,28.41508,77.04353,Nischal
2018-04-07 09:00:00,,,28.41508,77.04353,Nischal
2018-04-07 09:15:00,,,28.41508,77.04353,Nischal
2018-04-07 09:30:00,,,28.41508,77.04353,Nischal
2018-04-07 09:45:00,,,28.41508,77.04353,Nischal
2018-04-07 10:00:00,,,28.41508,77.04353,Nischal
2018-04-07 10:15:00,,,28.41508,77.04353,Nischal
2018-04-07 10:30:00,,,28.41508,77.04353,Nischal
2018-04-07 10:45:00,,,28.41508,77.04353,Nischal
2018-04-07 11:00:00,,,28.41508,77.04353,Nischal
2018-04-07 11:15:00,,,28.41508,77.04353,Nischal
2018-04-07 11:30:00,,,28.41508,77.04353,Nischal
2018-04-07 11:45:00,,,28.41508,77.04353,Nischal
2018-04-07 12:00:00,,,28.41508,77.04353,Nischal
2018-04-07 12:15:00,,,28.41508,77.04353,Nischal
2018-04-07 12:30:00,,,28.41508,77.04353,Nischal
2018-04-07 12:45:00,,,28.41508,77.04353,Nischal
2018-04-07 13:00:00,,,28.41508,77.04353,Nischal
2018-04-07 13:15:00,,,28.41508,77.04353,Nischal
2018-04-07 13:30:00,,,28.41508,77.04353,Nischal
2018-04-07 13:45:00,,,28.41508,77.04353,Nischal
2018-04-07 14:00:00,,,28.41508,77.04353,Nischal
2018-04-07 14:15:00,,,28.41508,77.04353,Nischal
2018-04-07 14:30:00,,,28.41508,77.04353,Nischal
2018-04-07 14:45:00,,,28.41508,77.04353,Nischal
2018-04-07 15:00:00,,,28.41508,77.04353,Nischal
2018-04-07 15:15:00,,,28.41508,77.04353,Nischal
2018-04-07 15:30:00,,,28.41508,77.04353,Nischal
2018-04-07 15:45:00,,,28.41508,77.04353,Nischal
2018-04-07 16:00:00,,,28.41508,77.04353,Nischal
2018-04-07 16:15:00,,,28.41508,77.04353,Nischal
2018-04-07 16:30:00,,,28.41508,77.04353,Nischal
2018-04-07 16:45:00,,,28.41508,77.04353,Nischal
2018-04-07 17:00:00,,,28.41508,77.04353,Nischal
2018-04-07 17:15:00,,,28.41508,77.04353,Nischal
2018-04-07 17:30:00,,,28.41508,77.04353,Nischal
2018-04-07 17:45:00,,,28.41508,77.04353,Nischal
2018-04-07 18:00:00,,,28.41508,77.04353,Nischal
2018-04-07 18:15:00,,,28.41508,77.04353,Nischal
2018-04-07 18:30:00,,,28.41508,77.04353,Nischal
2018-04-07 18:45:00,,,28.41508,77.04353,Nischal
2018-04-07 19:00:00,,,28.41508,77.04353,Nischal
2018-04-07 19:15:00,,,28.41508,77.04353,Nischal
2018-04-07 19:30:00,,,28.41508,77.04353,Nischal
2018-04-07 19:45:00,,,28.41508,77.04353,Nischal
2018-04-07 20:00:00,,,28.41508,77.04353,Nischal
2018-04-07 20:15:00,,,28.41508,77.04353,Nischal
2018-04-07 20:30:00,,,28.41508,77.04353,Nischal
2018-04-07 20:45:00,,,28.41508,77.04353,Nischal
2018-04-07 21:00:00,,,28.41508,77.04353,Nischal
2018-04-07 21:15:00,,,28.41508,77.04353,Nischal
2018-04-07 21:30:00,,,28.41508,77.04353,Nischal
2018-04-07 21:45:00,,,28.41508,77.04353,Nischal
2018-04-07 22:00:00,,,28.41508,77.04353,Nischal
2018-04-07 22:15:00,,,28.41508,77.04353,Nischal
2018-04-07 22:30:00,,,28.41508,77.04353,Nischal
2018-04-07 22:45:00,,,28.41508,77.04353,Nischal
2018-04-07 23:00:00,,,28.41508,77.04353,Nischal
2018-04-07 23:15:00,,,28.41508,77.04353,Nischal
2018-04-07 23:30:00,,,28.41508,77.04353,Nischal
2018-04-07 23:45:00,,,28.41508,77.04353,Nischal
2018-04-08 00:00:00,,,28.41508,77.04353,Nischal
2018-04-08 00:15:00,,,28.41508,77.04353,Nischal
2018-04-08 00:30:00,,,28.41508,77.04353,Nischal
2018-04-08 00:45:00,,,28.41508,77.04353,Nischal
2018-04-08 01:00:00,,,28.41508,77.04353,Nischal
2018-04-08 01:15:00,,,28.41508,77.04353,Nischal
2018-04-08 01:30:00,,,28.41508,77.04353,Nischal
2018-04-08 01:45:00,,,28.41508,77.04353,Nischal
2018-04-08 02:00:00,,,28.41508,77.04353,Nischal
2018-04-08 02:15:00,,,28.41508,77.04353,Nischal
2018-04-08 02:30:00,,,28.41508,77.04353,Nischal
2018-04-08 02:45:00,,,28.41508,77.04353,Nischal
2018-04-08 03:00:00,,,28.41508,77.04353,Nischal
2018-04-08 03:15:00,,,28.41508,77.04353,Nischal
2018-04-08 03:30:00,,,28.41508,77.04353,Nischal
2018-04-08 03:45:00,,,28.41508,77.04353,Nischal
2018-04-08 04:00:00,,,28.41508,77.04353,Nischal
2018-04-08 04:15:00,,,28.41508,77.04353,Nischal
2018-04-08 04:30:00,,,28.41508,77.04353,Nischal
2018-04-08 04:45:00,,,28.41508,77.04353,Nischal
2018-04-08 05:00:00,,,28.41508,77.04353,Nischal
2018-04-08 05:15:00,,,28.41508,77.04353,Nischal
2018-04-08 05:30:00,,,28.41508,77.04353,Nischal
2018-04-08 05:45:00,,,28.41508,77.04353,Nischal
2018-04-08 06:00:00,,,28.41508,77.04353,Nischal
2018-04-08 06:15:00,,,28.41508,77.04353,Nischal
2018-04-08 06:30:00,,,28.41508,77.04353,Nischal
2018-04-08 06:45:00,,,28.41508,77.04353,Nischal
2018-04-08 07:00:00,,,28.41508,77.04353,Nischal
2018-04-08 07:15:00,,,28.41508,77.04353,Nischal
2018-04-08 07:30:00,,,28.41508,77.04353,Nischal
2018-04-08 07:45:00,,,28.41508,77.04353,Nischal
2018-04-08 08:00:00,,,28.41508,77.04353,Nischal
2018-04-08 08:15:00,,,28.41508,77.04353,Nischal
2018-04-08 08:30:00,,,28.41508,77.04353,Nischal
2018-04-08 08:45:00,,,28.41508,77.04353,Nischal
2018-04-08 09:00:00,,,28.41508,77.04353,Nischal
2018-04-08 09:15:00,,,28.41508,77.04353,Nischal
2018-04-08 09:30:00,,,28.41508,77.04353,Nischal
2018-04-08 09:45:00,,,28.41508,77.04353,Nischal
2018-04-08 10:00:00,,,28.41508,77.04353,Nischal
2018-04-08 10:15:00,,,28.41508,77.04353,Nischal
2018-04-08 10:30:00,,,28.41508,77.04353,Nischal
2018-04-08 10:45:00,,,28.41508,77.04353,Nischal
2018-04-08 11:00:00,,,28.41508,77.04353,Nischal
2018-04-08 11:15:00,,,28.41508,77.04353,Nischal
2018-04-08 11:30:00,,,28.41508,77.04353,Nischal
2018-04-08 11:45:00,,,28.41508,77.04353,Nischal
2018-04-08 12:00:00,,,28.41508,77.04353,Nischal
2018-04-08 12:15:00,,,28.41508,77.04353,Nischal
2018-04-08 12:30:00,,,28.41508,77.04353,Nischal
2018-04-08 12:45:00,,,28.41508,77.04353,Nischal
2018-04-08 13:00:00,,,28.41508,77.04353,Nischal
2018-04-08 13:15:00,,,28.41508,77.04353,Nischal
2018-04-08 13:30:00,,,28.41508,77.04353,Nischal
2018-04-08 13:45:00,,,28.41508,77.04353,Nischal
2018-04-08 14:00:00,,,28.41508,77.04353,Nischal
2018-04-08 14:15:00,,,28.41508,77.04353,Nischal
2018-04-08 14:30:00,,,28.41508,77.04353,Nischal
2018-04-08 14:45:00,,,28.41508,77.04353,Nischal
2018-04-08 15:00:00,,,28.41508,77.04353,Nischal
2018-04-08 15:15:00,,,28.41508,77.04353,Nischal
2018-04-08 15:30:00,,,28.41508,77.04353,Nischal
2018-04-08 15:45:00,,,28.41508,77.04353,Nischal
2018-04-08 16:00:00,,,28.41508,77.04353,Nischal
2018-04-08 16:15:00,,,28.41508,77.04353,Nischal
2018-04-08 16:30:00,,,28.41508,77.04353,Nischal
2018-04-08 16:45:00,,,28.41508,77.04353,Nischal
2018-04-08 17:00:00,,,28.41508,77.04353,Nischal
2018-04-08 17:15:00,,,28.41508,77.04353,Nischal
2018-04-08 17:30:00,,,28.41508,77.04353,Nischal
2018-04-08 17:45:00,,,28.41508,77.04353,Nischal
2018-04-08 18:00:00,,,28.41508,77.04353,Nischal
2018-04-08 18:15:00,,,28.41508,77.04353,Nischal
2018-04-08 18:30:00,,,28.41508,77.04353,Nischal
2018-04-08 18:45:00,,,28.41508,77.04353,Nischal
2018-04-08 19:00:00,,,28.41508,77.04353,Nischal
2018-04-08 19:15:00,,,28.41508,77.04353,Nischal
2018-04-08 19:30:00,,,28.41508,77.04353,Nischal
2018-04-08 19:45:00,,,28.41508,77.04353,Nischal
2018-04-08 20:00:00,,,28.41508,77.04353,Nischal
2018-04-08 20:15:00,,,28.41508,77.04353,Nischal
2018-04-08 20:30:00,,,28.41508,77.04353,Nischal
2018-04-08 20:45:00,,,28.41508,77.04353,Nischal
2018-04-08 21:00:00,,,28.41508,77.04353,Nischal
2018-04-08 21:15:00,,,28.41508,77.04353,Nischal
2018-04-08 21:30:00,,,28.41508,77.04353,Nischal
2018-04-08 21:45:00,,,28.41508,77.04353,Nischal
2018-04-08 22:00:00,,,28.41508,77.04353,Nischal
2018-04-08 22:15:00,,,28.41508,77.04353,Nischal
2018-04-08 22:30:00,,,28.41508,77.04353,Nischal
2018-04-08 22:45:00,,,28.41508,77.04353,Nischal
2018-04-08 23:00:00,,,28.41508,77.04353,Nischal
2018-04-08 23:15:00,,,28.41508,77.04353,Nischal
2018-04-08 23:30:00,,,28.41508,77.04353,Nischal
2018-04-08 23:45:00,,,28.41508,77.04353,Nischal
2018-04-09 00:00:00,,,28.41508,77.04353,Nischal
2018-04-09 00:15:00,,,28.41508,77.04353,Nischal
2018-04-09 00:30:00,,,28.41508,77.04353,Nischal
2018-04-09 00:45:00,,,28.41508,77.04353,Nischal
2018-04-09 01:00:00,,,28.41508,77.04353,Nischal
2018-04-09 01:15:00,,,28.41508,77.04353,Nischal
2018-04-09 01:30:00,,,28.41508,77.04353,Nischal
2018-04-09 01:45:00,,,28.41508,77.04353,Nischal
2018-04-09 02:00:00,,,28.41508,77.04353,Nischal
2018-04-09 02:15:00,,,28.41508,77.04353,Nischal
2018-04-09 02:30:00,,,28.41508,77.04353,Nischal
2018-04-09 02:45:00,,,28.41508,77.04353,Nischal
2018-04-09 03:00:00,,,28.41508,77.04353,Nischal
2018-04-09 03:15:00,,,28.41508,77.04353,Nischal
2018-04-09 03:30:00,,,28.41508,77.04353,Nischal
2018-04-09 03:45:00,,,28.41508,77.04353,Nischal
2018-04-09 04:00:00,,,28.41508,77.04353,Nischal
2018-04-09 04:15:00,,,28.41508,77.04353,Nischal
2018-04-09 04:30:00,,,28.41508,77.04353,Nischal
2018-04-09 04:45:00,,,28.41508,77.04353,Nischal
2018-04-09 05:00:00,,,28.41508,77.04353,Nischal
2018-04-09 05:15:00,,,28.41508,77.04353,Nischal
2018-04-09 05:30:00,,,28.41508,77.04353,Nischal
2018-04-09 05:45:00,,,28.41508,77.04353,Nischal
2018-04-09 06:00:00,,,28.41508,77.04353,Nischal
2018-04-09 06:15:00,,,28.41508,77.04353,Nischal
2018-04-09 06:30:00,,,28.41508,77.04353,Nischal
2018-04-09 06:45:00,,,28.41508,77.04353,Nischal
2018-04-09 07:00:00,,,28.41508,77.04353,Nischal
2018-04-09 07:15:00,,,28.41508,77.04353,Nischal
2018-04-09 07:30:00,,,28.41508,77.04353,Nischal
2018-04-09 07:45:00,,,28.41508,77.04353,Nischal
2018-04-09 08:00:00,,,28.41508,77.04353,Nischal
2018-04-09 08:15:00,,,28.41508,77.04353,Nischal
2018-04-09 08:30:00,,,28.41508,77.04353,Nischal
2018-04-09 08:45:00,,,28.41508,77.04353,Nischal
2018-04-09 09:00:00,,,28.41508,77.04353,Nischal
2018-04-09 09:15:00,,,28.41508,77.04353,Nischal
2018-04-09 09:30:00,,,28.41508,77.04353,Nischal
2018-04-09 09:45:00,,,28.41508,77.04353,Nischal
2018-04-09 10:00:00,,,28.41508,77.04353,Nischal
2018-04-09 10:15:00,,,28.41508,77.04353,Nischal
2018-04-09 10:30:00,,,28.41508,77.04353,Nischal
2018-04-09 10:45:00,,,28.41508,77.04353,Nischal
2018-04-09 11:00:00,,,28.41508,77.04353,Nischal
2018-04-09 11:15:00,,,28.41508,77.04353,Nischal
2018-04-09 11:30:00,,,28.41508,77.04353,Nischal
2018-04-09 11:45:00,,,28.41508,77.04353,Nischal
2018-04-09 12:00:00,,,28.41508,77.04353,Nischal
2018-04-09 12:15:00,,,28.41508,77.04353,Nischal
2018-04-09 12:30:00,,,28.41508,77.04353,Nischal
2018-04-09 12:45:00,,,28.41508,77.04353,Nischal
2018-04-09 13:00:00,,,28.41508,77.04353,Nischal
2018-04-09 13:15:00,,,28.41508,77.04353,Nischal
2018-04-09 13:30:00,,,28.41508,77.04353,Nischal
2018-04-09 13:45:00,,,28.41508,77.04353,Nischal
2018-04-09 14:00:00,,,28.41508,77.04353,Nischal
2018-04-09 14:15:00,,,28.41508,77.04353,Nischal
2018-04-09 14:30:00,,,28.41508,77.04353,Nischal
2018-04-09 14:45:00,,,28.41508,77.04353,Nischal
2018-04-09 15:00:00,,,28.41508,77.04353,Nischal
2018-04-09 15:15:00,,,28.41508,77.04353,Nischal
2018-04-09 15:30:00,,,28.41508,77.04353,Nischal
2018-04-09 15:45:00,,,28.41508,77.04353,Nischal
2018-04-09 16:00:00,,,28.41508,77.04353,Nischal
2018-04-09 16:15:00,,,28.41508,77.04353,Nischal
2018-04-09 16:30:00,,,28.41508,77.04353,Nischal
2018-04-09 16:45:00,,,28.41508,77.04353,Nischal
2018-04-09 17:00:00,,,28.41508,77.04353,Nischal
2018-04-09 17:15:00,,,28.41508,77.04353,Nischal
2018-04-09 17:30:00,,,28.41508,77.04353,Nischal
2018-04-09 17:45:00,,,28.41508,77.04353,Nischal
2018-04-09 18:00:00,,,28.41508,77.04353,Nischal
2018-04-09 18:15:00,,,28.41508,77.04353,Nischal
2018-04-09 18:30:00,,,28.41508,77.04353,Nischal
2018-04-09 18:45:00,,,28.41508,77.04353,Nischal
2018-04-09 19:00:00,,,28.41508,77.04353,Nischal
2018-04-09 19:15:00,,,28.41508,77.04353,Nischal
2018-04-09 19:30:00,,,28.41508,77.04353,Nischal
2018-04-09 19:45:00,,,28.41508,77.04353,Nischal
2018-04-09 20:00:00,,,28.41508,77.04353,Nischal
2018-04-09 20:15:00,,,28.41508,77.04353,Nischal
2018-04-09 20:30:00,,,28.41508,77.04353,Nischal
2018-04-09 20:45:00,,,28.41508,77.04353,Nischal
2018-04-09 21:00:00,,,28.41508,77.04353,Nischal
2018-04-09 21:15:00,,,28.41508,77.04353,Nischal
2018-04-09 21:30:00,,,28.41508,77.04353,Nischal
2018-04-09 21:45:00,,,28.41508,77.04353,Nischal
2018-04-09 22:00:00,,,28.41508,77.04353,Nischal
2018-04-09 22:15:00,,,28.41508,77.04353,Nischal
2018-04-09 22:30:00,,,28.41508,77.04353,Nischal
2018-04-09 22:45:00,,,28.41508,77.04353,Nischal
2018-04-09 23:00:00,,,28.41508,77.04353,Nischal
2018-04-09 23:15:00,,,28.41508,77.04353,Nischal
2018-04-09 23:30:00,,,28.41508,77.04353,Nischal
2018-04-09 23:45:00,,,28.41508,77.04353,Nischal
2018-04-10 00:00:00,,,28.41508,77.04353,Nischal
2018-04-10 00:15:00,,,28.41508,77.04353,Nischal
2018-04-10 00:30:00,,,28.41508,77.04353,Nischal
2018-04-10 00:45:00,,,28.41508,77.04353,Nischal
2018-04-10 01:00:00,,,28.41508,77.04353,Nischal
2018-04-10 01:15:00,,,28.41508,77.04353,Nischal
2018-04-10 01:30:00,,,28.41508,77.04353,Nischal
2018-04-10 01:45:00,,,28.41508,77.04353,Nischal
2018-04-10 02:00:00,,,28.41508,77.04353,Nischal
2018-04-10 02:15:00,,,28.41508,77.04353,Nischal
2018-04-10 02:30:00,,,28.41508,77.04353,Nischal
2018-04-10 02:45:00,,,28.41508,77.04353,Nischal
2018-04-10 03:00:00,,,28.41508,77.04353,Nischal
2018-04-10 03:15:00,,,28.41508,77.04353,Nischal
2018-04-10 03:30:00,,,28.41508,77.04353,Nischal
2018-04-10 03:45:00,,,28.41508,77.04353,Nischal
2018-04-10 04:00:00,,,28.41508,77.04353,Nischal
2018-04-10 04:15:00,,,28.41508,77.04353,Nischal
2018-04-10 04:30:00,,,28.41508,77.04353,Nischal
2018-04-10 04:45:00,,,28.41508,77.04353,Nischal
2018-04-10 05:00:00,,,28.41508,77.04353,Nischal
2018-04-10 05:15:00,,,28.41508,77.04353,Nischal
2018-04-10 05:30:00,,,28.41508,77.04353,Nischal
2018-04-10 05:45:00,,,28.41508,77.04353,Nischal
2018-04-10 06:00:00,,,28.41508,77.04353,Nischal
2018-04-10 06:15:00,,,28.41508,77.04353,Nischal
2018-04-10 06:30:00,,,28.41508,77.04353,Nischal
2018-04-10 06:45:00,,,28.41508,77.04353,Nischal
2018-04-10 07:00:00,,,28.41508,77.04353,Nischal
2018-04-10 07:15:00,,,28.41508,77.04353,Nischal
2018-04-10 07:30:00,,,28.41508,77.04353,Nischal
2018-04-10 07:45:00,,,28.41508,77.04353,Nischal
2018-04-10 08:00:00,,,28.41508,77.04353,Nischal
2018-04-10 08:15:00,,,28.41508,77.04353,Nischal
2018-04-10 08:30:00,,,28.41508,77.04353,Nischal
2018-04-10 08:45:00,,,28.41508,77.04353,Nischal
2018-04-10 09:00:00,,,28.41508,77.04353,Nischal
2018-04-10 09:15:00,,,28.41508,77.04353,Nischal
2018-04-10 09:30:00,,,28.41508,77.04353,Nischal
2018-04-10 09:45:00,,,28.41508,77.04353,Nischal
2018-04-10 10:00:00,,,28.41508,77.04353,Nischal
2018-04-10 10:15:00,,,28.41508,77.04353,Nischal
2018-04-10 10:30:00,,,28.41508,77.04353,Nischal
2018-04-10 10:45:00,,,28.41508,77.04353,Nischal
2018-04-10 11:00:00,,,28.41508,77.04353,Nischal
2018-04-10 11:15:00,,,28.41508,77.04353,Nischal
2018-04-10 11:30:00,,,28.41508,77.04353,Nischal
2018-04-10 11:45:00,,,28.41508,77.04353,Nischal
2018-04-10 12:00:00,,,28.41508,77.04353,Nischal
2018-04-10 12:15:00,,,28.41508,77.04353,Nischal
2018-04-10 12:30:00,,,28.41508,77.04353,Nischal
2018-04-10 12:45:00,,,28.41508,77.04353,Nischal
2018-04-10 13:00:00,,,28.41508,77.04353,Nischal
2018-04-10 13:15:00,,,28.41508,77.04353,Nischal
2018-04-10 13:30:00,,,28.41508,77.04353,Nischal
2018-04-10 13:45:00,,,28.41508,77.04353,Nischal
2018-04-10 14:00:00,,,28.41508,77.04353,Nischal
2018-04-10 14:15:00,,,28.41508,77.04353,Nischal
2018-04-10 14:30:00,,,28.41508,77.04353,Nischal
2018-04-10 14:45:00,,,28.41508,77.04353,Nischal
2018-04-10 15:00:00,,,28.41508,77.04353,Nischal
2018-04-10 15:15:00,,,28.41508,77.04353,Nischal
2018-04-10 15:30:00,,,28.41508,77.04353,Nischal
2018-04-10 15:45:00,,,28.41508,77.04353,Nischal
2018-04-10 16:00:00,,,28.41508,77.04353,Nischal
2018-04-10 16:15:00,,,28.41508,77.04353,Nischal
2018-04-10 16:30:00,,,28.41508,77.04353,Nischal
2018-04-10 16:45:00,,,28.41508,77.04353,Nischal
2018-04-10 17:00:00,,,28.41508,77.04353,Nischal
2018-04-10 17:15:00,,,28.41508,77.04353,Nischal
2018-04-10 17:30:00,,,28.41508,77.04353,Nischal
2018-04-10 17:45:00,,,28.41508,77.04353,Nischal
2018-04-10 18:00:00,,,28.41508,77.04353,Nischal
2018-04-10 18:15:00,,,28.41508,77.04353,Nischal
2018-04-10 18:30:00,,,28.41508,77.04353,Nischal
2018-04-10 18:45:00,,,28.41508,77.04353,Nischal
2018-04-10 19:00:00,,,28.41508,77.04353,Nischal
2018-04-10 19:15:00,,,28.41508,77.04353,Nischal
2018-04-10 19:30:00,,,28.41508,77.04353,Nischal
2018-04-10 19:45:00,,,28.41508,77.04353,Nischal
2018-04-10 20:00:00,,,28.41508,77.04353,Nischal
2018-04-10 20:15:00,,,28.41508,77.04353,Nischal
2018-04-10 20:30:00,,,28.41508,77.04353,Nischal
2018-04-10 20:45:00,,,28.41508,77.04353,Nischal
2018-04-10 21:00:00,,,28.41508,77.04353,Nischal
2018-04-10 21:15:00,,,28.41508,77.04353,Nischal
2018-04-10 21:30:00,,,28.41508,77.04353,Nischal
2018-04-10 21:45:00,,,28.41508,77.04353,Nischal
2018-04-10 22:00:00,,,28.41508,77.04353,Nischal
2018-04-10 22:15:00,,,28.41508,77.04353,Nischal
2018-04-10 22:30:00,,,28.41508,77.04353,Nischal
2018-04-10 22:45:00,,,28.41508,77.04353,Nischal
2018-04-10 23:00:00,,,28.41508,77.04353,Nischal
2018-04-10 23:15:00,,,28.41508,77.04353,Nischal
2018-04-10 23:30:00,,,28.41508,77.04353,Nischal
2018-04-10 23:45:00,,,28.41508,77.04353,Nischal
2018-04-11 00:00:00,,,28.41508,77.04353,Nischal
2018-04-11 00:15:00,,,28.41508,77.04353,Nischal
2018-04-11 00:30:00,,,28.41508,77.04353,Nischal
2018-04-11 00:45:00,,,28.41508,77.04353,Nischal
2018-04-11 01:00:00,,,28.41508,77.04353,Nischal
2018-04-11 01:15:00,,,28.41508,77.04353,Nischal
2018-04-11 01:30:00,,,28.41508,77.04353,Nischal
2018-04-11 01:45:00,,,28.41508,77.04353,Nischal
2018-04-11 02:00:00,,,28.41508,77.04353,Nischal
2018-04-11 02:15:00,,,28.41508,77.04353,Nischal
2018-04-11 02:30:00,,,28.41508,77.04353,Nischal
2018-04-11 02:45:00,,,28.41508,77.04353,Nischal
2018-04-11 03:00:00,,,28.41508,77.04353,Nischal
2018-04-11 03:15:00,,,28.41508,77.04353,Nischal
2018-04-11 03:30:00,,,28.41508,77.04353,Nischal
2018-04-11 03:45:00,,,28.41508,77.04353,Nischal
2018-04-11 04:00:00,,,28.41508,77.04353,Nischal
2018-04-11 04:15:00,,,28.41508,77.04353,Nischal
2018-04-11 04:30:00,,,28.41508,77.04353,Nischal
2018-04-11 04:45:00,,,28.41508,77.04353,Nischal
2018-04-11 05:00:00,,,28.41508,77.04353,Nischal
2018-04-11 05:15:00,,,28.41508,77.04353,Nischal
2018-04-11 05:30:00,,,28.41508,77.04353,Nischal
2018-04-11 05:45:00,,,28.41508,77.04353,Nischal
2018-04-11 06:00:00,,,28.41508,77.04353,Nischal
2018-04-11 06:15:00,,,28.41508,77.04353,Nischal
2018-04-11 06:30:00,,,28.41508,77.04353,Nischal
2018-04-11 06:45:00,,,28.41508,77.04353,Nischal
2018-04-11 07:00:00,70.0,77.0,28.41508,77.04353,Nischal
2018-04-11 07:15:00,65.24138,72.68965,28.41508,77.04353,Nischal
2018-04-11 07:30:00,61.875,68.75,28.41508,77.04353,Nischal
2018-04-11 07:45:00,55.0,60.0,28.41508,77.04353,Nischal
2018-04-11 08:00:00,57.33333199999999,63.0,28.41508,77.04353,Nischal
2018-04-11 08:15:00,52.333332,59.66666800000001,28.41508,77.04353,Nischal
2018-04-11 08:30:00,52.333332,59.0,28.41508,77.04353,Nischal
2018-04-11 08:45:00,56.30769300000001,62.46154,28.41508,77.04353,Nischal
2018-04-11 09:00:00,56.782607999999996,63.217392000000004,28.41508,77.04353,Nischal
2018-04-11 09:15:00,52.357143,57.535713,28.41508,77.04353,Nischal
2018-04-11 09:30:00,54.66666800000001,58.66666800000001,28.41508,77.04353,Nischal
2018-04-11 09:45:00,59.0,65.0,28.41508,77.04353,Nischal
2018-04-11 10:00:00,61.0,66.666664,28.41508,77.04353,Nischal
2018-04-11 10:15:00,57.33333199999999,63.0,28.41508,77.04353,Nischal
2018-04-11 10:30:00,55.0,62.33333199999999,28.41508,77.04353,Nischal
2018-04-11 10:45:00,52.333332,57.66666800000001,28.41508,77.04353,Nischal
2018-04-11 11:00:00,55.33333199999999,62.66666800000001,28.41508,77.04353,Nischal
2018-04-11 11:15:00,57.33333199999999,63.33333199999999,28.41508,77.04353,Nischal
2018-04-11 11:30:00,47.666668,54.0,28.41508,77.04353,Nischal
2018-04-11 11:45:00,47.333332,51.666668,28.41508,77.04353,Nischal
2018-04-11 12:00:00,44.333332,50.666668,28.41508,77.04353,Nischal
2018-04-11 12:15:00,43.0,46.333332,28.41508,77.04353,Nischal
2018-04-11 12:30:00,41.666668,45.666668,28.41508,77.04353,Nischal
2018-04-11 12:45:00,45.666668,52.333332,28.41508,77.04353,Nischal
2018-04-11 13:00:00,59.0,65.666664,28.41508,77.04353,Nischal
2018-04-11 13:15:00,43.0,47.333332,28.41508,77.04353,Nischal
2018-04-11 13:30:00,47.0,53.33333199999999,28.41508,77.04353,Nischal
2018-04-11 13:45:00,48.0,54.0,28.41508,77.04353,Nischal
2018-04-11 14:00:00,45.333332,51.666668,28.41508,77.04353,Nischal
2018-04-11 14:15:00,46.133334999999995,51.466667,28.41508,77.04353,Nischal
2018-04-11 14:30:00,46.11111,51.11111,28.41508,77.04353,Nischal
2018-04-11 14:45:00,55.66666800000001,63.66666800000001,28.41508,77.04353,Nischal
2018-04-11 15:00:00,63.33333199999999,70.666664,28.41508,77.04353,Nischal
2018-04-11 15:15:00,65.0,74.333336,28.41508,77.04353,Nischal
2018-04-11 15:30:00,58.66666800000001,64.666664,28.41508,77.04353,Nischal
2018-04-11 15:45:00,47.333332,49.666668,28.41508,77.04353,Nischal
2018-04-11 16:00:00,40.666668,44.333332,28.41508,77.04353,Nischal
2018-04-11 16:15:00,35.0,39.333332,28.41508,77.04353,Nischal
2018-04-11 16:30:00,31.0,33.333332,28.41508,77.04353,Nischal
2018-04-11 16:45:00,26.666665999999996,30.333334000000004,28.41508,77.04353,Nischal
2018-04-11 17:00:00,25.666666,28.0,28.41508,77.04353,Nischal
2018-04-11 17:15:00,27.0,30.333334000000004,28.41508,77.04353,Nischal
2018-04-11 17:30:00,29.0,33.333332,28.41508,77.04353,Nischal
2018-04-11 17:45:00,41.666668,46.666668,28.41508,77.04353,Nischal
2018-04-11 18:00:00,44.0,48.666668,28.41508,77.04353,Nischal
2018-04-11 18:15:00,40.333332,46.0,28.41508,77.04353,Nischal
2018-04-11 18:30:00,39.666668,43.666668,28.41508,77.04353,Nischal
2018-04-11 18:45:00,39.333332,44.666668,28.41508,77.04353,Nischal
2018-04-11 19:00:00,37.666668,42.0,28.41508,77.04353,Nischal
2018-04-11 19:15:00,32.666668,36.333332,28.41508,77.04353,Nischal
2018-04-11 19:30:00,32.333332,39.0,28.41508,77.04353,Nischal
2018-04-11 19:45:00,31.666665999999996,35.666668,28.41508,77.04353,Nischal
2018-04-11 20:00:00,28.666665999999996,31.0,28.41508,77.04353,Nischal
2018-04-11 20:15:00,28.333334000000004,31.666665999999996,28.41508,77.04353,Nischal
2018-04-11 20:30:00,24.666666,27.0,28.41508,77.04353,Nischal
2018-04-11 20:45:00,26.0,30.0,28.41508,77.04353,Nischal
2018-04-11 21:00:00,27.666665999999996,31.0,28.41508,77.04353,Nischal
2018-04-11 21:15:00,43.666668,47.666668,28.41508,77.04353,Nischal
2018-04-11 21:30:00,46.0,54.0,28.41508,77.04353,Nischal
2018-04-11 21:45:00,35.666668,40.333332,28.41508,77.04353,Nischal
2018-04-11 22:00:00,26.0,30.666665999999996,28.41508,77.04353,Nischal
2018-04-11 22:15:00,18.0,19.333334,28.41508,77.04353,Nischal
2018-04-11 22:30:00,12.0,12.333333,28.41508,77.04353,Nischal
2018-04-11 22:45:00,8.666667,8.333333,28.41508,77.04353,Nischal
2018-04-11 23:00:00,6.0,6.3333335,28.41508,77.04353,Nischal
2018-04-11 23:15:00,6.0,5.3333335,28.41508,77.04353,Nischal
2018-04-11 23:30:00,4.0,3.3333333,28.41508,77.04353,Nischal
2018-04-11 23:45:00,6.0,6.3333335,28.41508,77.04353,Nischal
2018-04-12 00:00:00,6.0,5.6666665,28.41508,77.04353,Nischal
2018-04-12 00:15:00,8.0,8.666667,28.41508,77.04353,Nischal
2018-04-12 00:30:00,10.333333,10.666667,28.41508,77.04353,Nischal
2018-04-12 00:45:00,11.666667,12.0,28.41508,77.04353,Nischal
2018-04-12 01:00:00,10.0,9.666667,28.41508,77.04353,Nischal
2018-04-12 01:15:00,11.333333,10.666667,28.41508,77.04353,Nischal
2018-04-12 01:30:00,11.666667,13.0,28.41508,77.04353,Nischal
2018-04-12 01:45:00,11.333333,11.333333,28.41508,77.04353,Nischal
2018-04-12 02:00:00,23.0,25.0,28.41508,77.04353,Nischal
2018-04-12 02:15:00,53.33333199999999,59.66666800000001,28.41508,77.04353,Nischal
2018-04-12 02:30:00,57.33333199999999,66.0,28.41508,77.04353,Nischal
2018-04-12 02:45:00,56.66666800000001,62.66666800000001,28.41508,77.04353,Nischal
2018-04-12 03:00:00,47.666668,53.66666800000001,28.41508,77.04353,Nischal
2018-04-12 03:15:00,51.333332,58.66666800000001,28.41508,77.04353,Nischal
2018-04-12 03:30:00,52.0,58.0,28.41508,77.04353,Nischal
2018-04-12 03:45:00,44.333332,51.0,28.41508,77.04353,Nischal
2018-04-12 04:00:00,146.33333000000002,178.66666999999998,28.41508,77.04353,Nischal
2018-04-12 04:15:00,140.66666999999998,164.0,28.41508,77.04353,Nischal
2018-04-12 04:30:00,141.0,166.66666999999998,28.41508,77.04353,Nischal
2018-04-12 04:45:00,55.0,61.66666800000001,28.41508,77.04353,Nischal
2018-04-12 05:00:00,70.333336,80.666664,28.41508,77.04353,Nischal
2018-04-12 05:15:00,29.0,34.333332,28.41508,77.04353,Nischal
2018-04-12 05:30:00,31.388890000000004,35.444443,28.41508,77.04353,Nischal
2018-04-12 05:45:00,32.055557,36.11111,28.41508,77.04353,Nischal
2018-04-12 06:00:00,28.0,32.25,28.41508,77.04353,Nischal
2018-04-12 06:15:00,27.0,31.0,28.41508,77.04353,Nischal
2018-04-12 06:30:00,33.75,37.0,28.41508,77.04353,Nischal
2018-04-12 06:45:00,33.0,36.333332,28.41508,77.04353,Nischal
2018-04-12 07:00:00,29.333334000000004,31.666665999999996,28.41508,77.04353,Nischal
2018-04-12 07:15:00,27.333334000000004,31.333334000000004,28.41508,77.04353,Nischal
2018-04-12 07:30:00,27.5,31.5,28.41508,77.04353,Nischal
2018-04-12 07:45:00,34.666668,41.333332,28.41508,77.04353,Nischal
2018-04-12 08:00:00,40.0,47.666668,28.41508,77.04353,Nischal
2018-04-12 08:15:00,45.0,50.666668,28.41508,77.04353,Nischal
2018-04-12 08:30:00,49.0,56.66666800000001,28.41508,77.04353,Nischal
2018-04-12 08:45:00,47.0,55.66666800000001,28.41508,77.04353,Nischal
2018-04-12 09:00:00,47.333332,54.33333199999999,28.41508,77.04353,Nischal
2018-04-12 09:15:00,40.0,47.0,28.41508,77.04353,Nischal
2018-04-12 09:30:00,39.0,49.0,28.41508,77.04353,Nischal
2018-04-12 09:45:00,36.0,41.666668,28.41508,77.04353,Nischal
2018-04-12 10:00:00,26.666665999999996,29.0,28.41508,77.04353,Nischal
2018-04-12 10:15:00,26.333334000000004,29.666665999999996,28.41508,77.04353,Nischal
2018-04-12 10:30:00,24.333334,27.666665999999996,28.41508,77.04353,Nischal
2018-04-12 10:45:00,25.666666,30.0,28.41508,77.04353,Nischal
2018-04-12 11:00:00,23.0,25.5,28.41508,77.04353,Nischal
2018-04-12 11:15:00,29.666665999999996,32.0,28.41508,77.04353,Nischal
2018-04-12 11:30:00,25.0,29.666665999999996,28.41508,77.04353,Nischal
2018-04-12 11:45:00,26.0,29.0,28.41508,77.04353,Nischal
2018-04-12 12:00:00,25.0,27.666665999999996,28.41508,77.04353,Nischal
2018-04-12 12:15:00,26.666665999999996,33.0,28.41508,77.04353,Nischal
2018-04-12 12:30:00,29.0,31.0,28.41508,77.04353,Nischal
2018-04-12 12:45:00,28.333334000000004,33.0,28.41508,77.04353,Nischal
2018-04-12 13:00:00,30.0,33.333332,28.41508,77.04353,Nischal
2018-04-12 13:15:00,32.666668,37.666668,28.41508,77.04353,Nischal
2018-04-12 13:30:00,41.333332,47.666668,28.41508,77.04353,Nischal
2018-04-12 13:45:00,44.666668,50.666668,28.41508,77.04353,Nischal
2018-04-12 14:00:00,51.0,61.66666800000001,28.41508,77.04353,Nischal
2018-04-12 14:15:00,54.66666800000001,62.66666800000001,28.41508,77.04353,Nischal
2018-04-12 14:30:00,55.33333199999999,63.0,28.41508,77.04353,Nischal
2018-04-12 14:45:00,57.66666800000001,66.0,28.41508,77.04353,Nischal
2018-04-12 15:00:00,67.333336,75.666664,28.41508,77.04353,Nischal
2018-04-12 15:15:00,72.333336,82.333336,28.41508,77.04353,Nischal
2018-04-12 15:30:00,68.0,79.666664,28.41508,77.04353,Nischal
2018-04-12 15:45:00,81.666664,93.333336,28.41508,77.04353,Nischal
2018-04-12 16:00:00,115.5,138.0,28.41508,77.04353,Nischal
2018-04-12 16:15:00,185.33333000000002,219.33333,28.41508,77.04353,Nischal
2018-04-12 16:30:00,204.66666999999998,242.33333,28.41508,77.04353,Nischal
2018-04-12 16:45:00,208.0,251.33333,28.41508,77.04353,Nischal
2018-04-12 17:00:00,203.33333000000002,234.33333,28.41508,77.04353,Nischal
2018-04-12 17:15:00,177.66666999999998,214.33333,28.41508,77.04353,Nischal
2018-04-12 17:30:00,172.33333000000002,207.66666999999998,28.41508,77.04353,Nischal
2018-04-12 17:45:00,166.0,204.0,28.41508,77.04353,Nischal
2018-04-12 18:00:00,149.0,185.66666999999998,28.41508,77.04353,Nischal
2018-04-12 18:15:00,142.0,171.66666999999998,28.41508,77.04353,Nischal
2018-04-12 18:30:00,133.33333000000002,161.33333000000002,28.41508,77.04353,Nischal
2018-04-12 18:45:00,135.33333000000002,157.33333000000002,28.41508,77.04353,Nischal
2018-04-12 19:00:00,134.33333000000002,158.66666999999998,28.41508,77.04353,Nischal
2018-04-12 19:15:00,122.33333600000002,144.0,28.41508,77.04353,Nischal
2018-04-12 19:30:00,113.33333600000002,135.0,28.41508,77.04353,Nischal
2018-04-12 19:45:00,98.333336,111.0,28.41508,77.04353,Nischal
2018-04-12 20:00:00,88.0,104.666664,28.41508,77.04353,Nischal
2018-04-12 20:15:00,72.666664,83.666664,28.41508,77.04353,Nischal
2018-04-12 20:30:00,74.666664,85.666664,28.41508,77.04353,Nischal
2018-04-12 20:45:00,88.666664,98.666664,28.41508,77.04353,Nischal
2018-04-12 21:00:00,109.66666399999998,130.33333000000002,28.41508,77.04353,Nischal
2018-04-12 21:15:00,135.66666999999998,157.33333000000002,28.41508,77.04353,Nischal
2018-04-12 21:30:00,171.33333000000002,199.0,28.41508,77.04353,Nischal
2018-04-12 21:45:00,171.0,199.66666999999998,28.41508,77.04353,Nischal
2018-04-12 22:00:00,152.0,181.66666999999998,28.41508,77.04353,Nischal
2018-04-12 22:15:00,147.66666999999998,173.0,28.41508,77.04353,Nischal
2018-04-12 22:30:00,139.66666999999998,161.33333000000002,28.41508,77.04353,Nischal
2018-04-12 22:45:00,136.33333000000002,160.33333000000002,28.41508,77.04353,Nischal
2018-04-12 23:00:00,149.0,174.33333000000002,28.41508,77.04353,Nischal
2018-04-12 23:15:00,151.33333000000002,176.33333000000002,28.41508,77.04353,Nischal
2018-04-12 23:30:00,170.0,201.0,28.41508,77.04353,Nischal
2018-04-12 23:45:00,172.66666999999998,210.66667,28.41508,77.04353,Nischal
2018-04-13 00:00:00,175.0,207.33333000000002,28.41508,77.04353,Nischal
2018-04-13 00:15:00,176.66666999999998,208.0,28.41508,77.04353,Nischal
2018-04-13 00:30:00,200.0,238.66667,28.41508,77.04353,Nischal
2018-04-13 00:45:00,221.0,267.66666000000004,28.41508,77.04353,Nischal
2018-04-13 01:00:00,233.66667,287.0,28.41508,77.04353,Nischal
2018-04-13 01:15:00,267.33333999999996,326.0,28.41508,77.04353,Nischal
2018-04-13 01:30:00,314.33333999999996,398.33333999999996,28.41508,77.04353,Nischal
2018-04-13 01:45:00,353.0,447.0,28.41508,77.04353,Nischal
2018-04-13 02:00:00,404.0,518.0,28.41508,77.04353,Nischal
2018-04-13 02:15:00,428.66666,542.0,28.41508,77.04353,Nischal
2018-04-13 02:30:00,434.66666,564.0,28.41508,77.04353,Nischal
2018-04-13 02:45:00,398.33333999999996,517.0,28.41508,77.04353,Nischal
2018-04-13 03:00:00,347.33333999999996,446.33334,28.41508,77.04353,Nischal
2018-04-13 03:15:00,278.66666000000004,354.0,28.41508,77.04353,Nischal
2018-04-13 03:30:00,198.0,245.33333,28.41508,77.04353,Nischal
2018-04-13 03:45:00,184.66666999999998,226.66667,28.41508,77.04353,Nischal
2018-04-13 04:00:00,199.0,253.33333,28.41508,77.04353,Nischal
2018-04-13 04:15:00,295.33333999999996,369.0,28.41508,77.04353,Nischal
2018-04-13 04:30:00,211.66667,264.0,28.41508,77.04353,Nischal
2018-04-13 04:45:00,44.0,52.333332,28.41508,77.04353,Nischal
2018-04-13 05:00:00,40.333332,47.666668,28.41508,77.04353,Nischal
2018-04-13 05:15:00,40.0,48.0,28.41508,77.04353,Nischal
2018-04-13 05:30:00,45.333332,53.33333199999999,28.41508,77.04353,Nischal
2018-04-13 05:45:00,47.666668,55.33333199999999,28.41508,77.04353,Nischal
2018-04-13 06:00:00,51.0,63.33333199999999,28.41508,77.04353,Nischal
2018-04-13 06:15:00,44.666668,50.0,28.41508,77.04353,Nischal
2018-04-13 06:30:00,36.0,40.0,28.41508,77.04353,Nischal
2018-04-13 06:45:00,33.0,36.666668,28.41508,77.04353,Nischal
2018-04-13 07:00:00,30.666665999999996,35.0,28.41508,77.04353,Nischal
2018-04-13 07:15:00,31.0,35.333332,28.41508,77.04353,Nischal
2018-04-13 07:30:00,31.0,34.666668,28.41508,77.04353,Nischal
2018-04-13 07:45:00,34.666668,37.666668,28.41508,77.04353,Nischal
2018-04-13 08:00:00,32.333332,36.333332,28.41508,77.04353,Nischal
2018-04-13 08:15:00,32.0,35.333332,28.41508,77.04353,Nischal
2018-04-13 08:30:00,32.666668,38.0,28.41508,77.04353,Nischal
2018-04-13 08:45:00,33.333332,35.333332,28.41508,77.04353,Nischal
2018-04-13 09:00:00,30.0,33.666668,28.41508,77.04353,Nischal
2018-04-13 09:15:00,30.333334000000004,33.666668,28.41508,77.04353,Nischal
2018-04-13 09:30:00,30.333334000000004,34.0,28.41508,77.04353,Nischal
2018-04-13 09:45:00,28.333334000000004,31.666665999999996,28.41508,77.04353,Nischal
2018-04-13 10:00:00,29.666665999999996,32.666668,28.41508,77.04353,Nischal
2018-04-13 10:15:00,29.0,31.0,28.41508,77.04353,Nischal
2018-04-13 10:30:00,25.333334,29.666665999999996,28.41508,77.04353,Nischal
2018-04-13 10:45:00,25.0,27.666665999999996,28.41508,77.04353,Nischal
2018-04-13 11:00:00,20.333334,23.333334,28.41508,77.04353,Nischal
2018-04-13 11:15:00,19.666666,22.0,28.41508,77.04353,Nischal
2018-04-13 11:30:00,21.666666,26.666665999999996,28.41508,77.04353,Nischal
2018-04-13 11:45:00,21.666666,24.0,28.41508,77.04353,Nischal
2018-04-13 12:00:00,24.666666,28.0,28.41508,77.04353,Nischal
2018-04-13 12:15:00,28.0,32.0,28.41508,77.04353,Nischal
2018-04-13 12:30:00,29.333334000000004,33.0,28.41508,77.04353,Nischal
2018-04-13 12:45:00,30.0,33.0,28.41508,77.04353,Nischal
2018-04-13 13:00:00,31.0,35.333332,28.41508,77.04353,Nischal
2018-04-13 13:15:00,34.333332,37.666668,28.41508,77.04353,Nischal
2018-04-13 13:30:00,40.666668,46.0,28.41508,77.04353,Nischal
2018-04-13 13:45:00,49.666668,55.33333199999999,28.41508,77.04353,Nischal
2018-04-13 14:00:00,46.5,55.0,28.41508,77.04353,Nischal
2018-04-13 14:15:00,52.0,59.0,28.41508,77.04353,Nischal
2018-04-13 14:30:00,53.0,62.66666800000001,28.41508,77.04353,Nischal
2018-04-13 14:45:00,57.66666800000001,67.333336,28.41508,77.04353,Nischal
2018-04-13 15:00:00,68.333336,76.666664,28.41508,77.04353,Nischal
2018-04-13 15:15:00,78.0,87.666664,28.41508,77.04353,Nischal
2018-04-13 15:30:00,94.0,112.33333600000002,28.41508,77.04353,Nischal
2018-04-13 15:45:00,108.0,124.66666399999998,28.41508,77.04353,Nischal
2018-04-13 16:00:00,131.0,155.66666999999998,28.41508,77.04353,Nischal
2018-04-13 16:15:00,142.66666999999998,168.66666999999998,28.41508,77.04353,Nischal
2018-04-13 16:30:00,130.66666999999998,155.0,28.41508,77.04353,Nischal
2018-04-13 16:45:00,118.66666399999998,138.0,28.41508,77.04353,Nischal
2018-04-13 17:00:00,106.33333600000002,116.0,28.41508,77.04353,Nischal
2018-04-13 17:15:00,93.666664,105.66666399999998,28.41508,77.04353,Nischal
2018-04-13 17:30:00,83.0,94.333336,28.41508,77.04353,Nischal
2018-04-13 17:45:00,98.0,109.33333600000002,28.41508,77.04353,Nischal
2018-04-13 18:00:00,71.666664,81.333336,28.41508,77.04353,Nischal
2018-04-13 18:15:00,49.333332,53.66666800000001,28.41508,77.04353,Nischal
2018-04-13 18:30:00,39.666668,44.333332,28.41508,77.04353,Nischal
2018-04-13 18:45:00,44.333332,50.333332,28.41508,77.04353,Nischal
2018-04-13 19:00:00,48.666668,57.0,28.41508,77.04353,Nischal
2018-04-13 19:15:00,99.333336,117.33333600000002,28.41508,77.04353,Nischal
2018-04-13 19:30:00,142.66666999999998,166.0,28.41508,77.04353,Nischal
2018-04-13 19:45:00,139.33333000000002,156.66666999999998,28.41508,77.04353,Nischal
2018-04-13 20:00:00,125.33333600000002,145.66666999999998,28.41508,77.04353,Nischal
2018-04-13 20:15:00,139.0,162.0,28.41508,77.04353,Nischal
2018-04-13 20:30:00,125.66666399999998,143.66666999999998,28.41508,77.04353,Nischal
2018-04-13 20:45:00,122.33333600000002,144.0,28.41508,77.04353,Nischal
2018-04-13 21:00:00,126.0,140.66666999999998,28.41508,77.04353,Nischal
2018-04-13 21:15:00,139.0,155.33333000000002,28.41508,77.04353,Nischal
2018-04-13 21:30:00,139.33333000000002,160.66666999999998,28.41508,77.04353,Nischal
2018-04-13 21:45:00,134.0,158.0,28.41508,77.04353,Nischal
2018-04-13 22:00:00,128.0,147.33333000000002,28.41508,77.04353,Nischal
2018-04-13 22:15:00,125.66666399999998,146.0,28.41508,77.04353,Nischal
2018-04-13 22:30:00,125.66666399999998,144.0,28.41508,77.04353,Nischal
2018-04-13 22:45:00,128.0,153.33333000000002,28.41508,77.04353,Nischal
2018-04-13 23:00:00,128.33333000000002,154.33333000000002,28.41508,77.04353,Nischal
2018-04-13 23:15:00,134.66666999999998,162.0,28.41508,77.04353,Nischal
2018-04-13 23:30:00,142.33333000000002,167.0,28.41508,77.04353,Nischal
2018-04-13 23:45:00,144.33333000000002,171.33333000000002,28.41508,77.04353,Nischal
2018-04-14 00:00:00,151.33333000000002,181.66666999999998,28.41508,77.04353,Nischal
2018-04-14 00:15:00,155.0,186.33333000000002,28.41508,77.04353,Nischal
2018-04-14 00:30:00,156.0,185.66666999999998,28.41508,77.04353,Nischal
2018-04-14 00:45:00,154.66666999999998,185.33333000000002,28.41508,77.04353,Nischal
2018-04-14 01:00:00,153.33333000000002,183.33333000000002,28.41508,77.04353,Nischal
2018-04-14 01:15:00,160.66666999999998,190.33333000000002,28.41508,77.04353,Nischal
2018-04-14 01:30:00,166.66666999999998,203.0,28.41508,77.04353,Nischal
2018-04-14 01:45:00,209.0,250.33333,28.41508,77.04353,Nischal
2018-04-14 02:00:00,238.0,288.66666000000004,28.41508,77.04353,Nischal
2018-04-14 02:15:00,244.66667,293.33333999999996,28.41508,77.04353,Nischal
2018-04-14 02:30:00,260.0,311.0,28.41508,77.04353,Nischal
2018-04-14 02:45:00,251.0,307.0,28.41508,77.04353,Nischal
2018-04-14 03:00:00,236.66667,295.0,28.41508,77.04353,Nischal
2018-04-14 03:15:00,228.33333,279.33333999999996,28.41508,77.04353,Nischal
2018-04-14 03:30:00,211.0,259.33333999999996,28.41508,77.04353,Nischal
2018-04-14 03:45:00,208.66666999999998,258.33333999999996,28.41508,77.04353,Nischal
2018-04-14 04:00:00,197.33333000000002,241.66667,28.41508,77.04353,Nischal
2018-04-14 04:15:00,175.0,212.33333,28.41508,77.04353,Nischal
2018-04-14 04:30:00,163.0,201.0,28.41508,77.04353,Nischal
2018-04-14 04:45:00,118.0,144.0,28.41508,77.04353,Nischal
2018-04-14 05:00:00,114.0,132.66666999999998,28.41508,77.04353,Nischal
2018-04-14 05:15:00,109.5,134.0,28.41508,77.04353,Nischal
2018-04-14 05:30:00,96.0,113.33333600000002,28.41508,77.04353,Nischal
2018-04-14 05:45:00,90.0,104.0,28.41508,77.04353,Nischal
2018-04-14 06:00:00,84.0,97.333336,28.41508,77.04353,Nischal
2018-04-14 06:15:00,68.0,80.666664,28.41508,77.04353,Nischal
2018-04-14 06:30:00,54.0,64.0,28.41508,77.04353,Nischal
2018-04-14 06:45:00,44.666668,49.0,28.41508,77.04353,Nischal
2018-04-14 07:00:00,42.333332,45.333332,28.41508,77.04353,Nischal
2018-04-14 07:15:00,43.0,47.5,28.41508,77.04353,Nischal
2018-04-14 07:30:00,43.666668,49.333332,28.41508,77.04353,Nischal
2018-04-14 07:45:00,43.0,49.333332,28.41508,77.04353,Nischal
2018-04-14 08:00:00,45.333332,50.0,28.41508,77.04353,Nischal
2018-04-14 08:15:00,44.333332,53.66666800000001,28.41508,77.04353,Nischal
2018-04-14 08:30:00,38.333332,42.666668,28.41508,77.04353,Nischal
2018-04-14 08:45:00,31.5,37.0,28.41508,77.04353,Nischal
2018-04-14 09:00:00,27.666665999999996,31.666665999999996,28.41508,77.04353,Nischal
2018-04-14 09:15:00,27.333334000000004,30.666665999999996,28.41508,77.04353,Nischal
2018-04-14 09:30:00,28.666665999999996,32.0,28.41508,77.04353,Nischal
2018-04-14 09:45:00,26.666665999999996,29.666665999999996,28.41508,77.04353,Nischal
2018-04-14 10:00:00,27.666665999999996,32.666668,28.41508,77.04353,Nischal
2018-04-14 10:15:00,25.666666,30.666665999999996,28.41508,77.04353,Nischal
2018-04-14 10:30:00,27.333334000000004,32.666668,28.41508,77.04353,Nischal
2018-04-14 10:45:00,29.0,32.666668,28.41508,77.04353,Nischal
2018-04-14 11:00:00,27.333334000000004,30.0,28.41508,77.04353,Nischal
2018-04-14 11:15:00,26.333334000000004,29.0,28.41508,77.04353,Nischal
2018-04-14 11:30:00,27.333334000000004,31.333334000000004,28.41508,77.04353,Nischal
2018-04-14 11:45:00,30.666665999999996,34.333332,28.41508,77.04353,Nischal
2018-04-14 12:00:00,61.66666800000001,70.333336,28.41508,77.04353,Nischal
2018-04-14 12:15:00,35.0,38.333332,28.41508,77.04353,Nischal
2018-04-14 12:30:00,28.0,30.666665999999996,28.41508,77.04353,Nischal
2018-04-14 12:45:00,31.333334000000004,34.666668,28.41508,77.04353,Nischal
2018-04-14 13:00:00,32.0,35.0,28.41508,77.04353,Nischal
2018-04-14 13:15:00,37.0,41.0,28.41508,77.04353,Nischal
2018-04-14 13:30:00,41.333332,47.333332,28.41508,77.04353,Nischal
2018-04-14 13:45:00,40.333332,44.666668,28.41508,77.04353,Nischal
2018-04-14 14:00:00,45.0,51.0,28.41508,77.04353,Nischal
2018-04-14 14:15:00,46.0,51.5,28.41508,77.04353,Nischal
2018-04-14 14:30:00,52.0,59.0,28.41508,77.04353,Nischal
2018-04-14 14:45:00,55.33333199999999,64.333336,28.41508,77.04353,Nischal
2018-04-14 15:00:00,63.66666800000001,73.0,28.41508,77.04353,Nischal
2018-04-14 15:15:00,64.666664,75.666664,28.41508,77.04353,Nischal
2018-04-14 15:30:00,61.66666800000001,70.333336,28.41508,77.04353,Nischal
2018-04-14 15:45:00,68.0,76.0,28.41508,77.04353,Nischal
2018-04-14 16:00:00,70.0,80.666664,28.41508,77.04353,Nischal
2018-04-14 16:15:00,73.666664,84.0,28.41508,77.04353,Nischal
2018-04-14 16:30:00,77.0,86.333336,28.41508,77.04353,Nischal
2018-04-14 16:45:00,84.333336,93.0,28.41508,77.04353,Nischal
2018-04-14 17:00:00,96.333336,109.66666399999998,28.41508,77.04353,Nischal
2018-04-14 17:15:00,97.333336,113.0,28.41508,77.04353,Nischal
2018-04-14 17:30:00,97.666664,108.66666399999998,28.41508,77.04353,Nischal
2018-04-14 17:45:00,94.5,112.25,28.41508,77.04353,Nischal
2018-04-14 18:00:00,96.666664,108.0,28.41508,77.04353,Nischal
2018-04-14 18:15:00,105.33333600000002,126.66666399999998,28.41508,77.04353,Nischal
2018-04-14 18:30:00,106.0,121.66666399999998,28.41508,77.04353,Nischal
2018-04-14 18:45:00,110.33333600000002,130.0,28.41508,77.04353,Nischal
2018-04-14 19:00:00,110.66666399999998,126.66666399999998,28.41508,77.04353,Nischal
2018-04-14 19:15:00,108.66666399999998,131.66666999999998,28.41508,77.04353,Nischal
2018-04-14 19:30:00,99.333336,115.0,28.41508,77.04353,Nischal
2018-04-14 19:45:00,102.0,120.33333600000002,28.41508,77.04353,Nischal
2018-04-14 20:00:00,117.66666399999998,135.33333000000002,28.41508,77.04353,Nischal
2018-04-14 20:15:00,132.0,155.33333000000002,28.41508,77.04353,Nischal
2018-04-14 20:30:00,133.0,157.33333000000002,28.41508,77.04353,Nischal
2018-04-14 20:45:00,137.0,161.33333000000002,28.41508,77.04353,Nischal
2018-04-14 21:00:00,164.66666999999998,197.33333000000002,28.41508,77.04353,Nischal
2018-04-14 21:15:00,177.33333000000002,216.0,28.41508,77.04353,Nischal
2018-04-14 21:30:00,167.33333000000002,199.0,28.41508,77.04353,Nischal
2018-04-14 21:45:00,153.33333000000002,186.66666999999998,28.41508,77.04353,Nischal
2018-04-14 22:00:00,171.66666999999998,210.33333,28.41508,77.04353,Nischal
2018-04-14 22:15:00,195.0,232.66667,28.41508,77.04353,Nischal
2018-04-14 22:30:00,198.33333000000002,252.0,28.41508,77.04353,Nischal
2018-04-14 22:45:00,235.66667,295.0,28.41508,77.04353,Nischal
2018-04-14 23:00:00,256.33333999999996,330.66666000000004,28.41508,77.04353,Nischal
2018-04-14 23:15:00,247.33333,306.66666000000004,28.41508,77.04353,Nischal
2018-04-14 23:30:00,230.33333,285.66666000000004,28.41508,77.04353,Nischal
2018-04-14 23:45:00,212.33333,268.66666000000004,28.41508,77.04353,Nischal
2018-04-15 00:00:00,217.66667,277.0,28.41508,77.04353,Nischal
2018-04-15 00:15:00,222.33333,278.0,28.41508,77.04353,Nischal
2018-04-15 00:30:00,224.66667,291.33333999999996,28.41508,77.04353,Nischal
2018-04-15 00:45:00,234.33333,297.66666000000004,28.41508,77.04353,Nischal
2018-04-15 01:00:00,243.33333,310.0,28.41508,77.04353,Nischal
2018-04-15 01:15:00,244.0,308.33333999999996,28.41508,77.04353,Nischal
2018-04-15 01:30:00,236.33333,295.66666000000004,28.41508,77.04353,Nischal
2018-04-15 01:45:00,232.0,292.33333999999996,28.41508,77.04353,Nischal
2018-04-15 02:00:00,235.0,301.33333999999996,28.41508,77.04353,Nischal
2018-04-15 02:15:00,227.0,283.33333999999996,28.41508,77.04353,Nischal
2018-04-15 02:30:00,217.66667,267.66666000000004,28.41508,77.04353,Nischal
2018-04-15 02:45:00,257.0,331.0,28.41508,77.04353,Nischal
2018-04-15 03:00:00,256.25,325.25,28.41508,77.04353,Nischal
2018-04-15 03:15:00,244.66667,307.0,28.41508,77.04353,Nischal
2018-04-15 03:30:00,240.66667,303.0,28.41508,77.04353,Nischal
2018-04-15 03:45:00,233.5,300.0,28.41508,77.04353,Nischal
2018-04-15 04:00:00,212.0,254.25,28.41508,77.04353,Nischal
2018-04-15 04:15:00,189.33333000000002,224.66667,28.41508,77.04353,Nischal
2018-04-15 04:30:00,138.33333000000002,165.66666999999998,28.41508,77.04353,Nischal
2018-04-15 04:45:00,123.0,142.66666999999998,28.41508,77.04353,Nischal
2018-04-15 05:00:00,116.66666399999998,144.33333000000002,28.41508,77.04353,Nischal
2018-04-15 05:15:00,106.0,124.0,28.41508,77.04353,Nischal
2018-04-15 05:30:00,93.0,105.0,28.41508,77.04353,Nischal
2018-04-15 05:45:00,83.333336,94.666664,28.41508,77.04353,Nischal
2018-04-15 06:00:00,80.0,90.666664,28.41508,77.04353,Nischal
2018-04-15 06:15:00,75.666664,85.0,28.41508,77.04353,Nischal
2018-04-15 06:30:00,62.33333199999999,70.0,28.41508,77.04353,Nischal
2018-04-15 06:45:00,55.66666800000001,65.0,28.41508,77.04353,Nischal
2018-04-15 07:00:00,56.66666800000001,63.0,28.41508,77.04353,Nischal
2018-04-15 07:15:00,50.333332,60.33333199999999,28.41508,77.04353,Nischal
2018-04-15 07:30:00,51.333332,58.66666800000001,28.41508,77.04353,Nischal
2018-04-15 07:45:00,45.666668,50.666668,28.41508,77.04353,Nischal
2018-04-15 08:00:00,45.666668,50.333332,28.41508,77.04353,Nischal
2018-04-15 08:15:00,41.333332,47.333332,28.41508,77.04353,Nischal
2018-04-15 08:30:00,42.333332,48.333332,28.41508,77.04353,Nischal
2018-04-15 08:45:00,39.333332,44.666668,28.41508,77.04353,Nischal
2018-04-15 09:00:00,40.0,45.0,28.41508,77.04353,Nischal
2018-04-15 09:15:00,40.666668,46.0,28.41508,77.04353,Nischal
2018-04-15 09:30:00,42.333332,47.0,28.41508,77.04353,Nischal
2018-04-15 09:45:00,45.666668,50.333332,28.41508,77.04353,Nischal
2018-04-15 10:00:00,44.333332,49.333332,28.41508,77.04353,Nischal
2018-04-15 10:15:00,43.666668,49.666668,28.41508,77.04353,Nischal
2018-04-15 10:30:00,145.33333000000002,172.0,28.41508,77.04353,Nischal
2018-04-15 10:45:00,46.0,51.333332,28.41508,77.04353,Nischal
2018-04-15 11:00:00,40.0,46.333332,28.41508,77.04353,Nischal
2018-04-15 11:15:00,41.333332,45.666668,28.41508,77.04353,Nischal
2018-04-15 11:30:00,40.666668,46.666668,28.41508,77.04353,Nischal
2018-04-15 11:45:00,40.333332,45.666668,28.41508,77.04353,Nischal
2018-04-15 12:00:00,38.333332,42.666668,28.41508,77.04353,Nischal
2018-04-15 12:15:00,40.5,48.0,28.41508,77.04353,Nischal
2018-04-15 12:30:00,43.0,49.75,28.41508,77.04353,Nischal
2018-04-15 12:45:00,45.0,51.333332,28.41508,77.04353,Nischal
2018-04-15 13:00:00,46.333332,52.66666800000001,28.41508,77.04353,Nischal
2018-04-15 13:15:00,53.0,60.0,28.41508,77.04353,Nischal
2018-04-15 13:30:00,54.66666800000001,62.66666800000001,28.41508,77.04353,Nischal
2018-04-15 13:45:00,51.666668,59.0,28.41508,77.04353,Nischal
2018-04-15 14:00:00,58.66666800000001,69.666664,28.41508,77.04353,Nischal
2018-04-15 14:15:00,66.333336,75.666664,28.41508,77.04353,Nischal
2018-04-15 14:30:00,68.5,74.0,28.41508,77.04353,Nischal
2018-04-15 14:45:00,85.666664,99.333336,28.41508,77.04353,Nischal
2018-04-15 15:00:00,147.33333000000002,167.33333000000002,28.41508,77.04353,Nischal
2018-04-15 15:15:00,132.66666999999998,153.66666999999998,28.41508,77.04353,Nischal
2018-04-15 15:30:00,105.33333600000002,119.66666399999998,28.41508,77.04353,Nischal
2018-04-15 15:45:00,88.666664,106.66666399999998,28.41508,77.04353,Nischal
2018-04-15 16:00:00,89.333336,100.666664,28.41508,77.04353,Nischal
2018-04-15 16:15:00,87.333336,96.666664,28.41508,77.04353,Nischal
2018-04-15 16:30:00,80.333336,88.666664,28.41508,77.04353,Nischal
2018-04-15 16:45:00,76.333336,88.333336,28.41508,77.04353,Nischal
2018-04-15 17:00:00,76.666664,85.666664,28.41508,77.04353,Nischal
2018-04-15 17:15:00,76.666664,85.0,28.41508,77.04353,Nischal
2018-04-15 17:30:00,83.0,99.0,28.41508,77.04353,Nischal
2018-04-15 17:45:00,119.66666399999998,139.66666999999998,28.41508,77.04353,Nischal
2018-04-15 18:00:00,108.0,126.66666399999998,28.41508,77.04353,Nischal
2018-04-15 18:15:00,100.666664,116.66666399999998,28.41508,77.04353,Nischal
2018-04-15 18:30:00,95.0,108.0,28.41508,77.04353,Nischal
2018-04-15 18:45:00,92.333336,106.0,28.41508,77.04353,Nischal
2018-04-15 19:00:00,89.333336,104.333336,28.41508,77.04353,Nischal
2018-04-15 19:15:00,92.666664,107.66666399999998,28.41508,77.04353,Nischal
2018-04-15 19:30:00,95.333336,110.66666399999998,28.41508,77.04353,Nischal
2018-04-15 19:45:00,98.0,110.33333600000002,28.41508,77.04353,Nischal
2018-04-15 20:00:00,98.333336,111.0,28.41508,77.04353,Nischal
2018-04-15 20:15:00,104.333336,123.66666399999998,28.41508,77.04353,Nischal
2018-04-15 20:30:00,107.0,122.66666399999998,28.41508,77.04353,Nischal
2018-04-15 20:45:00,106.33333600000002,121.66666399999998,28.41508,77.04353,Nischal
2018-04-15 21:00:00,110.0,128.0,28.41508,77.04353,Nischal
2018-04-15 21:15:00,109.33333600000002,127.0,28.41508,77.04353,Nischal
2018-04-15 21:30:00,118.0,138.0,28.41508,77.04353,Nischal
2018-04-15 21:45:00,124.66666399999998,146.33333000000002,28.41508,77.04353,Nischal
2018-04-15 22:00:00,134.33333000000002,160.0,28.41508,77.04353,Nischal
2018-04-15 22:15:00,135.0,159.33333000000002,28.41508,77.04353,Nischal
2018-04-15 22:30:00,139.33333000000002,167.33333000000002,28.41508,77.04353,Nischal
2018-04-15 22:45:00,132.0,163.33333000000002,28.41508,77.04353,Nischal
2018-04-15 23:00:00,135.33333000000002,155.33333000000002,28.41508,77.04353,Nischal
2018-04-15 23:15:00,136.33333000000002,166.66666999999998,28.41508,77.04353,Nischal
2018-04-15 23:30:00,140.0,165.33333000000002,28.41508,77.04353,Nischal
2018-04-15 23:45:00,145.33333000000002,171.66666999999998,28.41508,77.04353,Nischal
2018-04-16 00:00:00,171.0,203.33333000000002,28.41508,77.04353,Nischal
2018-04-16 00:15:00,186.33333000000002,223.33333,28.41508,77.04353,Nischal
2018-04-16 00:30:00,189.0,231.66667,28.41508,77.04353,Nischal
2018-04-16 00:45:00,187.0,224.0,28.41508,77.04353,Nischal
2018-04-16 01:00:00,190.0,231.0,28.41508,77.04353,Nischal
2018-04-16 01:15:00,193.0,234.33333,28.41508,77.04353,Nischal
2018-04-16 01:30:00,190.0,231.66667,28.41508,77.04353,Nischal
2018-04-16 01:45:00,195.33333000000002,241.66667,28.41508,77.04353,Nischal
2018-04-16 02:00:00,209.0,263.66666000000004,28.41508,77.04353,Nischal
2018-04-16 02:15:00,212.66667,264.66666000000004,28.41508,77.04353,Nischal
2018-04-16 02:30:00,207.66666999999998,258.0,28.41508,77.04353,Nischal
2018-04-16 02:45:00,215.33333,275.33333999999996,28.41508,77.04353,Nischal
2018-04-16 03:00:00,229.66667,287.66666000000004,28.41508,77.04353,Nischal
2018-04-16 03:15:00,211.0,262.0,28.41508,77.04353,Nischal
2018-04-16 03:30:00,198.33333000000002,245.33333,28.41508,77.04353,Nischal
2018-04-16 03:45:00,207.0,255.33333,28.41508,77.04353,Nischal
2018-04-16 04:00:00,205.33333000000002,256.33333999999996,28.41508,77.04353,Nischal
2018-04-16 04:15:00,204.33333000000002,250.33333,28.41508,77.04353,Nischal
2018-04-16 04:30:00,186.66666999999998,225.66667,28.41508,77.04353,Nischal
2018-04-16 04:45:00,179.33333000000002,220.66667,28.41508,77.04353,Nischal
2018-04-16 05:00:00,159.33333000000002,194.33333000000002,28.41508,77.04353,Nischal
2018-04-16 05:15:00,157.0,191.66666999999998,28.41508,77.04353,Nischal
2018-04-16 05:30:00,132.0,155.33333000000002,28.41508,77.04353,Nischal
2018-04-16 05:45:00,93.333336,108.66666399999998,28.41508,77.04353,Nischal
2018-04-16 06:00:00,193.33333000000002,248.66667,28.41508,77.04353,Nischal
2018-04-16 06:15:00,148.0,169.66666999999998,28.41508,77.04353,Nischal
2018-04-16 06:30:00,75.333336,90.666664,28.41508,77.04353,Nischal
2018-04-16 06:45:00,72.333336,81.333336,28.41508,77.04353,Nischal
2018-04-16 07:00:00,82.0,92.0,28.41508,77.04353,Nischal
2018-04-16 07:15:00,81.666664,96.333336,28.41508,77.04353,Nischal
2018-04-16 07:30:00,71.333336,83.333336,28.41508,77.04353,Nischal
2018-04-16 07:45:00,60.0,68.333336,28.41508,77.04353,Nischal
2018-04-16 08:00:00,53.33333199999999,60.66666800000001,28.41508,77.04353,Nischal
2018-04-16 08:15:00,52.5,59.0,28.41508,77.04353,Nischal
2018-04-16 08:30:00,50.333332,59.0,28.41508,77.04353,Nischal
2018-04-16 08:45:00,48.0,54.66666800000001,28.41508,77.04353,Nischal
2018-04-16 09:00:00,45.0,52.333332,28.41508,77.04353,Nischal
2018-04-16 09:15:00,52.0,61.66666800000001,28.41508,77.04353,Nischal
2018-04-16 09:30:00,51.0,57.33333199999999,28.41508,77.04353,Nischal
2018-04-16 09:45:00,48.666668,55.0,28.41508,77.04353,Nischal
2018-04-16 10:00:00,76.666664,88.0,28.41508,77.04353,Nischal
2018-04-16 10:15:00,86.333336,98.333336,28.41508,77.04353,Nischal
2018-04-16 10:30:00,87.333336,102.0,28.41508,77.04353,Nischal
2018-04-16 10:45:00,83.666664,94.0,28.41508,77.04353,Nischal
2018-04-16 11:00:00,72.333336,82.333336,28.41508,77.04353,Nischal
2018-04-16 11:15:00,65.666664,73.333336,28.41508,77.04353,Nischal
2018-04-16 11:30:00,64.0,71.0,28.41508,77.04353,Nischal
2018-04-16 11:45:00,74.666664,82.333336,28.41508,77.04353,Nischal
2018-04-16 12:00:00,82.333336,93.333336,28.41508,77.04353,Nischal
2018-04-16 12:15:00,79.0,88.5,28.41508,77.04353,Nischal
2018-04-16 12:30:00,71.0,77.0,28.41508,77.04353,Nischal
2018-04-16 12:45:00,73.333336,83.0,28.41508,77.04353,Nischal
2018-04-16 13:00:00,70.666664,78.333336,28.41508,77.04353,Nischal
2018-04-16 13:15:00,71.666664,78.666664,28.41508,77.04353,Nischal
2018-04-16 13:30:00,69.666664,79.0,28.41508,77.04353,Nischal
2018-04-16 13:45:00,71.5,81.0,28.41508,77.04353,Nischal
2018-04-16 14:00:00,70.666664,80.666664,28.41508,77.04353,Nischal
2018-04-16 14:15:00,68.666664,76.0,28.41508,77.04353,Nischal
2018-04-16 14:30:00,68.0,76.0,28.41508,77.04353,Nischal
2018-04-16 14:45:00,71.0,82.0,28.41508,77.04353,Nischal
2018-04-16 15:00:00,62.25,72.25,28.41508,77.04353,Nischal
2018-04-16 15:15:00,79.666664,88.666664,28.41508,77.04353,Nischal
2018-04-16 15:30:00,51.666668,59.33333199999999,28.41508,77.04353,Nischal
2018-04-16 15:45:00,35.0,40.0,28.41508,77.04353,Nischal
2018-04-16 16:00:00,40.666668,46.333332,28.41508,77.04353,Nischal
2018-04-16 16:15:00,55.66666800000001,62.0,28.41508,77.04353,Nischal
2018-04-16 16:30:00,60.66666800000001,71.333336,28.41508,77.04353,Nischal
2018-04-16 16:45:00,61.66666800000001,69.333336,28.41508,77.04353,Nischal
2018-04-16 17:00:00,65.333336,72.333336,28.41508,77.04353,Nischal
2018-04-16 17:15:00,68.666664,79.333336,28.41508,77.04353,Nischal
2018-04-16 17:30:00,65.333336,72.0,28.41508,77.04353,Nischal
2018-04-16 17:45:00,67.333336,77.666664,28.41508,77.04353,Nischal
2018-04-16 18:00:00,74.666664,91.666664,28.41508,77.04353,Nischal
2018-04-16 18:15:00,114.33333600000002,130.33333000000002,28.41508,77.04353,Nischal
2018-04-16 18:30:00,85.0,96.666664,28.41508,77.04353,Nischal
2018-04-16 18:45:00,76.0,84.333336,28.41508,77.04353,Nischal
2018-04-16 19:00:00,69.0,77.666664,28.41508,77.04353,Nischal
2018-04-16 19:15:00,69.666664,79.0,28.41508,77.04353,Nischal
2018-04-16 19:30:00,69.333336,78.666664,28.41508,77.04353,Nischal
2018-04-16 19:45:00,66.666664,76.666664,28.41508,77.04353,Nischal
2018-04-16 20:00:00,64.666664,74.0,28.41508,77.04353,Nischal
2018-04-16 20:15:00,66.0,78.0,28.41508,77.04353,Nischal
2018-04-16 20:30:00,69.333336,83.333336,28.41508,77.04353,Nischal
2018-04-16 20:45:00,70.333336,84.666664,28.41508,77.04353,Nischal
2018-04-16 21:00:00,68.666664,81.666664,28.41508,77.04353,Nischal
2018-04-16 21:15:00,61.33333199999999,72.666664,28.41508,77.04353,Nischal
2018-04-16 21:30:00,59.33333199999999,74.0,28.41508,77.04353,Nischal
2018-04-16 21:45:00,58.33333199999999,68.0,28.41508,77.04353,Nischal
2018-04-16 22:00:00,58.66666800000001,68.666664,28.41508,77.04353,Nischal
2018-04-16 22:15:00,59.0,70.0,28.41508,77.04353,Nischal
2018-04-16 22:30:00,60.0,68.666664,28.41508,77.04353,Nischal
2018-04-16 22:45:00,64.0,75.666664,28.41508,77.04353,Nischal
2018-04-16 23:00:00,59.33333199999999,72.0,28.41508,77.04353,Nischal
2018-04-16 23:15:00,67.666664,80.333336,28.41508,77.04353,Nischal
2018-04-16 23:30:00,68.333336,86.333336,28.41508,77.04353,Nischal
2018-04-16 23:45:00,72.0,85.666664,28.41508,77.04353,Nischal
2018-04-17 00:00:00,74.666664,86.666664,28.41508,77.04353,Nischal
2018-04-17 00:15:00,75.666664,93.0,28.41508,77.04353,Nischal
2018-04-17 00:30:00,68.666664,81.0,28.41508,77.04353,Nischal
2018-04-17 00:45:00,64.333336,77.0,28.41508,77.04353,Nischal
2018-04-17 01:00:00,61.66666800000001,73.666664,28.41508,77.04353,Nischal
2018-04-17 01:15:00,71.0,84.0,28.41508,77.04353,Nischal
2018-04-17 01:30:00,85.333336,101.666664,28.41508,77.04353,Nischal
2018-04-17 01:45:00,111.66666399999998,130.66666999999998,28.41508,77.04353,Nischal
2018-04-17 02:00:00,141.66666999999998,171.66666999999998,28.41508,77.04353,Nischal
2018-04-17 02:15:00,156.33333000000002,192.33333000000002,28.41508,77.04353,Nischal
2018-04-17 02:30:00,157.66666999999998,194.66666999999998,28.41508,77.04353,Nischal
2018-04-17 02:45:00,131.66666999999998,157.33333000000002,28.41508,77.04353,Nischal
2018-04-17 03:00:00,115.66666399999998,135.0,28.41508,77.04353,Nischal
2018-04-17 03:15:00,108.0,126.66666399999998,28.41508,77.04353,Nischal
2018-04-17 03:30:00,101.666664,118.66666399999998,28.41508,77.04353,Nischal
2018-04-17 03:45:00,99.666664,115.33333600000002,28.41508,77.04353,Nischal
2018-04-17 04:00:00,100.333336,113.33333600000002,28.41508,77.04353,Nischal
2018-04-17 04:15:00,86.666664,96.666664,28.41508,77.04353,Nischal
2018-04-17 04:30:00,78.0,91.333336,28.41508,77.04353,Nischal
2018-04-17 04:45:00,68.333336,76.333336,28.41508,77.04353,Nischal
2018-04-17 05:00:00,63.33333199999999,73.666664,28.41508,77.04353,Nischal
2018-04-17 05:15:00,59.33333199999999,66.666664,28.41508,77.04353,Nischal
2018-04-17 05:30:00,56.0,66.0,28.41508,77.04353,Nischal
2018-04-17 05:45:00,53.66666800000001,61.33333199999999,28.41508,77.04353,Nischal
2018-04-17 06:00:00,49.333332,58.33333199999999,28.41508,77.04353,Nischal
2018-04-17 06:15:00,53.66666800000001,59.66666800000001,28.41508,77.04353,Nischal
2018-04-17 06:30:00,46.333332,52.333332,28.41508,77.04353,Nischal
2018-04-17 06:45:00,45.0,51.0,28.41508,77.04353,Nischal
2018-04-17 07:00:00,40.0,45.333332,28.41508,77.04353,Nischal
2018-04-17 07:15:00,40.666668,46.666668,28.41508,77.04353,Nischal
2018-04-17 07:30:00,39.333332,43.666668,28.41508,77.04353,Nischal
2018-04-17 07:45:00,38.333332,42.333332,28.41508,77.04353,Nischal
2018-04-17 08:00:00,33.666668,38.0,28.41508,77.04353,Nischal
2018-04-17 08:15:00,32.333332,37.333332,28.41508,77.04353,Nischal
2018-04-17 08:30:00,29.333334000000004,34.333332,28.41508,77.04353,Nischal
2018-04-17 08:45:00,27.333334000000004,32.666668,28.41508,77.04353,Nischal
2018-04-17 09:00:00,27.666665999999996,32.666668,28.41508,77.04353,Nischal
2018-04-17 09:15:00,28.333334000000004,32.0,28.41508,77.04353,Nischal
2018-04-17 09:30:00,30.333334000000004,33.0,28.41508,77.04353,Nischal
2018-04-17 09:45:00,26.0,31.0,28.41508,77.04353,Nischal
2018-04-17 10:00:00,24.0,28.333334000000004,28.41508,77.04353,Nischal
2018-04-17 10:15:00,22.666666,27.333334000000004,28.41508,77.04353,Nischal
2018-04-17 10:30:00,24.666666,30.333334000000004,28.41508,77.04353,Nischal
2018-04-17 10:45:00,28.0,32.333332,28.41508,77.04353,Nischal
2018-04-17 11:00:00,23.0,27.0,28.41508,77.04353,Nischal
2018-04-17 11:15:00,21.666666,26.666665999999996,28.41508,77.04353,Nischal
2018-04-17 11:30:00,21.0,27.333334000000004,28.41508,77.04353,Nischal
2018-04-17 11:45:00,21.0,25.5,28.41508,77.04353,Nischal
2018-04-17 12:00:00,18.666666,23.0,28.41508,77.04353,Nischal
2018-04-17 12:15:00,21.0,26.0,28.41508,77.04353,Nischal
2018-04-17 12:30:00,22.0,26.0,28.41508,77.04353,Nischal
2018-04-17 12:45:00,23.666666,27.666665999999996,28.41508,77.04353,Nischal
2018-04-17 13:00:00,26.0,30.0,28.41508,77.04353,Nischal
2018-04-17 13:15:00,27.333334000000004,35.333332,28.41508,77.04353,Nischal
2018-04-17 13:30:00,30.0,35.333332,28.41508,77.04353,Nischal
2018-04-17 13:45:00,34.0,39.666668,28.41508,77.04353,Nischal
2018-04-17 14:00:00,34.333332,40.333332,28.41508,77.04353,Nischal
2018-04-17 14:15:00,37.666668,47.0,28.41508,77.04353,Nischal
2018-04-17 14:30:00,38.666668,42.666668,28.41508,77.04353,Nischal
2018-04-17 14:45:00,41.666668,48.0,28.41508,77.04353,Nischal
2018-04-17 15:00:00,40.0,47.0,28.41508,77.04353,Nischal
2018-04-17 15:15:00,45.0,51.666668,28.41508,77.04353,Nischal
2018-04-17 15:30:00,46.333332,54.33333199999999,28.41508,77.04353,Nischal
2018-04-17 15:45:00,46.333332,52.0,28.41508,77.04353,Nischal
2018-04-17 16:00:00,46.666668,54.66666800000001,28.41508,77.04353,Nischal
2018-04-17 16:15:00,50.333332,59.33333199999999,28.41508,77.04353,Nischal
2018-04-17 16:30:00,43.333332,49.666668,28.41508,77.04353,Nischal
2018-04-17 16:45:00,35.333332,40.333332,28.41508,77.04353,Nischal
2018-04-17 17:00:00,35.666668,39.666668,28.41508,77.04353,Nischal
2018-04-17 17:15:00,31.333334000000004,37.0,28.41508,77.04353,Nischal
2018-04-17 17:30:00,30.333334000000004,32.666668,28.41508,77.04353,Nischal
2018-04-17 17:45:00,34.666668,39.0,28.41508,77.04353,Nischal
2018-04-17 18:00:00,45.0,49.333332,28.41508,77.04353,Nischal
2018-04-17 18:15:00,52.66666800000001,61.66666800000001,28.41508,77.04353,Nischal
2018-04-17 18:30:00,54.33333199999999,61.0,28.41508,77.04353,Nischal
2018-04-17 18:45:00,50.333332,56.33333199999999,28.41508,77.04353,Nischal
2018-04-17 19:00:00,46.333332,52.333332,28.41508,77.04353,Nischal
2018-04-17 19:15:00,43.333332,49.666668,28.41508,77.04353,Nischal
2018-04-17 19:30:00,41.0,46.666668,28.41508,77.04353,Nischal
2018-04-17 19:45:00,42.0,47.666668,28.41508,77.04353,Nischal
2018-04-17 20:00:00,43.0,50.0,28.41508,77.04353,Nischal
2018-04-17 20:15:00,46.0,51.666668,28.41508,77.04353,Nischal
2018-04-17 20:30:00,45.666668,51.666668,28.41508,77.04353,Nischal
2018-04-17 20:45:00,43.666668,49.333332,28.41508,77.04353,Nischal
2018-04-17 21:00:00,41.666668,47.0,28.41508,77.04353,Nischal
2018-04-17 21:15:00,42.333332,47.333332,28.41508,77.04353,Nischal
2018-04-17 21:30:00,51.0,54.66666800000001,28.41508,77.04353,Nischal
2018-04-17 21:45:00,67.666664,78.0,28.41508,77.04353,Nischal
2018-04-17 22:00:00,89.333336,99.0,28.41508,77.04353,Nischal
2018-04-17 22:15:00,95.333336,111.33333600000002,28.41508,77.04353,Nischal
2018-04-17 22:30:00,98.333336,118.33333600000002,28.41508,77.04353,Nischal
2018-04-17 22:45:00,110.33333600000002,129.66666999999998,28.41508,77.04353,Nischal
2018-04-17 23:00:00,119.33333600000002,138.0,28.41508,77.04353,Nischal
2018-04-17 23:15:00,119.66666399999998,140.66666999999998,28.41508,77.04353,Nischal
2018-04-17 23:30:00,120.0,145.0,28.41508,77.04353,Nischal
2018-04-17 23:45:00,114.0,132.33333000000002,28.41508,77.04353,Nischal
2018-04-18 00:00:00,107.0,134.33333000000002,28.41508,77.04353,Nischal
2018-04-18 00:15:00,100.333336,120.33333600000002,28.41508,77.04353,Nischal
2018-04-18 00:30:00,101.666664,127.0,28.41508,77.04353,Nischal
2018-04-18 00:45:00,99.0,121.66666399999998,28.41508,77.04353,Nischal
2018-04-18 01:00:00,100.333336,124.33333600000002,28.41508,77.04353,Nischal
2018-04-18 01:15:00,101.666664,122.33333600000002,28.41508,77.04353,Nischal
2018-04-18 01:30:00,101.666664,124.0,28.41508,77.04353,Nischal
2018-04-18 01:45:00,120.33333600000002,156.33333000000002,28.41508,77.04353,Nischal
2018-04-18 02:00:00,138.0,164.33333000000002,28.41508,77.04353,Nischal
2018-04-18 02:15:00,136.0,162.66666999999998,28.41508,77.04353,Nischal
2018-04-18 02:30:00,134.0,161.33333000000002,28.41508,77.04353,Nischal
2018-04-18 02:45:00,121.0,142.66666999999998,28.41508,77.04353,Nischal
2018-04-18 03:00:00,115.0,144.0,28.41508,77.04353,Nischal
2018-04-18 03:15:00,109.33333600000002,128.66666999999998,28.41508,77.04353,Nischal
2018-04-18 03:30:00,114.0,131.0,28.41508,77.04353,Nischal
2018-04-18 03:45:00,102.0,121.0,28.41508,77.04353,Nischal
2018-04-18 04:00:00,99.0,114.33333600000002,28.41508,77.04353,Nischal
2018-04-18 04:15:00,98.0,115.66666399999998,28.41508,77.04353,Nischal
2018-04-18 04:30:00,96.333336,111.66666399999998,28.41508,77.04353,Nischal
2018-04-18 04:45:00,94.666664,113.0,28.41508,77.04353,Nischal
2018-04-18 05:00:00,99.666664,117.66666399999998,28.41508,77.04353,Nischal
2018-04-18 05:15:00,85.0,101.0,28.41508,77.04353,Nischal
2018-04-18 05:30:00,75.666664,86.333336,28.41508,77.04353,Nischal
2018-04-18 05:45:00,59.66666800000001,68.333336,28.41508,77.04353,Nischal
2018-04-18 06:00:00,49.666668,56.66666800000001,28.41508,77.04353,Nischal
2018-04-18 06:15:00,35.666668,41.333332,28.41508,77.04353,Nischal
2018-04-18 06:30:00,31.0,35.0,28.41508,77.04353,Nischal
2018-04-18 06:45:00,28.0,32.333332,28.41508,77.04353,Nischal
2018-04-18 07:00:00,30.0,37.5,28.41508,77.04353,Nischal
2018-04-18 07:15:00,30.0,36.333332,28.41508,77.04353,Nischal
2018-04-18 07:30:00,24.333334,30.666665999999996,28.41508,77.04353,Nischal
2018-04-18 07:45:00,23.0,27.666665999999996,28.41508,77.04353,Nischal
2018-04-18 08:00:00,23.333334,29.333334000000004,28.41508,77.04353,Nischal
2018-04-18 08:15:00,21.333334,27.0,28.41508,77.04353,Nischal
2018-04-18 08:30:00,20.5,22.0,28.41508,77.04353,Nischal
2018-04-18 08:45:00,19.0,23.666666,28.41508,77.04353,Nischal
2018-04-18 09:00:00,20.333334,23.666666,28.41508,77.04353,Nischal
2018-04-18 09:15:00,20.666666,27.333334000000004,28.41508,77.04353,Nischal
2018-04-18 09:30:00,21.0,24.0,28.41508,77.04353,Nischal
2018-04-18 09:45:00,20.0,23.666666,28.41508,77.04353,Nischal
2018-04-18 10:00:00,18.0,21.666666,28.41508,77.04353,Nischal
2018-04-18 10:15:00,18.0,22.0,28.41508,77.04353,Nischal
2018-04-18 10:30:00,18.666666,23.666666,28.41508,77.04353,Nischal
2018-04-18 10:45:00,24.666666,34.333332,28.41508,77.04353,Nischal
2018-04-18 11:00:00,21.333334,25.0,28.41508,77.04353,Nischal
2018-04-18 11:15:00,19.0,23.666666,28.41508,77.04353,Nischal
2018-04-18 11:30:00,21.333334,26.666665999999996,28.41508,77.04353,Nischal
2018-04-18 11:45:00,20.666666,24.666666,28.41508,77.04353,Nischal
2018-04-18 12:00:00,19.333334,24.333334,28.41508,77.04353,Nischal
2018-04-18 12:15:00,19.5,23.5,28.41508,77.04353,Nischal
2018-04-18 12:30:00,22.333334,27.666665999999996,28.41508,77.04353,Nischal
2018-04-18 12:45:00,22.0,26.666665999999996,28.41508,77.04353,Nischal
2018-04-18 13:00:00,23.0,27.333334000000004,28.41508,77.04353,Nischal
2018-04-18 13:15:00,39.0,50.0,28.41508,77.04353,Nischal
2018-04-18 13:30:00,50.333332,60.66666800000001,28.41508,77.04353,Nischal
2018-04-18 13:45:00,85.666664,101.0,28.41508,77.04353,Nischal
2018-04-18 14:00:00,46.666668,56.33333199999999,28.41508,77.04353,Nischal
2018-04-18 14:15:00,38.333332,45.666668,28.41508,77.04353,Nischal
2018-04-18 14:30:00,45.666668,53.33333199999999,28.41508,77.04353,Nischal
2018-04-18 14:45:00,93.0,106.66666399999998,28.41508,77.04353,Nischal
2018-04-18 15:00:00,52.0,59.5,28.41508,77.04353,Nischal
2018-04-18 15:15:00,50.0,59.0,28.41508,77.04353,Nischal
2018-04-18 15:30:00,48.0,58.0,28.41508,77.04353,Nischal
2018-04-18 15:45:00,54.33333199999999,65.666664,28.41508,77.04353,Nischal
2018-04-18 16:00:00,58.0,71.0,28.41508,77.04353,Nischal
2018-04-18 16:15:00,63.0,76.333336,28.41508,77.04353,Nischal
2018-04-18 16:30:00,63.33333199999999,81.0,28.41508,77.04353,Nischal
2018-04-18 16:45:00,71.333336,90.666664,28.41508,77.04353,Nischal
2018-04-18 17:00:00,68.0,82.666664,28.41508,77.04353,Nischal
2018-04-18 17:15:00,43.666668,52.333332,28.41508,77.04353,Nischal
2018-04-18 17:30:00,36.666668,44.0,28.41508,77.04353,Nischal
2018-04-18 17:45:00,32.333332,37.0,28.41508,77.04353,Nischal
2018-04-18 18:00:00,36.333332,43.333332,28.41508,77.04353,Nischal
2018-04-18 18:15:00,38.333332,45.666668,28.41508,77.04353,Nischal
2018-04-18 18:30:00,37.666668,44.0,28.41508,77.04353,Nischal
2018-04-18 18:45:00,38.666668,46.0,28.41508,77.04353,Nischal
2018-04-18 19:00:00,38.333332,42.666668,28.41508,77.04353,Nischal
2018-04-18 19:15:00,42.666668,51.666668,28.41508,77.04353,Nischal
2018-04-18 19:30:00,48.666668,53.0,28.41508,77.04353,Nischal
2018-04-18 19:45:00,48.0,52.66666800000001,28.41508,77.04353,Nischal
2018-04-18 20:00:00,52.333332,58.33333199999999,28.41508,77.04353,Nischal
2018-04-18 20:15:00,51.333332,59.0,28.41508,77.04353,Nischal
2018-04-18 20:30:00,56.0,60.33333199999999,28.41508,77.04353,Nischal
2018-04-18 20:45:00,53.33333199999999,59.0,28.41508,77.04353,Nischal
2018-04-18 21:00:00,54.0,65.0,28.41508,77.04353,Nischal
2018-04-18 21:15:00,56.0,65.0,28.41508,77.04353,Nischal
2018-04-18 21:30:00,59.0,65.666664,28.41508,77.04353,Nischal
2018-04-18 21:45:00,60.33333199999999,68.0,28.41508,77.04353,Nischal
2018-04-18 22:00:00,64.0,73.666664,28.41508,77.04353,Nischal
2018-04-18 22:15:00,64.5,72.5,28.41508,77.04353,Nischal
2018-04-18 22:30:00,70.666664,81.666664,28.41508,77.04353,Nischal
2018-04-18 22:45:00,76.666664,88.0,28.41508,77.04353,Nischal
2018-04-18 23:00:00,85.0,98.0,28.41508,77.04353,Nischal
2018-04-18 23:15:00,92.0,105.66666399999998,28.41508,77.04353,Nischal
2018-04-18 23:30:00,97.666664,116.33333600000002,28.41508,77.04353,Nischal
2018-04-18 23:45:00,97.333336,111.0,28.41508,77.04353,Nischal
2018-04-19 00:00:00,91.666664,108.33333600000002,28.41508,77.04353,Nischal
2018-04-19 00:15:00,93.333336,106.66666399999998,28.41508,77.04353,Nischal
2018-04-19 00:30:00,95.0,110.33333600000002,28.41508,77.04353,Nischal
2018-04-19 00:45:00,99.333336,115.33333600000002,28.41508,77.04353,Nischal
2018-04-19 01:00:00,113.66666399999998,130.33333000000002,28.41508,77.04353,Nischal
2018-04-19 01:15:00,121.33333600000002,139.0,28.41508,77.04353,Nischal
2018-04-19 01:30:00,132.33333000000002,154.66666999999998,28.41508,77.04353,Nischal
2018-04-19 01:45:00,133.0,156.0,28.41508,77.04353,Nischal
2018-04-19 02:00:00,165.0,199.0,28.41508,77.04353,Nischal
2018-04-19 02:15:00,166.66666999999998,202.33333000000002,28.41508,77.04353,Nischal
2018-04-19 02:30:00,159.66666999999998,194.33333000000002,28.41508,77.04353,Nischal
2018-04-19 02:45:00,155.0,187.0,28.41508,77.04353,Nischal
2018-04-19 03:00:00,147.66666999999998,180.0,28.41508,77.04353,Nischal
2018-04-19 03:15:00,139.66666999999998,168.66666999999998,28.41508,77.04353,Nischal
2018-04-19 03:30:00,137.66666999999998,167.66666999999998,28.41508,77.04353,Nischal
2018-04-19 03:45:00,127.33333600000002,157.0,28.41508,77.04353,Nischal
2018-04-19 04:00:00,106.66666399999998,132.33333000000002,28.41508,77.04353,Nischal
2018-04-19 04:15:00,87.333336,107.0,28.41508,77.04353,Nischal
2018-04-19 04:30:00,77.666664,93.666664,28.41508,77.04353,Nischal
2018-04-19 04:45:00,74.333336,90.0,28.41508,77.04353,Nischal
2018-04-19 05:00:00,71.0,87.5,28.41508,77.04353,Nischal
2018-04-19 05:15:00,71.333336,84.0,28.41508,77.04353,Nischal
2018-04-19 05:30:00,68.333336,80.666664,28.41508,77.04353,Nischal
2018-04-19 05:45:00,64.0,76.0,28.41508,77.04353,Nischal
2018-04-19 06:00:00,58.0,70.333336,28.41508,77.04353,Nischal
2018-04-19 06:15:00,56.0,68.0,28.41508,77.04353,Nischal
2018-04-19 06:30:00,49.0,61.33333199999999,28.41508,77.04353,Nischal
2018-04-19 06:45:00,38.333332,45.333332,28.41508,77.04353,Nischal
2018-04-19 07:00:00,36.0,44.333332,28.41508,77.04353,Nischal
2018-04-19 07:15:00,35.666668,42.0,28.41508,77.04353,Nischal
2018-04-19 07:30:00,29.333334000000004,36.0,28.41508,77.04353,Nischal
2018-04-19 07:45:00,30.0,35.333332,28.41508,77.04353,Nischal
2018-04-19 08:00:00,28.0,33.0,28.41508,77.04353,Nischal
2018-04-19 08:15:00,25.5,31.5,28.41508,77.04353,Nischal
2018-04-19 08:30:00,30.666665999999996,36.666668,28.41508,77.04353,Nischal
2018-04-19 08:45:00,26.0,32.333332,28.41508,77.04353,Nischal
2018-04-19 09:00:00,28.333334000000004,35.0,28.41508,77.04353,Nischal
2018-04-19 09:15:00,28.5,33.5,28.41508,77.04353,Nischal
2018-04-19 09:30:00,25.333334,30.333334000000004,28.41508,77.04353,Nischal
2018-04-19 09:45:00,22.0,28.0,28.41508,77.04353,Nischal
2018-04-19 10:00:00,20.666666,29.333334000000004,28.41508,77.04353,Nischal
2018-04-19 10:15:00,19.333334,24.666666,28.41508,77.04353,Nischal
2018-04-19 10:30:00,17.333334,19.333334,28.41508,77.04353,Nischal
2018-04-19 10:45:00,18.666666,23.0,28.41508,77.04353,Nischal
2018-04-19 11:00:00,21.333334,26.333334000000004,28.41508,77.04353,Nischal
2018-04-19 11:15:00,21.0,26.0,28.41508,77.04353,Nischal
2018-04-19 11:30:00,19.333334,26.0,28.41508,77.04353,Nischal
2018-04-19 11:45:00,19.0,24.666666,28.41508,77.04353,Nischal
2018-04-19 12:00:00,19.333334,26.666665999999996,28.41508,77.04353,Nischal
2018-04-19 12:15:00,18.5,24.0,28.41508,77.04353,Nischal
2018-04-19 12:30:00,22.333334,29.333334000000004,28.41508,77.04353,Nischal
2018-04-19 12:45:00,24.0,30.0,28.41508,77.04353,Nischal
2018-04-19 13:00:00,24.333334,29.666665999999996,28.41508,77.04353,Nischal
2018-04-19 13:15:00,28.333334000000004,35.666668,28.41508,77.04353,Nischal
2018-04-19 13:30:00,31.666665999999996,40.333332,28.41508,77.04353,Nischal
2018-04-19 13:45:00,44.0,53.0,28.41508,77.04353,Nischal
2018-04-19 14:00:00,53.33333199999999,65.333336,28.41508,77.04353,Nischal
2018-04-19 14:15:00,59.66666800000001,69.333336,28.41508,77.04353,Nischal
2018-04-19 14:30:00,53.66666800000001,64.666664,28.41508,77.04353,Nischal
2018-04-19 14:45:00,51.666668,64.666664,28.41508,77.04353,Nischal
2018-04-19 15:00:00,57.0,71.0,28.41508,77.04353,Nischal
2018-04-19 15:15:00,63.66666800000001,76.666664,28.41508,77.04353,Nischal
2018-04-19 15:30:00,67.0,77.333336,28.41508,77.04353,Nischal
2018-04-19 15:45:00,71.0,86.333336,28.41508,77.04353,Nischal
2018-04-19 16:00:00,69.0,83.333336,28.41508,77.04353,Nischal
2018-04-19 16:15:00,78.0,94.666664,28.41508,77.04353,Nischal
2018-04-19 16:30:00,76.0,89.0,28.41508,77.04353,Nischal
2018-04-19 16:45:00,72.333336,90.0,28.41508,77.04353,Nischal
2018-04-19 17:00:00,72.5,85.5,28.41508,77.04353,Nischal
2018-04-19 17:15:00,72.333336,83.666664,28.41508,77.04353,Nischal
2018-04-19 17:30:00,73.666664,84.333336,28.41508,77.04353,Nischal
2018-04-19 17:45:00,72.0,83.333336,28.41508,77.04353,Nischal
2018-04-19 18:00:00,72.333336,83.0,28.41508,77.04353,Nischal
2018-04-19 18:15:00,71.0,83.0,28.41508,77.04353,Nischal
2018-04-19 18:30:00,57.66666800000001,67.0,28.41508,77.04353,Nischal
2018-04-19 18:45:00,43.333332,50.666668,28.41508,77.04353,Nischal
2018-04-19 19:00:00,38.666668,43.333332,28.41508,77.04353,Nischal
2018-04-19 19:15:00,35.666668,39.333332,28.41508,77.04353,Nischal
2018-04-19 19:30:00,40.666668,47.0,28.41508,77.04353,Nischal
2018-04-19 19:45:00,47.0,52.0,28.41508,77.04353,Nischal
2018-04-19 20:00:00,46.333332,51.666668,28.41508,77.04353,Nischal
2018-04-19 20:15:00,46.0,50.666668,28.41508,77.04353,Nischal
2018-04-19 20:30:00,48.333332,52.66666800000001,28.41508,77.04353,Nischal
2018-04-19 20:45:00,50.0,56.33333199999999,28.41508,77.04353,Nischal
2018-04-19 21:00:00,54.33333199999999,58.66666800000001,28.41508,77.04353,Nischal
2018-04-19 21:15:00,56.0,60.0,28.41508,77.04353,Nischal
2018-04-19 21:30:00,56.0,63.33333199999999,28.41508,77.04353,Nischal
2018-04-19 21:45:00,52.333332,57.66666800000001,28.41508,77.04353,Nischal
2018-04-19 22:00:00,49.333332,54.0,28.41508,77.04353,Nischal
2018-04-19 22:15:00,50.666668,55.66666800000001,28.41508,77.04353,Nischal
2018-04-19 22:30:00,52.333332,58.66666800000001,28.41508,77.04353,Nischal
2018-04-19 22:45:00,59.66666800000001,68.333336,28.41508,77.04353,Nischal
2018-04-19 23:00:00,61.66666800000001,71.0,28.41508,77.04353,Nischal
2018-04-19 23:15:00,64.666664,72.333336,28.41508,77.04353,Nischal
2018-04-19 23:30:00,89.0,107.33333600000002,28.41508,77.04353,Nischal
2018-04-19 23:45:00,100.0,121.0,28.41508,77.04353,Nischal
2018-04-20 00:00:00,99.666664,118.33333600000002,28.41508,77.04353,Nischal
2018-04-20 00:15:00,99.0,115.66666399999998,28.41508,77.04353,Nischal
2018-04-20 00:30:00,92.0,110.33333600000002,28.41508,77.04353,Nischal
2018-04-20 00:45:00,94.0,110.66666399999998,28.41508,77.04353,Nischal
2018-04-20 01:00:00,96.333336,112.66666399999998,28.41508,77.04353,Nischal
2018-04-20 01:15:00,97.333336,114.0,28.41508,77.04353,Nischal
2018-04-20 01:30:00,98.666664,118.33333600000002,28.41508,77.04353,Nischal
2018-04-20 01:45:00,112.33333600000002,138.0,28.41508,77.04353,Nischal
2018-04-20 02:00:00,134.0,168.0,28.41508,77.04353,Nischal
2018-04-20 02:15:00,148.0,184.66666999999998,28.41508,77.04353,Nischal
2018-04-20 02:30:00,115.66666399999998,139.33333000000002,28.41508,77.04353,Nischal
2018-04-20 02:45:00,128.0,156.0,28.41508,77.04353,Nischal
2018-04-20 03:00:00,154.66666999999998,187.66666999999998,28.41508,77.04353,Nischal
2018-04-20 03:15:00,142.66666999999998,176.66666999999998,28.41508,77.04353,Nischal
2018-04-20 03:30:00,111.0,133.66666999999998,28.41508,77.04353,Nischal
2018-04-20 03:45:00,103.666664,123.33333600000002,28.41508,77.04353,Nischal
2018-04-20 04:00:00,94.666664,114.66666399999998,28.41508,77.04353,Nischal
2018-04-20 04:15:00,81.333336,98.333336,28.41508,77.04353,Nischal
2018-04-20 04:30:00,71.333336,86.0,28.41508,77.04353,Nischal
2018-04-20 04:45:00,70.0,83.333336,28.41508,77.04353,Nischal
2018-04-20 05:00:00,48.333332,61.33333199999999,28.41508,77.04353,Nischal
2018-04-20 05:15:00,35.0,43.666668,28.41508,77.04353,Nischal
2018-04-20 05:30:00,32.666668,41.0,28.41508,77.04353,Nischal
2018-04-20 05:45:00,30.666665999999996,39.666668,28.41508,77.04353,Nischal
2018-04-20 06:00:00,28.666665999999996,32.333332,28.41508,77.04353,Nischal
2018-04-20 06:15:00,26.666665999999996,32.666668,28.41508,77.04353,Nischal
2018-04-20 06:30:00,26.0,29.0,28.41508,77.04353,Nischal
2018-04-20 06:45:00,20.333334,24.666666,28.41508,77.04353,Nischal
2018-04-20 07:00:00,19.0,23.666666,28.41508,77.04353,Nischal
2018-04-20 07:15:00,17.0,21.666666,28.41508,77.04353,Nischal
2018-04-20 07:30:00,16.666666,20.666666,28.41508,77.04353,Nischal
2018-04-20 07:45:00,17.0,24.333334,28.41508,77.04353,Nischal
2018-04-20 08:00:00,16.0,23.0,28.41508,77.04353,Nischal
2018-04-20 08:15:00,14.333332999999998,18.333334,28.41508,77.04353,Nischal
2018-04-20 08:30:00,16.666666,21.666666,28.41508,77.04353,Nischal
2018-04-20 08:45:00,15.5,19.5,28.41508,77.04353,Nischal
2018-04-20 09:00:00,15.333332999999998,20.0,28.41508,77.04353,Nischal
2018-04-20 09:15:00,15.666667000000002,20.666666,28.41508,77.04353,Nischal
2018-04-20 09:30:00,14.333332999999998,20.0,28.41508,77.04353,Nischal
2018-04-20 09:45:00,15.333332999999998,22.0,28.41508,77.04353,Nischal
2018-04-20 10:00:00,15.333332999999998,19.0,28.41508,77.04353,Nischal
2018-04-20 10:15:00,16.0,20.0,28.41508,77.04353,Nischal
2018-04-20 10:30:00,19.666666,35.0,28.41508,77.04353,Nischal
2018-04-20 10:45:00,18.0,26.333334000000004,28.41508,77.04353,Nischal
2018-04-20 11:00:00,20.333334,28.333334000000004,28.41508,77.04353,Nischal
2018-04-20 11:15:00,17.666666,28.333334000000004,28.41508,77.04353,Nischal
2018-04-20 11:30:00,19.0,25.333334,28.41508,77.04353,Nischal
2018-04-20 11:45:00,19.333334,33.333332,28.41508,77.04353,Nischal
2018-04-20 12:00:00,19.0,25.666666,28.41508,77.04353,Nischal
2018-04-20 12:15:00,20.0,27.333334000000004,28.41508,77.04353,Nischal
2018-04-20 12:30:00,22.0,29.666665999999996,28.41508,77.04353,Nischal
2018-04-20 12:45:00,37.0,62.0,28.41508,77.04353,Nischal
2018-04-20 13:00:00,44.0,70.666664,28.41508,77.04353,Nischal
2018-04-20 13:15:00,44.666668,74.666664,28.41508,77.04353,Nischal
2018-04-20 13:30:00,41.333332,64.666664,28.41508,77.04353,Nischal
2018-04-20 13:45:00,36.666668,56.33333199999999,28.41508,77.04353,Nischal
2018-04-20 14:00:00,39.0,59.66666800000001,28.41508,77.04353,Nischal
2018-04-20 14:15:00,42.666668,60.66666800000001,28.41508,77.04353,Nischal
2018-04-20 14:30:00,37.0,53.33333199999999,28.41508,77.04353,Nischal
2018-04-20 14:45:00,34.0,48.666668,28.41508,77.04353,Nischal
2018-04-20 15:00:00,36.0,51.0,28.41508,77.04353,Nischal
2018-04-20 15:15:00,33.333332,47.666668,28.41508,77.04353,Nischal
2018-04-20 15:30:00,31.333334000000004,46.0,28.41508,77.04353,Nischal
2018-04-20 15:45:00,33.0,49.333332,28.41508,77.04353,Nischal
2018-04-20 16:00:00,36.0,45.0,28.41508,77.04353,Nischal
2018-04-20 16:15:00,35.0,47.333332,28.41508,77.04353,Nischal
2018-04-20 16:30:00,34.666668,46.333332,28.41508,77.04353,Nischal
2018-04-20 16:45:00,36.333332,52.333332,28.41508,77.04353,Nischal
2018-04-20 17:00:00,24.666666,28.666665999999996,28.41508,77.04353,Nischal
2018-04-20 17:15:00,19.666666,24.333334,28.41508,77.04353,Nischal
2018-04-20 17:30:00,19.333334,24.666666,28.41508,77.04353,Nischal
2018-04-20 17:45:00,22.333334,31.0,28.41508,77.04353,Nischal
2018-04-20 18:00:00,24.666666,39.0,28.41508,77.04353,Nischal
2018-04-20 18:15:00,29.333334000000004,43.666668,28.41508,77.04353,Nischal
2018-04-20 18:30:00,33.0,47.333332,28.41508,77.04353,Nischal
2018-04-20 18:45:00,31.666665999999996,48.333332,28.41508,77.04353,Nischal
2018-04-20 19:00:00,31.0,48.0,28.41508,77.04353,Nischal
2018-04-20 19:15:00,32.0,45.0,28.41508,77.04353,Nischal
2018-04-20 19:30:00,31.0,45.333332,28.41508,77.04353,Nischal
2018-04-20 19:45:00,30.0,46.0,28.41508,77.04353,Nischal
2018-04-20 20:00:00,32.333332,45.666668,28.41508,77.04353,Nischal
2018-04-20 20:15:00,31.333334000000004,48.666668,28.41508,77.04353,Nischal
2018-04-20 20:30:00,31.0,46.0,28.41508,77.04353,Nischal
2018-04-20 20:45:00,27.333334000000004,43.0,28.41508,77.04353,Nischal
2018-04-20 21:00:00,30.666665999999996,45.0,28.41508,77.04353,Nischal
2018-04-20 21:15:00,30.0,47.333332,28.41508,77.04353,Nischal
2018-04-20 21:30:00,30.666665999999996,41.333332,28.41508,77.04353,Nischal
2018-04-20 21:45:00,28.0,38.333332,28.41508,77.04353,Nischal
2018-04-20 22:00:00,31.666665999999996,41.666668,28.41508,77.04353,Nischal
2018-04-20 22:15:00,34.666668,41.666668,28.41508,77.04353,Nischal
2018-04-20 22:30:00,43.333332,53.0,28.41508,77.04353,Nischal
2018-04-20 22:45:00,44.0,52.66666800000001,28.41508,77.04353,Nischal
2018-04-20 23:00:00,50.0,56.33333199999999,28.41508,77.04353,Nischal
2018-04-20 23:15:00,43.333332,50.0,28.41508,77.04353,Nischal
2018-04-20 23:30:00,41.333332,46.0,28.41508,77.04353,Nischal
2018-04-20 23:45:00,38.0,41.0,28.41508,77.04353,Nischal
2018-04-21 00:00:00,35.666668,41.0,28.41508,77.04353,Nischal
2018-04-21 00:15:00,39.0,42.0,28.41508,77.04353,Nischal
2018-04-21 00:30:00,37.333332,41.0,28.41508,77.04353,Nischal
2018-04-21 00:45:00,43.333332,48.333332,28.41508,77.04353,Nischal
2018-04-21 01:00:00,47.333332,54.0,28.41508,77.04353,Nischal
2018-04-21 01:15:00,51.0,60.0,28.41508,77.04353,Nischal
2018-04-21 01:30:00,50.0,56.66666800000001,28.41508,77.04353,Nischal
2018-04-21 01:45:00,50.0,56.66666800000001,28.41508,77.04353,Nischal
2018-04-21 02:00:00,63.33333199999999,74.0,28.41508,77.04353,Nischal
2018-04-21 02:15:00,73.666664,86.666664,28.41508,77.04353,Nischal
2018-04-21 02:30:00,74.333336,88.333336,28.41508,77.04353,Nischal
2018-04-21 02:45:00,77.0,90.666664,28.41508,77.04353,Nischal
2018-04-21 03:00:00,81.0,93.666664,28.41508,77.04353,Nischal
2018-04-21 03:15:00,78.333336,95.333336,28.41508,77.04353,Nischal
2018-04-21 03:30:00,290.66666000000004,348.33333999999996,28.41508,77.04353,Nischal
2018-04-21 03:45:00,624.6667,779.6667,28.41508,77.04353,Nischal
2018-04-21 04:00:00,384.33333999999996,478.0,28.41508,77.04353,Nischal
2018-04-21 04:15:00,160.33333000000002,199.66666999999998,28.41508,77.04353,Nischal
2018-04-21 04:30:00,126.33333600000002,159.66666999999998,28.41508,77.04353,Nischal
2018-04-21 04:45:00,106.33333600000002,130.0,28.41508,77.04353,Nischal
2018-04-21 05:00:00,79.0,96.666664,28.41508,77.04353,Nischal
2018-04-21 05:15:00,60.66666800000001,79.333336,28.41508,77.04353,Nischal
2018-04-21 05:30:00,52.0,70.333336,28.41508,77.04353,Nischal
2018-04-21 05:45:00,53.33333199999999,70.333336,28.41508,77.04353,Nischal
2018-04-21 06:00:00,49.0,65.666664,28.41508,77.04353,Nischal
2018-04-21 06:15:00,46.0,66.666664,28.41508,77.04353,Nischal
2018-04-21 06:30:00,49.0,75.333336,28.41508,77.04353,Nischal
2018-04-21 06:45:00,42.666668,65.0,28.41508,77.04353,Nischal
2018-04-21 07:00:00,43.333332,60.33333199999999,28.41508,77.04353,Nischal
2018-04-21 07:15:00,45.0,63.66666800000001,28.41508,77.04353,Nischal
2018-04-21 07:30:00,40.0,55.66666800000001,28.41508,77.04353,Nischal
2018-04-21 07:45:00,37.666668,50.666668,28.41508,77.04353,Nischal
2018-04-21 08:00:00,37.666668,54.0,28.41508,77.04353,Nischal
2018-04-21 08:15:00,39.0,50.333332,28.41508,77.04353,Nischal
2018-04-21 08:30:00,37.666668,52.333332,28.41508,77.04353,Nischal
2018-04-21 08:45:00,36.0,53.33333199999999,28.41508,77.04353,Nischal
2018-04-21 09:00:00,30.666665999999996,43.0,28.41508,77.04353,Nischal
2018-04-21 09:15:00,29.333334000000004,41.0,28.41508,77.04353,Nischal
2018-04-21 09:30:00,30.666665999999996,42.333332,28.41508,77.04353,Nischal
2018-04-21 09:45:00,28.333334000000004,38.333332,28.41508,77.04353,Nischal
2018-04-21 10:00:00,31.0,44.333332,28.41508,77.04353,Nischal
2018-04-21 10:15:00,36.666668,48.333332,28.41508,77.04353,Nischal
2018-04-21 10:30:00,34.666668,42.333332,28.41508,77.04353,Nischal
2018-04-21 10:45:00,30.0,41.0,28.41508,77.04353,Nischal
2018-04-21 11:00:00,36.333332,52.333332,28.41508,77.04353,Nischal
2018-04-21 11:15:00,32.666668,41.333332,28.41508,77.04353,Nischal
2018-04-21 11:30:00,29.0,41.333332,28.41508,77.04353,Nischal
2018-04-21 11:45:00,30.333334000000004,40.666668,28.41508,77.04353,Nischal
2018-04-21 12:00:00,28.333334000000004,38.666668,28.41508,77.04353,Nischal
2018-04-21 12:15:00,25.333334,32.333332,28.41508,77.04353,Nischal
2018-04-21 12:30:00,26.666665999999996,34.0,28.41508,77.04353,Nischal
2018-04-21 12:45:00,28.666665999999996,36.333332,28.41508,77.04353,Nischal
2018-04-21 13:00:00,31.0,38.666668,28.41508,77.04353,Nischal
2018-04-21 13:15:00,30.333334000000004,39.333332,28.41508,77.04353,Nischal
2018-04-21 13:30:00,31.0,37.666668,28.41508,77.04353,Nischal
2018-04-21 13:45:00,31.666665999999996,42.666668,28.41508,77.04353,Nischal
2018-04-21 14:00:00,29.666665999999996,38.666668,28.41508,77.04353,Nischal
2018-04-21 14:15:00,33.666668,40.0,28.41508,77.04353,Nischal
2018-04-21 14:30:00,91.0,108.0,28.41508,77.04353,Nischal
2018-04-21 14:45:00,62.33333199999999,73.0,28.41508,77.04353,Nischal
2018-04-21 15:00:00,51.0,61.33333199999999,28.41508,77.04353,Nischal
2018-04-21 15:15:00,58.66666800000001,68.666664,28.41508,77.04353,Nischal
2018-04-21 15:30:00,47.666668,54.0,28.41508,77.04353,Nischal
2018-04-21 15:45:00,35.0,40.666668,28.41508,77.04353,Nischal
2018-04-21 16:00:00,27.333334000000004,30.0,28.41508,77.04353,Nischal
2018-04-21 16:15:00,31.666665999999996,36.666668,28.41508,77.04353,Nischal
2018-04-21 16:30:00,32.5,37.0,28.41508,77.04353,Nischal
2018-04-21 16:45:00,32.333332,38.666668,28.41508,77.04353,Nischal
2018-04-21 17:00:00,33.666668,37.666668,28.41508,77.04353,Nischal
2018-04-21 17:15:00,37.666668,44.666668,28.41508,77.04353,Nischal
2018-04-21 17:30:00,34.666668,41.0,28.41508,77.04353,Nischal
2018-04-21 17:45:00,36.0,43.0,28.41508,77.04353,Nischal
2018-04-21 18:00:00,41.666668,48.333332,28.41508,77.04353,Nischal
2018-04-21 18:15:00,54.0,64.666664,28.41508,77.04353,Nischal
2018-04-21 18:30:00,44.333332,51.333332,28.41508,77.04353,Nischal
2018-04-21 18:45:00,35.333332,41.0,28.41508,77.04353,Nischal
2018-04-21 19:00:00,34.0,42.333332,28.41508,77.04353,Nischal
2018-04-21 19:15:00,33.333332,41.0,28.41508,77.04353,Nischal
2018-04-21 19:30:00,34.333332,41.0,28.41508,77.04353,Nischal
2018-04-21 19:45:00,35.333332,39.666668,28.41508,77.04353,Nischal
2018-04-21 20:00:00,33.666668,39.666668,28.41508,77.04353,Nischal
2018-04-21 20:15:00,34.0,42.333332,28.41508,77.04353,Nischal
2018-04-21 20:30:00,34.666668,40.333332,28.41508,77.04353,Nischal
2018-04-21 20:45:00,42.0,50.333332,28.41508,77.04353,Nischal
2018-04-21 21:00:00,47.333332,58.66666800000001,28.41508,77.04353,Nischal
2018-04-21 21:15:00,46.0,56.0,28.41508,77.04353,Nischal
2018-04-21 21:30:00,48.333332,57.0,28.41508,77.04353,Nischal
2018-04-21 21:45:00,55.0,66.0,28.41508,77.04353,Nischal
2018-04-21 22:00:00,48.0,54.33333199999999,28.41508,77.04353,Nischal
2018-04-21 22:15:00,40.333332,43.666668,28.41508,77.04353,Nischal
2018-04-21 22:30:00,43.0,50.666668,28.41508,77.04353,Nischal
2018-04-21 22:45:00,46.0,54.33333199999999,28.41508,77.04353,Nischal
2018-04-21 23:00:00,46.333332,52.333332,28.41508,77.04353,Nischal
2018-04-21 23:15:00,47.333332,56.66666800000001,28.41508,77.04353,Nischal
2018-04-21 23:30:00,52.0,61.66666800000001,28.41508,77.04353,Nischal
2018-04-21 23:45:00,64.333336,74.666664,28.41508,77.04353,Nischal
2018-04-22 00:00:00,63.33333199999999,71.333336,28.41508,77.04353,Nischal
2018-04-22 00:15:00,77.666664,85.666664,28.41508,77.04353,Nischal
2018-04-22 00:30:00,86.333336,101.666664,28.41508,77.04353,Nischal
2018-04-22 00:45:00,91.333336,106.33333600000002,28.41508,77.04353,Nischal
2018-04-22 01:00:00,89.666664,102.666664,28.41508,77.04353,Nischal
2018-04-22 01:15:00,91.333336,105.33333600000002,28.41508,77.04353,Nischal
2018-04-22 01:30:00,90.666664,105.0,28.41508,77.04353,Nischal
2018-04-22 01:45:00,81.333336,97.333336,28.41508,77.04353,Nischal
2018-04-22 02:00:00,87.0,105.0,28.41508,77.04353,Nischal
2018-04-22 02:15:00,93.0,110.33333600000002,28.41508,77.04353,Nischal
2018-04-22 02:30:00,93.666664,113.66666399999998,28.41508,77.04353,Nischal
2018-04-22 02:45:00,96.0,114.66666399999998,28.41508,77.04353,Nischal
2018-04-22 03:00:00,94.0,109.0,28.41508,77.04353,Nischal
2018-04-22 03:15:00,85.666664,100.333336,28.41508,77.04353,Nischal
2018-04-22 03:30:00,77.666664,92.0,28.41508,77.04353,Nischal
2018-04-22 03:45:00,74.0,85.5,28.41508,77.04353,Nischal
2018-04-22 04:00:00,74.0,85.666664,28.41508,77.04353,Nischal
2018-04-22 04:15:00,80.0,92.0,28.41508,77.04353,Nischal
2018-04-22 04:30:00,76.333336,89.0,28.41508,77.04353,Nischal
2018-04-22 04:45:00,84.0,99.0,28.41508,77.04353,Nischal
2018-04-22 05:00:00,74.0,86.0,28.41508,77.04353,Nischal
2018-04-22 05:15:00,75.666664,84.666664,28.41508,77.04353,Nischal
2018-04-22 05:30:00,76.0,83.0,28.41508,77.04353,Nischal
2018-04-22 05:45:00,75.0,85.0,28.41508,77.04353,Nischal
2018-04-22 06:00:00,70.666664,84.0,28.41508,77.04353,Nischal
2018-04-22 06:15:00,59.66666800000001,69.333336,28.41508,77.04353,Nischal
2018-04-22 06:30:00,35.0,41.333332,28.41508,77.04353,Nischal
2018-04-22 06:45:00,30.0,34.333332,28.41508,77.04353,Nischal
2018-04-22 07:00:00,29.666665999999996,36.0,28.41508,77.04353,Nischal
2018-04-22 07:15:00,29.666665999999996,37.333332,28.41508,77.04353,Nischal
2018-04-22 07:30:00,31.666665999999996,36.0,28.41508,77.04353,Nischal
2018-04-22 07:45:00,28.666665999999996,31.333334000000004,28.41508,77.04353,Nischal
2018-04-22 08:00:00,24.0,29.333334000000004,28.41508,77.04353,Nischal
2018-04-22 08:15:00,23.666666,27.0,28.41508,77.04353,Nischal
2018-04-22 08:30:00,21.333334,25.333334,28.41508,77.04353,Nischal
2018-04-22 08:45:00,19.333334,22.666666,28.41508,77.04353,Nischal
2018-04-22 09:00:00,18.0,21.0,28.41508,77.04353,Nischal
2018-04-22 09:15:00,18.0,22.333334,28.41508,77.04353,Nischal
2018-04-22 09:30:00,16.333334,20.0,28.41508,77.04353,Nischal
2018-04-22 09:45:00,17.333334,20.333334,28.41508,77.04353,Nischal
2018-04-22 10:00:00,16.666666,18.666666,28.41508,77.04353,Nischal
2018-04-22 10:15:00,16.0,17.0,28.41508,77.04353,Nischal
2018-04-22 10:30:00,14.0,15.666667000000002,28.41508,77.04353,Nischal
2018-04-22 10:45:00,16.333334,22.0,28.41508,77.04353,Nischal
2018-04-22 11:00:00,15.666667000000002,17.666666,28.41508,77.04353,Nischal
2018-04-22 11:15:00,15.333332999999998,18.333334,28.41508,77.04353,Nischal
2018-04-22 11:30:00,13.0,16.0,28.41508,77.04353,Nischal
2018-04-22 11:45:00,14.666667000000002,17.0,28.41508,77.04353,Nischal
2018-04-22 12:00:00,15.666667000000002,18.333334,28.41508,77.04353,Nischal
2018-04-22 12:15:00,17.0,18.333334,28.41508,77.04353,Nischal
2018-04-22 12:30:00,15.0,19.0,28.41508,77.04353,Nischal
2018-04-22 12:45:00,18.0,19.666666,28.41508,77.04353,Nischal
2018-04-22 13:00:00,16.666666,19.666666,28.41508,77.04353,Nischal
2018-04-22 13:15:00,20.0,24.333334,28.41508,77.04353,Nischal
2018-04-22 13:30:00,23.0,27.333334000000004,28.41508,77.04353,Nischal
2018-04-22 13:45:00,26.333334000000004,30.666665999999996,28.41508,77.04353,Nischal
2018-04-22 14:00:00,26.333334000000004,30.0,28.41508,77.04353,Nischal
2018-04-22 14:15:00,30.666665999999996,35.333332,28.41508,77.04353,Nischal
2018-04-22 14:30:00,29.666665999999996,33.666668,28.41508,77.04353,Nischal
2018-04-22 14:45:00,30.0,33.666668,28.41508,77.04353,Nischal
2018-04-22 15:00:00,35.333332,40.333332,28.41508,77.04353,Nischal
2018-04-22 15:15:00,36.5,38.5,28.41508,77.04353,Nischal
2018-04-22 15:30:00,45.333332,52.66666800000001,28.41508,77.04353,Nischal
2018-04-22 15:45:00,49.666668,59.0,28.41508,77.04353,Nischal
2018-04-22 16:00:00,55.33333199999999,63.66666800000001,28.41508,77.04353,Nischal
2018-04-22 16:15:00,66.0,79.0,28.41508,77.04353,Nischal
2018-04-22 16:30:00,74.0,84.0,28.41508,77.04353,Nischal
2018-04-22 16:45:00,80.333336,93.666664,28.41508,77.04353,Nischal
2018-04-22 17:00:00,87.666664,105.66666399999998,28.41508,77.04353,Nischal
2018-04-22 17:15:00,94.0,111.0,28.41508,77.04353,Nischal
2018-04-22 17:30:00,88.666664,106.0,28.41508,77.04353,Nischal
2018-04-22 17:45:00,82.666664,94.666664,28.41508,77.04353,Nischal
2018-04-22 18:00:00,74.666664,85.666664,28.41508,77.04353,Nischal
2018-04-22 18:15:00,67.666664,80.333336,28.41508,77.04353,Nischal
2018-04-22 18:30:00,53.0,60.0,28.41508,77.04353,Nischal
2018-04-22 18:45:00,45.0,50.666668,28.41508,77.04353,Nischal
2018-04-22 19:00:00,43.0,47.0,28.41508,77.04353,Nischal
2018-04-22 19:15:00,36.333332,40.0,28.41508,77.04353,Nischal
2018-04-22 19:30:00,38.666668,42.666668,28.41508,77.04353,Nischal
2018-04-22 19:45:00,45.666668,48.666668,28.41508,77.04353,Nischal
2018-04-22 20:00:00,54.33333199999999,62.33333199999999,28.41508,77.04353,Nischal
2018-04-22 20:15:00,59.33333199999999,64.666664,28.41508,77.04353,Nischal
2018-04-22 20:30:00,69.666664,78.0,28.41508,77.04353,Nischal
2018-04-22 20:45:00,76.0,90.666664,28.41508,77.04353,Nischal
2018-04-22 21:00:00,90.0,105.66666399999998,28.41508,77.04353,Nischal
2018-04-22 21:15:00,95.666664,111.33333600000002,28.41508,77.04353,Nischal
2018-04-22 21:30:00,98.333336,111.33333600000002,28.41508,77.04353,Nischal
2018-04-22 21:45:00,99.333336,112.66666399999998,28.41508,77.04353,Nischal
2018-04-22 22:00:00,100.333336,115.66666399999998,28.41508,77.04353,Nischal
2018-04-22 22:15:00,107.66666399999998,125.0,28.41508,77.04353,Nischal
2018-04-22 22:30:00,110.33333600000002,127.33333600000002,28.41508,77.04353,Nischal
2018-04-22 22:45:00,106.0,120.0,28.41508,77.04353,Nischal
2018-04-22 23:00:00,101.333336,117.66666399999998,28.41508,77.04353,Nischal
2018-04-22 23:15:00,94.0,108.0,28.41508,77.04353,Nischal
2018-04-22 23:30:00,91.666664,108.0,28.41508,77.04353,Nischal
2018-04-22 23:45:00,90.666664,105.0,28.41508,77.04353,Nischal
2018-04-23 00:00:00,90.333336,101.666664,28.41508,77.04353,Nischal
2018-04-23 00:15:00,88.666664,102.333336,28.41508,77.04353,Nischal
2018-04-23 00:30:00,87.0,99.666664,28.41508,77.04353,Nischal
2018-04-23 00:45:00,80.0,92.666664,28.41508,77.04353,Nischal
2018-04-23 01:00:00,68.5,82.0,28.41508,77.04353,Nischal
2018-04-23 01:15:00,70.333336,83.333336,28.41508,77.04353,Nischal
2018-04-23 01:30:00,73.0,87.333336,28.41508,77.04353,Nischal
2018-04-23 01:45:00,72.0,88.666664,28.41508,77.04353,Nischal
2018-04-23 02:00:00,74.0,86.0,28.41508,77.04353,Nischal
2018-04-23 02:15:00,75.0,89.333336,28.41508,77.04353,Nischal
2018-04-23 02:30:00,92.0,113.33333600000002,28.41508,77.04353,Nischal
2018-04-23 02:45:00,98.333336,118.0,28.41508,77.04353,Nischal
2018-04-23 03:00:00,124.0,148.66666999999998,28.41508,77.04353,Nischal
2018-04-23 03:15:00,125.0,151.0,28.41508,77.04353,Nischal
2018-04-23 03:30:00,120.66666399999998,146.33333000000002,28.41508,77.04353,Nischal
2018-04-23 03:45:00,139.0,161.0,28.41508,77.04353,Nischal
2018-04-23 04:00:00,111.33333600000002,131.33333000000002,28.41508,77.04353,Nischal
2018-04-23 04:15:00,111.33333600000002,132.66666999999998,28.41508,77.04353,Nischal
2018-04-23 04:30:00,103.666664,123.66666399999998,28.41508,77.04353,Nischal
2018-04-23 04:45:00,45.666668,60.0,28.41508,77.04353,Nischal
2018-04-23 05:00:00,78.666664,104.333336,28.41508,77.04353,Nischal
2018-04-23 05:15:00,45.0,52.66666800000001,28.41508,77.04353,Nischal
2018-04-23 05:30:00,25.333334,27.666665999999996,28.41508,77.04353,Nischal
2018-04-23 05:45:00,23.666666,29.333334000000004,28.41508,77.04353,Nischal
2018-04-23 06:00:00,22.333334,26.666665999999996,28.41508,77.04353,Nischal
2018-04-23 06:15:00,24.333334,28.666665999999996,28.41508,77.04353,Nischal
2018-04-23 06:30:00,25.333334,28.333334000000004,28.41508,77.04353,Nischal
2018-04-23 06:45:00,23.666666,26.0,28.41508,77.04353,Nischal
2018-04-23 07:00:00,20.666666,24.0,28.41508,77.04353,Nischal
2018-04-23 07:15:00,19.333334,23.333334,28.41508,77.04353,Nischal
2018-04-23 07:30:00,19.666666,23.0,28.41508,77.04353,Nischal
2018-04-23 07:45:00,16.5,20.5,28.41508,77.04353,Nischal
2018-04-23 08:00:00,17.666666,22.666666,28.41508,77.04353,Nischal
2018-04-23 08:15:00,15.333332999999998,19.333334,28.41508,77.04353,Nischal
2018-04-23 08:30:00,15.666667000000002,18.0,28.41508,77.04353,Nischal
2018-04-23 08:45:00,16.0,20.666666,28.41508,77.04353,Nischal
2018-04-23 09:00:00,19.666666,21.666666,28.41508,77.04353,Nischal
2018-04-23 09:15:00,17.666666,19.333334,28.41508,77.04353,Nischal
2018-04-23 09:30:00,17.333334,19.666666,28.41508,77.04353,Nischal
2018-04-23 09:45:00,16.333334,18.666666,28.41508,77.04353,Nischal
2018-04-23 10:00:00,17.666666,19.333334,28.41508,77.04353,Nischal
2018-04-23 10:15:00,15.333332999999998,16.666666,28.41508,77.04353,Nischal
2018-04-23 10:30:00,16.666666,18.333334,28.41508,77.04353,Nischal
2018-04-23 10:45:00,17.333334,21.666666,28.41508,77.04353,Nischal
2018-04-23 11:00:00,16.333334,19.333334,28.41508,77.04353,Nischal
2018-04-23 11:15:00,19.666666,24.666666,28.41508,77.04353,Nischal
2018-04-23 11:30:00,18.333334,20.666666,28.41508,77.04353,Nischal
2018-04-23 11:45:00,17.5,19.5,28.41508,77.04353,Nischal
2018-04-23 12:00:00,19.666666,21.666666,28.41508,77.04353,Nischal
2018-04-23 12:15:00,20.333334,23.0,28.41508,77.04353,Nischal
2018-04-23 12:30:00,17.666666,21.666666,28.41508,77.04353,Nischal
2018-04-23 12:45:00,20.0,23.666666,28.41508,77.04353,Nischal
2018-04-23 13:00:00,24.0,27.0,28.41508,77.04353,Nischal
2018-04-23 13:15:00,42.0,48.333332,28.41508,77.04353,Nischal
2018-04-23 13:30:00,164.66666999999998,180.66666999999998,28.41508,77.04353,Nischal
2018-04-23 13:45:00,134.0,145.66666999999998,28.41508,77.04353,Nischal
2018-04-23 14:00:00,59.0,65.666664,28.41508,77.04353,Nischal
2018-04-23 14:15:00,48.666668,56.66666800000001,28.41508,77.04353,Nischal
2018-04-23 14:30:00,44.333332,51.0,28.41508,77.04353,Nischal
2018-04-23 14:45:00,46.333332,51.666668,28.41508,77.04353,Nischal
2018-04-23 15:00:00,53.0,61.66666800000001,28.41508,77.04353,Nischal
2018-04-23 15:15:00,52.0,58.66666800000001,28.41508,77.04353,Nischal
2018-04-23 15:30:00,55.33333199999999,66.0,28.41508,77.04353,Nischal
2018-04-23 15:45:00,61.66666800000001,72.666664,28.41508,77.04353,Nischal
2018-04-23 16:00:00,62.33333199999999,71.0,28.41508,77.04353,Nischal
2018-04-23 16:15:00,70.333336,81.666664,28.41508,77.04353,Nischal
2018-04-23 16:30:00,73.666664,83.0,28.41508,77.04353,Nischal
2018-04-23 16:45:00,67.0,77.333336,28.41508,77.04353,Nischal
2018-04-23 17:00:00,66.0,72.0,28.41508,77.04353,Nischal
2018-04-23 17:15:00,69.0,79.0,28.41508,77.04353,Nischal
2018-04-23 17:30:00,74.333336,84.333336,28.41508,77.04353,Nischal
2018-04-23 17:45:00,78.0,86.666664,28.41508,77.04353,Nischal
2018-04-23 18:00:00,82.0,92.666664,28.41508,77.04353,Nischal
2018-04-23 18:15:00,82.333336,92.0,28.41508,77.04353,Nischal
2018-04-23 18:30:00,79.666664,90.333336,28.41508,77.04353,Nischal
2018-04-23 18:45:00,86.666664,102.333336,28.41508,77.04353,Nischal
2018-04-23 19:00:00,101.666664,118.33333600000002,28.41508,77.04353,Nischal
2018-04-23 19:15:00,100.666664,119.0,28.41508,77.04353,Nischal
2018-04-23 19:30:00,93.333336,107.0,28.41508,77.04353,Nischal
2018-04-23 19:45:00,90.666664,108.33333600000002,28.41508,77.04353,Nischal
2018-04-23 20:00:00,85.0,98.0,28.41508,77.04353,Nischal
2018-04-23 20:15:00,89.333336,103.666664,28.41508,77.04353,Nischal
2018-04-23 20:30:00,87.666664,99.0,28.41508,77.04353,Nischal
2018-04-23 20:45:00,89.0,103.0,28.41508,77.04353,Nischal
2018-04-23 21:00:00,87.666664,104.0,28.41508,77.04353,Nischal
2018-04-23 21:15:00,84.333336,103.666664,28.41508,77.04353,Nischal
2018-04-23 21:30:00,88.0,103.0,28.41508,77.04353,Nischal
2018-04-23 21:45:00,92.0,111.33333600000002,28.41508,77.04353,Nischal
2018-04-23 22:00:00,96.0,110.66666399999998,28.41508,77.04353,Nischal
2018-04-23 22:15:00,98.0,110.66666399999998,28.41508,77.04353,Nischal
2018-04-23 22:30:00,95.333336,112.66666399999998,28.41508,77.04353,Nischal
2018-04-23 22:45:00,90.0,111.66666399999998,28.41508,77.04353,Nischal
2018-04-23 23:00:00,88.0,107.66666399999998,28.41508,77.04353,Nischal
2018-04-23 23:15:00,89.0,105.66666399999998,28.41508,77.04353,Nischal
2018-04-23 23:30:00,88.333336,99.666664,28.41508,77.04353,Nischal
2018-04-23 23:45:00,80.0,97.666664,28.41508,77.04353,Nischal
2018-04-24 00:00:00,78.0,93.333336,28.41508,77.04353,Nischal
2018-04-24 00:15:00,76.0,88.333336,28.41508,77.04353,Nischal
2018-04-24 00:30:00,75.0,88.333336,28.41508,77.04353,Nischal
2018-04-24 00:45:00,74.666664,88.333336,28.41508,77.04353,Nischal
2018-04-24 01:00:00,73.666664,91.333336,28.41508,77.04353,Nischal
2018-04-24 01:15:00,74.666664,86.333336,28.41508,77.04353,Nischal
2018-04-24 01:30:00,75.0,85.0,28.41508,77.04353,Nischal
2018-04-24 01:45:00,87.0,98.666664,28.41508,77.04353,Nischal
2018-04-24 02:00:00,102.333336,118.33333600000002,28.41508,77.04353,Nischal
2018-04-24 02:15:00,118.33333600000002,143.0,28.41508,77.04353,Nischal
2018-04-24 02:30:00,110.0,128.66666999999998,28.41508,77.04353,Nischal
2018-04-24 02:45:00,111.0,134.66666999999998,28.41508,77.04353,Nischal
2018-04-24 03:00:00,103.666664,121.33333600000002,28.41508,77.04353,Nischal
2018-04-24 03:15:00,92.333336,110.0,28.41508,77.04353,Nischal
2018-04-24 03:30:00,87.666664,101.333336,28.41508,77.04353,Nischal
2018-04-24 03:45:00,83.666664,96.0,28.41508,77.04353,Nischal
2018-04-24 04:00:00,72.333336,83.666664,28.41508,77.04353,Nischal
2018-04-24 04:15:00,70.333336,78.666664,28.41508,77.04353,Nischal
2018-04-24 04:30:00,72.0,83.666664,28.41508,77.04353,Nischal
2018-04-24 04:45:00,88.0,98.333336,28.41508,77.04353,Nischal
2018-04-24 05:00:00,83.0,93.666664,28.41508,77.04353,Nischal
2018-04-24 05:15:00,98.333336,117.0,28.41508,77.04353,Nischal
2018-04-24 05:30:00,182.0,217.66667,28.41508,77.04353,Nischal
2018-04-24 05:45:00,37.333332,43.333332,28.41508,77.04353,Nischal
2018-04-24 06:00:00,35.0,38.0,28.41508,77.04353,Nischal
2018-04-24 06:15:00,25.333334,29.666665999999996,28.41508,77.04353,Nischal
2018-04-24 06:30:00,26.0,28.666665999999996,28.41508,77.04353,Nischal
2018-04-24 06:45:00,26.666665999999996,29.0,28.41508,77.04353,Nischal
2018-04-24 07:00:00,27.333334000000004,31.666665999999996,28.41508,77.04353,Nischal
2018-04-24 07:15:00,24.666666,28.333334000000004,28.41508,77.04353,Nischal
2018-04-24 07:30:00,27.0,32.0,28.41508,77.04353,Nischal
2018-04-24 07:45:00,26.0,29.0,28.41508,77.04353,Nischal
2018-04-24 08:00:00,30.0,34.5,28.41508,77.04353,Nischal
2018-04-24 08:15:00,29.333334000000004,31.0,28.41508,77.04353,Nischal
2018-04-24 08:30:00,29.0,32.333332,28.41508,77.04353,Nischal
2018-04-24 08:45:00,30.0,32.5,28.41508,77.04353,Nischal
2018-04-24 09:00:00,30.0,34.666668,28.41508,77.04353,Nischal
2018-04-24 09:15:00,33.333332,37.0,28.41508,77.04353,Nischal
2018-04-24 09:30:00,32.333332,34.0,28.41508,77.04353,Nischal
2018-04-24 09:45:00,30.0,33.333332,28.41508,77.04353,Nischal
2018-04-24 10:00:00,30.666665999999996,35.333332,28.41508,77.04353,Nischal
2018-04-24 10:15:00,31.0,34.0,28.41508,77.04353,Nischal
2018-04-24 10:30:00,30.666665999999996,34.0,28.41508,77.04353,Nischal
2018-04-24 10:45:00,27.333334000000004,29.333334000000004,28.41508,77.04353,Nischal
2018-04-24 11:00:00,27.333334000000004,29.0,28.41508,77.04353,Nischal
2018-04-24 11:15:00,26.666665999999996,30.333334000000004,28.41508,77.04353,Nischal
2018-04-24 11:30:00,28.333334000000004,33.666668,28.41508,77.04353,Nischal
2018-04-24 11:45:00,28.0,31.333334000000004,28.41508,77.04353,Nischal
2018-04-24 12:00:00,28.666665999999996,32.666668,28.41508,77.04353,Nischal
2018-04-24 12:15:00,28.666665999999996,32.333332,28.41508,77.04353,Nischal
2018-04-24 12:30:00,31.666665999999996,35.333332,28.41508,77.04353,Nischal
2018-04-24 12:45:00,35.0,39.333332,28.41508,77.04353,Nischal
2018-04-24 13:00:00,37.666668,40.0,28.41508,77.04353,Nischal
2018-04-24 13:15:00,37.666668,42.666668,28.41508,77.04353,Nischal
2018-04-24 13:30:00,42.0,48.333332,28.41508,77.04353,Nischal
2018-04-24 13:45:00,46.0,51.333332,28.41508,77.04353,Nischal
2018-04-24 14:00:00,46.0,54.5,28.41508,77.04353,Nischal
2018-04-24 14:15:00,51.666668,56.66666800000001,28.41508,77.04353,Nischal
2018-04-24 14:30:00,59.33333199999999,68.0,28.41508,77.04353,Nischal
2018-04-24 14:45:00,65.333336,75.666664,28.41508,77.04353,Nischal
2018-04-24 15:00:00,68.0,78.0,28.41508,77.04353,Nischal
2018-04-24 15:15:00,183.33333000000002,233.33333,28.41508,77.04353,Nischal
2018-04-24 15:30:00,362.66666000000004,461.66666,28.41508,77.04353,Nischal
2018-04-24 15:45:00,209.33333000000002,253.0,28.41508,77.04353,Nischal
2018-04-24 16:00:00,230.66667,276.66666000000004,28.41508,77.04353,Nischal
2018-04-24 16:15:00,249.0,301.33333999999996,28.41508,77.04353,Nischal
2018-04-24 16:30:00,154.0,181.33333000000002,28.41508,77.04353,Nischal
2018-04-24 16:45:00,144.0,166.66666999999998,28.41508,77.04353,Nischal
2018-04-24 17:00:00,157.66666999999998,184.66666999999998,28.41508,77.04353,Nischal
2018-04-24 17:15:00,152.0,181.33333000000002,28.41508,77.04353,Nischal
2018-04-24 17:30:00,146.66666999999998,170.66666999999998,28.41508,77.04353,Nischal
2018-04-24 17:45:00,144.0,163.33333000000002,28.41508,77.04353,Nischal
2018-04-24 18:00:00,152.33333000000002,179.0,28.41508,77.04353,Nischal
2018-04-24 18:15:00,165.66666999999998,192.66666999999998,28.41508,77.04353,Nischal
2018-04-24 18:30:00,179.33333000000002,203.66666999999998,28.41508,77.04353,Nischal
2018-04-24 18:45:00,189.33333000000002,226.66667,28.41508,77.04353,Nischal
2018-04-24 19:00:00,202.66666999999998,236.66667,28.41508,77.04353,Nischal
2018-04-24 19:15:00,201.0,234.33333,28.41508,77.04353,Nischal
2018-04-24 19:30:00,179.66666999999998,215.0,28.41508,77.04353,Nischal
2018-04-24 19:45:00,153.66666999999998,184.66666999999998,28.41508,77.04353,Nischal
2018-04-24 20:00:00,129.33333000000002,149.66666999999998,28.41508,77.04353,Nischal
2018-04-24 20:15:00,110.66666399999998,126.66666399999998,28.41508,77.04353,Nischal
2018-04-24 20:30:00,105.33333600000002,124.33333600000002,28.41508,77.04353,Nischal
2018-04-24 20:45:00,98.333336,113.66666399999998,28.41508,77.04353,Nischal
2018-04-24 21:00:00,97.333336,108.0,28.41508,77.04353,Nischal
2018-04-24 21:15:00,96.0,108.66666399999998,28.41508,77.04353,Nischal
2018-04-24 21:30:00,99.0,114.33333600000002,28.41508,77.04353,Nischal
2018-04-24 21:45:00,108.66666399999998,122.33333600000002,28.41508,77.04353,Nischal
2018-04-24 22:00:00,118.33333600000002,136.0,28.41508,77.04353,Nischal
2018-04-24 22:15:00,120.66666399999998,134.66666999999998,28.41508,77.04353,Nischal
2018-04-24 22:30:00,121.0,136.33333000000002,28.41508,77.04353,Nischal
2018-04-24 22:45:00,118.33333600000002,130.33333000000002,28.41508,77.04353,Nischal
2018-04-24 23:00:00,110.66666399999998,123.33333600000002,28.41508,77.04353,Nischal
2018-04-24 23:15:00,107.66666399999998,122.0,28.41508,77.04353,Nischal
2018-04-24 23:30:00,105.33333600000002,118.33333600000002,28.41508,77.04353,Nischal
2018-04-24 23:45:00,99.666664,111.66666399999998,28.41508,77.04353,Nischal
2018-04-25 00:00:00,99.333336,112.66666399999998,28.41508,77.04353,Nischal
2018-04-25 00:15:00,103.0,118.0,28.41508,77.04353,Nischal
2018-04-25 00:30:00,100.666664,113.0,28.41508,77.04353,Nischal
2018-04-25 00:45:00,104.666664,117.33333600000002,28.41508,77.04353,Nischal
2018-04-25 01:00:00,102.0,116.33333600000002,28.41508,77.04353,Nischal
2018-04-25 01:15:00,95.0,111.66666399999998,28.41508,77.04353,Nischal
2018-04-25 01:30:00,91.0,106.0,28.41508,77.04353,Nischal
2018-04-25 01:45:00,92.666664,106.0,28.41508,77.04353,Nischal
2018-04-25 02:00:00,93.0,105.0,28.41508,77.04353,Nischal
2018-04-25 02:15:00,89.333336,101.0,28.41508,77.04353,Nischal
2018-04-25 02:30:00,101.333336,123.33333600000002,28.41508,77.04353,Nischal
2018-04-25 02:45:00,98.666664,115.0,28.41508,77.04353,Nischal
2018-04-25 03:00:00,97.0,117.33333600000002,28.41508,77.04353,Nischal
2018-04-25 03:15:00,85.666664,99.333336,28.41508,77.04353,Nischal
2018-04-25 03:30:00,80.333336,92.333336,28.41508,77.04353,Nischal
2018-04-25 03:45:00,67.0,80.0,28.41508,77.04353,Nischal
2018-04-25 04:00:00,55.66666800000001,70.0,28.41508,77.04353,Nischal
2018-04-25 04:15:00,48.0,57.33333199999999,28.41508,77.04353,Nischal
2018-04-25 04:30:00,51.333332,60.0,28.41508,77.04353,Nischal
2018-04-25 04:45:00,62.33333199999999,72.0,28.41508,77.04353,Nischal
2018-04-25 05:00:00,87.333336,101.0,28.41508,77.04353,Nischal
2018-04-25 05:15:00,70.666664,86.0,28.41508,77.04353,Nischal
2018-04-25 05:30:00,47.0,54.66666800000001,28.41508,77.04353,Nischal
2018-04-25 05:45:00,42.666668,50.0,28.41508,77.04353,Nischal
2018-04-25 06:00:00,41.333332,47.0,28.41508,77.04353,Nischal
2018-04-25 06:15:00,38.0,42.333332,28.41508,77.04353,Nischal
2018-04-25 06:30:00,36.0,40.333332,28.41508,77.04353,Nischal
2018-04-25 06:45:00,31.333334000000004,36.333332,28.41508,77.04353,Nischal
2018-04-25 07:00:00,28.666665999999996,31.0,28.41508,77.04353,Nischal
2018-04-25 07:15:00,24.333334,27.333334000000004,28.41508,77.04353,Nischal
2018-04-25 07:30:00,22.0,25.333334,28.41508,77.04353,Nischal
2018-04-25 07:45:00,18.333334,21.0,28.41508,77.04353,Nischal
2018-04-25 08:00:00,15.0,16.333334,28.41508,77.04353,Nischal
2018-04-25 08:15:00,15.0,17.0,28.41508,77.04353,Nischal
2018-04-25 08:30:00,12.333333,14.0,28.41508,77.04353,Nischal
2018-04-25 08:45:00,11.333333,11.333333,28.41508,77.04353,Nischal
2018-04-25 09:00:00,11.0,13.0,28.41508,77.04353,Nischal
2018-04-25 09:15:00,,,28.41508,77.04353,Nischal
2018-04-25 09:30:00,,,28.41508,77.04353,Nischal
2018-04-25 09:45:00,,,28.41508,77.04353,Nischal
2018-04-25 10:00:00,,,28.41508,77.04353,Nischal
2018-04-25 10:15:00,,,28.41508,77.04353,Nischal
2018-04-25 10:30:00,,,28.41508,77.04353,Nischal
2018-04-25 10:45:00,,,28.41508,77.04353,Nischal
2018-04-25 11:00:00,,,28.41508,77.04353,Nischal
2018-04-25 11:15:00,,,28.41508,77.04353,Nischal
2018-04-25 11:30:00,,,28.41508,77.04353,Nischal
2018-04-25 11:45:00,,,28.41508,77.04353,Nischal
2018-04-25 12:00:00,,,28.41508,77.04353,Nischal
2018-04-25 12:15:00,,,28.41508,77.04353,Nischal
2018-04-25 12:30:00,,,28.41508,77.04353,Nischal
2018-04-25 12:45:00,,,28.41508,77.04353,Nischal
2018-04-25 13:00:00,,,28.41508,77.04353,Nischal
2018-04-25 13:15:00,,,28.41508,77.04353,Nischal
2018-04-25 13:30:00,,,28.41508,77.04353,Nischal
2018-04-25 13:45:00,,,28.41508,77.04353,Nischal
2018-04-25 14:00:00,,,28.41508,77.04353,Nischal
2018-04-25 14:15:00,,,28.41508,77.04353,Nischal
2018-04-25 14:30:00,,,28.41508,77.04353,Nischal
2018-04-25 14:45:00,,,28.41508,77.04353,Nischal
2018-04-25 15:00:00,,,28.41508,77.04353,Nischal
2018-04-25 15:15:00,,,28.41508,77.04353,Nischal
2018-04-25 15:30:00,,,28.41508,77.04353,Nischal
2018-04-25 15:45:00,,,28.41508,77.04353,Nischal
2018-04-25 16:00:00,,,28.41508,77.04353,Nischal
2018-04-25 16:15:00,,,28.41508,77.04353,Nischal
2018-04-25 16:30:00,,,28.41508,77.04353,Nischal
2018-04-25 16:45:00,,,28.41508,77.04353,Nischal
2018-04-25 17:00:00,,,28.41508,77.04353,Nischal
2018-04-25 17:15:00,,,28.41508,77.04353,Nischal
2018-04-25 17:30:00,,,28.41508,77.04353,Nischal
2018-04-25 17:45:00,,,28.41508,77.04353,Nischal
2018-04-25 18:00:00,,,28.41508,77.04353,Nischal
2018-04-25 18:15:00,,,28.41508,77.04353,Nischal
2018-04-25 18:30:00,,,28.41508,77.04353,Nischal
2018-04-25 18:45:00,,,28.41508,77.04353,Nischal
2018-04-25 19:00:00,,,28.41508,77.04353,Nischal
2018-04-25 19:15:00,,,28.41508,77.04353,Nischal
2018-04-25 19:30:00,,,28.41508,77.04353,Nischal
2018-04-25 19:45:00,,,28.41508,77.04353,Nischal
2018-04-25 20:00:00,,,28.41508,77.04353,Nischal
2018-04-25 20:15:00,,,28.41508,77.04353,Nischal
2018-04-25 20:30:00,,,28.41508,77.04353,Nischal
2018-04-25 20:45:00,,,28.41508,77.04353,Nischal
2018-04-25 21:00:00,,,28.41508,77.04353,Nischal
2018-04-25 21:15:00,,,28.41508,77.04353,Nischal
2018-04-25 21:30:00,,,28.41508,77.04353,Nischal
2018-04-25 21:45:00,,,28.41508,77.04353,Nischal
2018-04-25 22:00:00,,,28.41508,77.04353,Nischal
2018-04-25 22:15:00,,,28.41508,77.04353,Nischal
2018-04-25 22:30:00,,,28.41508,77.04353,Nischal
2018-04-25 22:45:00,,,28.41508,77.04353,Nischal
2018-04-25 23:00:00,,,28.41508,77.04353,Nischal
2018-04-25 23:15:00,,,28.41508,77.04353,Nischal
2018-04-25 23:30:00,,,28.41508,77.04353,Nischal
2018-04-25 23:45:00,,,28.41508,77.04353,Nischal
2018-04-26 00:00:00,,,28.41508,77.04353,Nischal
2018-04-26 00:15:00,,,28.41508,77.04353,Nischal
2018-04-26 00:30:00,,,28.41508,77.04353,Nischal
2018-04-26 00:45:00,,,28.41508,77.04353,Nischal
2018-04-26 01:00:00,,,28.41508,77.04353,Nischal
2018-04-26 01:15:00,,,28.41508,77.04353,Nischal
2018-04-26 01:30:00,,,28.41508,77.04353,Nischal
2018-04-26 01:45:00,,,28.41508,77.04353,Nischal
2018-04-26 02:00:00,,,28.41508,77.04353,Nischal
2018-04-26 02:15:00,,,28.41508,77.04353,Nischal
2018-04-26 02:30:00,,,28.41508,77.04353,Nischal
2018-04-26 02:45:00,,,28.41508,77.04353,Nischal
2018-04-26 03:00:00,,,28.41508,77.04353,Nischal
2018-04-26 03:15:00,,,28.41508,77.04353,Nischal
2018-04-26 03:30:00,,,28.41508,77.04353,Nischal
2018-04-26 03:45:00,,,28.41508,77.04353,Nischal
2018-04-26 04:00:00,,,28.41508,77.04353,Nischal
2018-04-26 04:15:00,,,28.41508,77.04353,Nischal
2018-04-26 04:30:00,,,28.41508,77.04353,Nischal
2018-04-26 04:45:00,,,28.41508,77.04353,Nischal
2018-04-26 05:00:00,,,28.41508,77.04353,Nischal
2018-04-26 05:15:00,,,28.41508,77.04353,Nischal
2018-04-26 05:30:00,,,28.41508,77.04353,Nischal
2018-04-26 05:45:00,,,28.41508,77.04353,Nischal
2018-04-26 06:00:00,,,28.41508,77.04353,Nischal
2018-04-26 06:15:00,,,28.41508,77.04353,Nischal
2018-04-26 06:30:00,,,28.41508,77.04353,Nischal
2018-04-26 06:45:00,,,28.41508,77.04353,Nischal
2018-04-26 07:00:00,,,28.41508,77.04353,Nischal
2018-04-26 07:15:00,,,28.41508,77.04353,Nischal
2018-04-26 07:30:00,,,28.41508,77.04353,Nischal
2018-04-26 07:45:00,,,28.41508,77.04353,Nischal
2018-04-26 08:00:00,,,28.41508,77.04353,Nischal
2018-04-26 08:15:00,,,28.41508,77.04353,Nischal
2018-04-26 08:30:00,,,28.41508,77.04353,Nischal
2018-04-26 08:45:00,,,28.41508,77.04353,Nischal
2018-04-26 09:00:00,,,28.41508,77.04353,Nischal
2018-04-26 09:15:00,,,28.41508,77.04353,Nischal
2018-04-26 09:30:00,,,28.41508,77.04353,Nischal
2018-04-26 09:45:00,,,28.41508,77.04353,Nischal
2018-04-26 10:00:00,,,28.41508,77.04353,Nischal
2018-04-26 10:15:00,,,28.41508,77.04353,Nischal
2018-04-26 10:30:00,,,28.41508,77.04353,Nischal
2018-04-26 10:45:00,,,28.41508,77.04353,Nischal
2018-04-26 11:00:00,,,28.41508,77.04353,Nischal
2018-04-26 11:15:00,,,28.41508,77.04353,Nischal
2018-04-26 11:30:00,,,28.41508,77.04353,Nischal
2018-04-26 11:45:00,,,28.41508,77.04353,Nischal
2018-04-26 12:00:00,,,28.41508,77.04353,Nischal
2018-04-26 12:15:00,,,28.41508,77.04353,Nischal
2018-04-26 12:30:00,,,28.41508,77.04353,Nischal
2018-04-26 12:45:00,,,28.41508,77.04353,Nischal
2018-04-26 13:00:00,,,28.41508,77.04353,Nischal
2018-04-26 13:15:00,,,28.41508,77.04353,Nischal
2018-04-26 13:30:00,,,28.41508,77.04353,Nischal
2018-04-26 13:45:00,,,28.41508,77.04353,Nischal
2018-04-26 14:00:00,,,28.41508,77.04353,Nischal
2018-04-26 14:15:00,,,28.41508,77.04353,Nischal
2018-04-26 14:30:00,,,28.41508,77.04353,Nischal
2018-04-26 14:45:00,,,28.41508,77.04353,Nischal
2018-04-26 15:00:00,,,28.41508,77.04353,Nischal
2018-04-26 15:15:00,,,28.41508,77.04353,Nischal
2018-04-26 15:30:00,,,28.41508,77.04353,Nischal
2018-04-26 15:45:00,,,28.41508,77.04353,Nischal
2018-04-26 16:00:00,,,28.41508,77.04353,Nischal
2018-04-26 16:15:00,,,28.41508,77.04353,Nischal
2018-04-26 16:30:00,,,28.41508,77.04353,Nischal
2018-04-26 16:45:00,,,28.41508,77.04353,Nischal
2018-04-26 17:00:00,,,28.41508,77.04353,Nischal
2018-04-26 17:15:00,,,28.41508,77.04353,Nischal
2018-04-26 17:30:00,,,28.41508,77.04353,Nischal
2018-04-26 17:45:00,,,28.41508,77.04353,Nischal
2018-04-26 18:00:00,,,28.41508,77.04353,Nischal
2018-04-26 18:15:00,,,28.41508,77.04353,Nischal
2018-04-26 18:30:00,,,28.41508,77.04353,Nischal
2018-04-26 18:45:00,,,28.41508,77.04353,Nischal
2018-04-26 19:00:00,,,28.41508,77.04353,Nischal
2018-04-26 19:15:00,,,28.41508,77.04353,Nischal
2018-04-26 19:30:00,,,28.41508,77.04353,Nischal
2018-04-26 19:45:00,,,28.41508,77.04353,Nischal
2018-04-26 20:00:00,,,28.41508,77.04353,Nischal
2018-04-26 20:15:00,,,28.41508,77.04353,Nischal
2018-04-26 20:30:00,,,28.41508,77.04353,Nischal
2018-04-26 20:45:00,,,28.41508,77.04353,Nischal
2018-04-26 21:00:00,,,28.41508,77.04353,Nischal
2018-04-26 21:15:00,,,28.41508,77.04353,Nischal
2018-04-26 21:30:00,,,28.41508,77.04353,Nischal
2018-04-26 21:45:00,,,28.41508,77.04353,Nischal
2018-04-26 22:00:00,,,28.41508,77.04353,Nischal
2018-04-26 22:15:00,,,28.41508,77.04353,Nischal
2018-04-26 22:30:00,,,28.41508,77.04353,Nischal
2018-04-26 22:45:00,,,28.41508,77.04353,Nischal
2018-04-26 23:00:00,,,28.41508,77.04353,Nischal
2018-04-26 23:15:00,,,28.41508,77.04353,Nischal
2018-04-26 23:30:00,,,28.41508,77.04353,Nischal
2018-04-26 23:45:00,,,28.41508,77.04353,Nischal
2018-04-27 00:00:00,,,28.41508,77.04353,Nischal
2018-04-27 00:15:00,,,28.41508,77.04353,Nischal
2018-04-27 00:30:00,,,28.41508,77.04353,Nischal
2018-04-27 00:45:00,,,28.41508,77.04353,Nischal
2018-04-27 01:00:00,,,28.41508,77.04353,Nischal
2018-04-27 01:15:00,,,28.41508,77.04353,Nischal
2018-04-27 01:30:00,,,28.41508,77.04353,Nischal
2018-04-27 01:45:00,,,28.41508,77.04353,Nischal
2018-04-27 02:00:00,,,28.41508,77.04353,Nischal
2018-04-27 02:15:00,,,28.41508,77.04353,Nischal
2018-04-27 02:30:00,,,28.41508,77.04353,Nischal
2018-04-27 02:45:00,,,28.41508,77.04353,Nischal
2018-04-27 03:00:00,,,28.41508,77.04353,Nischal
2018-04-27 03:15:00,,,28.41508,77.04353,Nischal
2018-04-27 03:30:00,,,28.41508,77.04353,Nischal
2018-04-27 03:45:00,,,28.41508,77.04353,Nischal
2018-04-27 04:00:00,,,28.41508,77.04353,Nischal
2018-04-27 04:15:00,,,28.41508,77.04353,Nischal
2018-04-27 04:30:00,,,28.41508,77.04353,Nischal
2018-04-27 04:45:00,,,28.41508,77.04353,Nischal
2018-04-27 05:00:00,,,28.41508,77.04353,Nischal
2018-04-27 05:15:00,,,28.41508,77.04353,Nischal
2018-04-27 05:30:00,,,28.41508,77.04353,Nischal
2018-04-27 05:45:00,,,28.41508,77.04353,Nischal
2018-04-27 06:00:00,,,28.41508,77.04353,Nischal
2018-04-27 06:15:00,,,28.41508,77.04353,Nischal
2018-04-27 06:30:00,,,28.41508,77.04353,Nischal
2018-04-27 06:45:00,,,28.41508,77.04353,Nischal
2018-04-27 07:00:00,,,28.41508,77.04353,Nischal
2018-04-27 07:15:00,,,28.41508,77.04353,Nischal
2018-04-27 07:30:00,,,28.41508,77.04353,Nischal
2018-04-27 07:45:00,,,28.41508,77.04353,Nischal
2018-04-27 08:00:00,,,28.41508,77.04353,Nischal
2018-04-27 08:15:00,,,28.41508,77.04353,Nischal
2018-04-27 08:30:00,,,28.41508,77.04353,Nischal
2018-04-27 08:45:00,,,28.41508,77.04353,Nischal
2018-04-27 09:00:00,,,28.41508,77.04353,Nischal
2018-04-27 09:15:00,,,28.41508,77.04353,Nischal
2018-04-27 09:30:00,,,28.41508,77.04353,Nischal
2018-04-27 09:45:00,,,28.41508,77.04353,Nischal
2018-04-27 10:00:00,,,28.41508,77.04353,Nischal
2018-04-27 10:15:00,,,28.41508,77.04353,Nischal
2018-04-27 10:30:00,,,28.41508,77.04353,Nischal
2018-04-27 10:45:00,,,28.41508,77.04353,Nischal
2018-04-27 11:00:00,,,28.41508,77.04353,Nischal
2018-04-27 11:15:00,,,28.41508,77.04353,Nischal
2018-04-27 11:30:00,,,28.41508,77.04353,Nischal
2018-04-27 11:45:00,,,28.41508,77.04353,Nischal
2018-04-27 12:00:00,,,28.41508,77.04353,Nischal
2018-04-27 12:15:00,,,28.41508,77.04353,Nischal
2018-04-27 12:30:00,,,28.41508,77.04353,Nischal
2018-04-27 12:45:00,,,28.41508,77.04353,Nischal
2018-04-27 13:00:00,,,28.41508,77.04353,Nischal
2018-04-27 13:15:00,,,28.41508,77.04353,Nischal
2018-04-27 13:30:00,,,28.41508,77.04353,Nischal
2018-04-27 13:45:00,,,28.41508,77.04353,Nischal
2018-04-27 14:00:00,,,28.41508,77.04353,Nischal
2018-04-27 14:15:00,,,28.41508,77.04353,Nischal
2018-04-27 14:30:00,,,28.41508,77.04353,Nischal
2018-04-27 14:45:00,,,28.41508,77.04353,Nischal
2018-04-27 15:00:00,,,28.41508,77.04353,Nischal
2018-04-27 15:15:00,,,28.41508,77.04353,Nischal
2018-04-27 15:30:00,113.1,128.8,28.41508,77.04353,Nischal
2018-04-27 15:45:00,109.2,124.15,28.41508,77.04353,Nischal
2018-04-27 16:00:00,112.66666399999998,127.66666399999998,28.41508,77.04353,Nischal
2018-04-27 16:15:00,109.66666399999998,125.0,28.41508,77.04353,Nischal
2018-04-27 16:30:00,106.33333600000002,113.66666399999998,28.41508,77.04353,Nischal
2018-04-27 16:45:00,97.666664,110.66666399999998,28.41508,77.04353,Nischal
2018-04-27 17:00:00,90.0,103.0,28.41508,77.04353,Nischal
2018-04-27 17:15:00,94.0,105.0,28.41508,77.04353,Nischal
2018-04-27 17:30:00,94.0,106.33333600000002,28.41508,77.04353,Nischal
2018-04-27 17:45:00,85.666664,94.666664,28.41508,77.04353,Nischal
2018-04-27 18:00:00,85.0,95.0,28.41508,77.04353,Nischal
2018-04-27 18:15:00,88.0,99.666664,28.41508,77.04353,Nischal
2018-04-27 18:30:00,89.0,100.0,28.41508,77.04353,Nischal
2018-04-27 18:45:00,89.666664,101.0,28.41508,77.04353,Nischal
2018-04-27 19:00:00,91.0,102.333336,28.41508,77.04353,Nischal
2018-04-27 19:15:00,89.0,96.0,28.41508,77.04353,Nischal
2018-04-27 19:30:00,90.333336,100.333336,28.41508,77.04353,Nischal
2018-04-27 19:45:00,92.0,103.333336,28.41508,77.04353,Nischal
2018-04-27 20:00:00,92.0,104.666664,28.41508,77.04353,Nischal
2018-04-27 20:15:00,92.666664,101.666664,28.41508,77.04353,Nischal
2018-04-27 20:30:00,89.0,99.333336,28.41508,77.04353,Nischal
2018-04-27 20:45:00,90.0,97.333336,28.41508,77.04353,Nischal
2018-04-27 21:00:00,86.666664,98.0,28.41508,77.04353,Nischal
2018-04-27 21:15:00,90.0,104.0,28.41508,77.04353,Nischal
2018-04-27 21:30:00,89.0,99.666664,28.41508,77.04353,Nischal
2018-04-27 21:45:00,96.0,108.33333600000002,28.41508,77.04353,Nischal
2018-04-27 22:00:00,95.666664,108.33333600000002,28.41508,77.04353,Nischal
2018-04-27 22:15:00,97.666664,108.0,28.41508,77.04353,Nischal
2018-04-27 22:30:00,95.0,106.0,28.41508,77.04353,Nischal
2018-04-27 22:45:00,87.0,97.0,28.41508,77.04353,Nischal
2018-04-27 23:00:00,88.666664,97.666664,28.41508,77.04353,Nischal
2018-04-27 23:15:00,89.333336,99.0,28.41508,77.04353,Nischal
2018-04-27 23:30:00,84.666664,94.333336,28.41508,77.04353,Nischal
2018-04-27 23:45:00,85.0,92.333336,28.41508,77.04353,Nischal
2018-04-28 00:00:00,85.666664,96.333336,28.41508,77.04353,Nischal
2018-04-28 00:15:00,87.0,98.333336,28.41508,77.04353,Nischal
2018-04-28 00:30:00,83.333336,92.333336,28.41508,77.04353,Nischal
2018-04-28 00:45:00,88.0,101.666664,28.41508,77.04353,Nischal
2018-04-28 01:00:00,88.666664,103.666664,28.41508,77.04353,Nischal
2018-04-28 01:15:00,91.0,102.333336,28.41508,77.04353,Nischal
2018-04-28 01:30:00,91.0,100.333336,28.41508,77.04353,Nischal
2018-04-28 01:45:00,88.333336,98.333336,28.41508,77.04353,Nischal
2018-04-28 02:00:00,97.333336,110.66666399999998,28.41508,77.04353,Nischal
2018-04-28 02:15:00,106.0,123.33333600000002,28.41508,77.04353,Nischal
2018-04-28 02:30:00,107.33333600000002,125.0,28.41508,77.04353,Nischal
2018-04-28 02:45:00,100.666664,117.33333600000002,28.41508,77.04353,Nischal
2018-04-28 03:00:00,102.666664,120.33333600000002,28.41508,77.04353,Nischal
2018-04-28 03:15:00,98.333336,113.66666399999998,28.41508,77.04353,Nischal
2018-04-28 03:30:00,100.666664,114.0,28.41508,77.04353,Nischal
2018-04-28 03:45:00,104.0,117.66666399999998,28.41508,77.04353,Nischal
2018-04-28 04:00:00,101.666664,119.0,28.41508,77.04353,Nischal
2018-04-28 04:15:00,97.333336,112.33333600000002,28.41508,77.04353,Nischal
2018-04-28 04:30:00,100.0,115.0,28.41508,77.04353,Nischal
2018-04-28 04:45:00,105.66666399999998,119.0,28.41508,77.04353,Nischal
2018-04-28 05:00:00,106.0,120.0,28.41508,77.04353,Nischal
2018-04-28 05:15:00,100.0,121.0,28.41508,77.04353,Nischal
2018-04-28 05:30:00,111.66666399999998,125.33333600000002,28.41508,77.04353,Nischal
2018-04-28 05:45:00,110.33333600000002,127.0,28.41508,77.04353,Nischal
2018-04-28 06:00:00,99.333336,110.66666399999998,28.41508,77.04353,Nischal
2018-04-28 06:15:00,100.666664,115.66666399999998,28.41508,77.04353,Nischal
2018-04-28 06:30:00,101.333336,111.66666399999998,28.41508,77.04353,Nischal
2018-04-28 06:45:00,104.0,115.0,28.41508,77.04353,Nischal
2018-04-28 07:00:00,91.5,102.0,28.41508,77.04353,Nischal
2018-04-28 07:15:00,89.0,98.75,28.41508,77.04353,Nischal
2018-04-28 07:30:00,83.666664,93.0,28.41508,77.04353,Nischal
2018-04-28 07:45:00,81.0,90.666664,28.41508,77.04353,Nischal
2018-04-28 08:00:00,79.0,85.0,28.41508,77.04353,Nischal
2018-04-28 08:15:00,72.0,83.666664,28.41508,77.04353,Nischal
2018-04-28 08:30:00,73.666664,82.666664,28.41508,77.04353,Nischal
2018-04-28 08:45:00,68.666664,73.666664,28.41508,77.04353,Nischal
2018-04-28 09:00:00,67.666664,76.333336,28.41508,77.04353,Nischal
2018-04-28 09:15:00,67.333336,82.0,28.41508,77.04353,Nischal
2018-04-28 09:30:00,67.666664,74.333336,28.41508,77.04353,Nischal
2018-04-28 09:45:00,73.0,80.0,28.41508,77.04353,Nischal
2018-04-28 10:00:00,70.666664,76.0,28.41508,77.04353,Nischal
2018-04-28 10:15:00,71.666664,80.333336,28.41508,77.04353,Nischal
2018-04-28 10:30:00,65.666664,72.666664,28.41508,77.04353,Nischal
2018-04-28 10:45:00,72.333336,81.666664,28.41508,77.04353,Nischal
2018-04-28 11:00:00,69.0,78.0,28.41508,77.04353,Nischal
2018-04-28 11:15:00,66.333336,74.333336,28.41508,77.04353,Nischal
2018-04-28 11:30:00,67.666664,77.0,28.41508,77.04353,Nischal
2018-04-28 11:45:00,71.333336,78.666664,28.41508,77.04353,Nischal
2018-04-28 12:00:00,72.333336,81.666664,28.41508,77.04353,Nischal
2018-04-28 12:15:00,73.666664,84.0,28.41508,77.04353,Nischal
2018-04-28 12:30:00,75.333336,84.0,28.41508,77.04353,Nischal
2018-04-28 12:45:00,73.333336,85.333336,28.41508,77.04353,Nischal
2018-04-28 13:00:00,76.666664,85.0,28.41508,77.04353,Nischal
2018-04-28 13:15:00,79.666664,88.333336,28.41508,77.04353,Nischal
2018-04-28 13:30:00,80.0,91.333336,28.41508,77.04353,Nischal
2018-04-28 13:45:00,83.0,93.666664,28.41508,77.04353,Nischal
2018-04-28 14:00:00,87.666664,93.333336,28.41508,77.04353,Nischal
2018-04-28 14:15:00,87.333336,94.333336,28.41508,77.04353,Nischal
2018-04-28 14:30:00,92.0,100.666664,28.41508,77.04353,Nischal
2018-04-28 14:45:00,88.5,100.5,28.41508,77.04353,Nischal
2018-04-28 15:00:00,93.0,104.0,28.41508,77.04353,Nischal
2018-04-28 15:15:00,96.5,113.0,28.41508,77.04353,Nischal
2018-04-28 15:30:00,95.333336,103.333336,28.41508,77.04353,Nischal
2018-04-28 15:45:00,94.666664,103.666664,28.41508,77.04353,Nischal
2018-04-28 16:00:00,96.0,108.33333600000002,28.41508,77.04353,Nischal
2018-04-28 16:15:00,104.333336,119.66666399999998,28.41508,77.04353,Nischal
2018-04-28 16:30:00,110.0,126.0,28.41508,77.04353,Nischal
2018-04-28 16:45:00,107.0,119.66666399999998,28.41508,77.04353,Nischal
2018-04-28 17:00:00,106.0,114.0,28.41508,77.04353,Nischal
2018-04-28 17:15:00,101.0,109.0,28.41508,77.04353,Nischal
2018-04-28 17:30:00,99.333336,109.66666399999998,28.41508,77.04353,Nischal
2018-04-28 17:45:00,99.5,108.0,28.41508,77.04353,Nischal
2018-04-28 18:00:00,94.666664,104.666664,28.41508,77.04353,Nischal
2018-04-28 18:15:00,89.333336,96.666664,28.41508,77.04353,Nischal
2018-04-28 18:30:00,92.666664,102.666664,28.41508,77.04353,Nischal
2018-04-28 18:45:00,92.0,100.0,28.41508,77.04353,Nischal
2018-04-28 19:00:00,84.0,94.0,28.41508,77.04353,Nischal
2018-04-28 19:15:00,86.0,93.333336,28.41508,77.04353,Nischal
2018-04-28 19:30:00,88.666664,95.666664,28.41508,77.04353,Nischal
2018-04-28 19:45:00,83.333336,91.333336,28.41508,77.04353,Nischal
2018-04-28 20:00:00,84.0,91.0,28.41508,77.04353,Nischal
2018-04-28 20:15:00,83.666664,92.333336,28.41508,77.04353,Nischal
2018-04-28 20:30:00,85.5,96.5,28.41508,77.04353,Nischal
2018-04-28 20:45:00,88.0,98.0,28.41508,77.04353,Nischal
2018-04-28 21:00:00,85.666664,96.333336,28.41508,77.04353,Nischal
2018-04-28 21:15:00,86.333336,94.0,28.41508,77.04353,Nischal
2018-04-28 21:30:00,91.666664,100.333336,28.41508,77.04353,Nischal
2018-04-28 21:45:00,86.666664,101.666664,28.41508,77.04353,Nischal
2018-04-28 22:00:00,89.333336,97.333336,28.41508,77.04353,Nischal
2018-04-28 22:15:00,90.0,100.333336,28.41508,77.04353,Nischal
2018-04-28 22:30:00,91.0,101.0,28.41508,77.04353,Nischal
2018-04-28 22:45:00,91.333336,100.666664,28.41508,77.04353,Nischal
2018-04-28 23:00:00,89.0,102.666664,28.41508,77.04353,Nischal
2018-04-28 23:15:00,90.666664,101.0,28.41508,77.04353,Nischal
2018-04-28 23:30:00,95.0,104.333336,28.41508,77.04353,Nischal
2018-04-28 23:45:00,99.333336,113.0,28.41508,77.04353,Nischal
2018-04-29 00:00:00,95.0,107.33333600000002,28.41508,77.04353,Nischal
2018-04-29 00:15:00,102.666664,118.33333600000002,28.41508,77.04353,Nischal
2018-04-29 00:30:00,111.0,122.33333600000002,28.41508,77.04353,Nischal
2018-04-29 00:45:00,116.33333600000002,131.66666999999998,28.41508,77.04353,Nischal
2018-04-29 01:00:00,114.0,129.0,28.41508,77.04353,Nischal
2018-04-29 01:15:00,119.0,135.0,28.41508,77.04353,Nischal
2018-04-29 01:30:00,122.0,141.33333000000002,28.41508,77.04353,Nischal
2018-04-29 01:45:00,117.33333600000002,135.33333000000002,28.41508,77.04353,Nischal
2018-04-29 02:00:00,111.33333600000002,126.0,28.41508,77.04353,Nischal
2018-04-29 02:15:00,120.66666399999998,134.33333000000002,28.41508,77.04353,Nischal
2018-04-29 02:30:00,127.0,147.66666999999998,28.41508,77.04353,Nischal
2018-04-29 02:45:00,112.5,125.0,28.41508,77.04353,Nischal
2018-04-29 03:00:00,114.0,125.66666399999998,28.41508,77.04353,Nischal
2018-04-29 03:15:00,113.66666399999998,127.66666399999998,28.41508,77.04353,Nischal
2018-04-29 03:30:00,110.0,125.66666399999998,28.41508,77.04353,Nischal
2018-04-29 03:45:00,102.333336,118.0,28.41508,77.04353,Nischal
2018-04-29 04:00:00,100.0,111.33333600000002,28.41508,77.04353,Nischal
2018-04-29 04:15:00,104.333336,116.66666399999998,28.41508,77.04353,Nischal
2018-04-29 04:30:00,119.66666399999998,133.33333000000002,28.41508,77.04353,Nischal
2018-04-29 04:45:00,125.0,140.66666999999998,28.41508,77.04353,Nischal
2018-04-29 05:00:00,126.66666399999998,141.66666999999998,28.41508,77.04353,Nischal
2018-04-29 05:15:00,123.33333600000002,141.66666999999998,28.41508,77.04353,Nischal
2018-04-29 05:30:00,109.33333600000002,125.33333600000002,28.41508,77.04353,Nischal
2018-04-29 05:45:00,103.666664,117.33333600000002,28.41508,77.04353,Nischal
2018-04-29 06:00:00,98.666664,114.33333600000002,28.41508,77.04353,Nischal
2018-04-29 06:15:00,95.0,105.33333600000002,28.41508,77.04353,Nischal
2018-04-29 06:30:00,95.5,108.5,28.41508,77.04353,Nischal
2018-04-29 06:45:00,93.0,104.0,28.41508,77.04353,Nischal
2018-04-29 07:00:00,90.0,101.0,28.41508,77.04353,Nischal
2018-04-29 07:15:00,87.5,99.5,28.41508,77.04353,Nischal
2018-04-29 07:30:00,82.333336,92.0,28.41508,77.04353,Nischal
2018-04-29 07:45:00,75.666664,86.0,28.41508,77.04353,Nischal
2018-04-29 08:00:00,67.0,74.0,28.41508,77.04353,Nischal
2018-04-29 08:15:00,66.0,74.0,28.41508,77.04353,Nischal
2018-04-29 08:30:00,65.0,73.666664,28.41508,77.04353,Nischal
2018-04-29 08:45:00,64.333336,73.0,28.41508,77.04353,Nischal
2018-04-29 09:00:00,66.0,71.0,28.41508,77.04353,Nischal
2018-04-29 09:15:00,59.0,67.0,28.41508,77.04353,Nischal
2018-04-29 09:30:00,66.0,72.0,28.41508,77.04353,Nischal
2018-04-29 09:45:00,67.0,75.333336,28.41508,77.04353,Nischal
2018-04-29 10:00:00,69.666664,75.666664,28.41508,77.04353,Nischal
2018-04-29 10:15:00,68.333336,75.0,28.41508,77.04353,Nischal
2018-04-29 10:30:00,67.333336,73.0,28.41508,77.04353,Nischal
2018-04-29 10:45:00,74.666664,80.333336,28.41508,77.04353,Nischal
2018-04-29 11:00:00,73.0,80.666664,28.41508,77.04353,Nischal
2018-04-29 11:15:00,71.333336,77.333336,28.41508,77.04353,Nischal
2018-04-29 11:30:00,64.0,72.333336,28.41508,77.04353,Nischal
2018-04-29 11:45:00,64.666664,71.666664,28.41508,77.04353,Nischal
2018-04-29 12:00:00,72.5,83.0,28.41508,77.04353,Nischal
2018-04-29 12:15:00,71.333336,77.666664,28.41508,77.04353,Nischal
2018-04-29 12:30:00,61.0,66.333336,28.41508,77.04353,Nischal
2018-04-29 12:45:00,67.333336,72.666664,28.41508,77.04353,Nischal
2018-04-29 13:00:00,67.333336,72.333336,28.41508,77.04353,Nischal
2018-04-29 13:15:00,67.0,74.333336,28.41508,77.04353,Nischal
2018-04-29 13:30:00,67.0,76.666664,28.41508,77.04353,Nischal
2018-04-29 13:45:00,73.333336,82.666664,28.41508,77.04353,Nischal
2018-04-29 14:00:00,73.333336,85.666664,28.41508,77.04353,Nischal
2018-04-29 14:15:00,67.333336,74.333336,28.41508,77.04353,Nischal
2018-04-29 14:30:00,64.0,73.333336,28.41508,77.04353,Nischal
2018-04-29 14:45:00,58.33333199999999,65.666664,28.41508,77.04353,Nischal
2018-04-29 15:00:00,58.0,64.0,28.41508,77.04353,Nischal
2018-04-29 15:15:00,56.0,59.33333199999999,28.41508,77.04353,Nischal
2018-04-29 15:30:00,56.66666800000001,62.0,28.41508,77.04353,Nischal
2018-04-29 15:45:00,59.66666800000001,65.333336,28.41508,77.04353,Nischal
2018-04-29 16:00:00,70.0,74.666664,28.41508,77.04353,Nischal
2018-04-29 16:15:00,72.0,79.666664,28.41508,77.04353,Nischal
2018-04-29 16:30:00,72.333336,79.666664,28.41508,77.04353,Nischal
2018-04-29 16:45:00,83.666664,91.666664,28.41508,77.04353,Nischal
2018-04-29 17:00:00,65.333336,75.0,28.41508,77.04353,Nischal
2018-04-29 17:15:00,72.0,79.0,28.41508,77.04353,Nischal
2018-04-29 17:30:00,67.333336,73.0,28.41508,77.04353,Nischal
2018-04-29 17:45:00,69.0,75.666664,28.41508,77.04353,Nischal
2018-04-29 18:00:00,70.333336,76.333336,28.41508,77.04353,Nischal
2018-04-29 18:15:00,72.666664,80.333336,28.41508,77.04353,Nischal
2018-04-29 18:30:00,85.0,90.0,28.41508,77.04353,Nischal
2018-04-29 18:45:00,77.666664,87.0,28.41508,77.04353,Nischal
2018-04-29 19:00:00,58.66666800000001,66.0,28.41508,77.04353,Nischal
2018-04-29 19:15:00,58.33333199999999,65.0,28.41508,77.04353,Nischal
2018-04-29 19:30:00,58.66666800000001,65.666664,28.41508,77.04353,Nischal
2018-04-29 19:45:00,63.33333199999999,70.666664,28.41508,77.04353,Nischal
2018-04-29 20:00:00,62.66666800000001,67.666664,28.41508,77.04353,Nischal
2018-04-29 20:15:00,70.0,81.0,28.41508,77.04353,Nischal
2018-04-29 20:30:00,66.666664,75.0,28.41508,77.04353,Nischal
2018-04-29 20:45:00,60.0,67.666664,28.41508,77.04353,Nischal
2018-04-29 21:00:00,58.0,65.0,28.41508,77.04353,Nischal
2018-04-29 21:15:00,56.33333199999999,61.66666800000001,28.41508,77.04353,Nischal
2018-04-29 21:30:00,57.66666800000001,64.666664,28.41508,77.04353,Nischal
2018-04-29 21:45:00,58.0,64.0,28.41508,77.04353,Nischal
2018-04-29 22:00:00,59.33333199999999,65.333336,28.41508,77.04353,Nischal
2018-04-29 22:15:00,58.33333199999999,64.333336,28.41508,77.04353,Nischal
2018-04-29 22:30:00,61.0,68.333336,28.41508,77.04353,Nischal
2018-04-29 22:45:00,59.66666800000001,64.666664,28.41508,77.04353,Nischal
2018-04-29 23:00:00,59.66666800000001,65.333336,28.41508,77.04353,Nischal
2018-04-29 23:15:00,60.0,66.666664,28.41508,77.04353,Nischal
2018-04-29 23:30:00,73.0,84.0,28.41508,77.04353,Nischal
2018-04-29 23:45:00,110.33333600000002,139.33333000000002,28.41508,77.04353,Nischal
2018-04-30 00:00:00,135.33333000000002,170.66666999999998,28.41508,77.04353,Nischal
2018-04-30 00:15:00,120.66666399999998,157.66666999999998,28.41508,77.04353,Nischal
2018-04-30 00:30:00,111.0,132.33333000000002,28.41508,77.04353,Nischal
2018-04-30 00:45:00,103.666664,128.66666999999998,28.41508,77.04353,Nischal
2018-04-30 01:00:00,103.666664,128.0,28.41508,77.04353,Nischal
2018-04-30 01:15:00,112.33333600000002,138.66666999999998,28.41508,77.04353,Nischal
2018-04-30 01:30:00,103.666664,124.0,28.41508,77.04353,Nischal
2018-04-30 01:45:00,85.333336,100.666664,28.41508,77.04353,Nischal
2018-04-30 02:00:00,87.0,106.0,28.41508,77.04353,Nischal
2018-04-30 02:15:00,96.333336,122.33333600000002,28.41508,77.04353,Nischal
2018-04-30 02:30:00,90.333336,108.66666399999998,28.41508,77.04353,Nischal
2018-04-30 02:45:00,88.0,100.333336,28.41508,77.04353,Nischal
2018-04-30 03:00:00,97.0,115.0,28.41508,77.04353,Nischal
2018-04-30 03:15:00,99.333336,118.0,28.41508,77.04353,Nischal
2018-04-30 03:30:00,86.0,105.0,28.41508,77.04353,Nischal
2018-04-30 03:45:00,81.0,96.0,28.41508,77.04353,Nischal
2018-04-30 04:00:00,71.333336,79.666664,28.41508,77.04353,Nischal
2018-04-30 04:15:00,60.33333199999999,71.666664,28.41508,77.04353,Nischal
2018-04-30 04:30:00,62.33333199999999,68.0,28.41508,77.04353,Nischal
2018-04-30 04:45:00,71.333336,80.0,28.41508,77.04353,Nischal
2018-04-30 05:00:00,93.0,106.33333600000002,28.41508,77.04353,Nischal
2018-04-30 05:15:00,68.0,75.333336,28.41508,77.04353,Nischal
2018-04-30 05:30:00,58.0,64.0,28.41508,77.04353,Nischal
2018-04-30 05:45:00,47.666668,54.0,28.41508,77.04353,Nischal
2018-04-30 06:00:00,38.333332,43.333332,28.41508,77.04353,Nischal
2018-04-30 06:15:00,37.5,40.5,28.41508,77.04353,Nischal
2018-04-30 06:30:00,37.0,40.333332,28.41508,77.04353,Nischal
2018-04-30 06:45:00,44.666668,49.333332,28.41508,77.04353,Nischal
2018-04-30 07:00:00,43.333332,47.333332,28.41508,77.04353,Nischal
2018-04-30 07:15:00,44.0,49.666668,28.41508,77.04353,Nischal
2018-04-30 07:30:00,44.0,47.333332,28.41508,77.04353,Nischal
2018-04-30 07:45:00,46.666668,50.666668,28.41508,77.04353,Nischal
2018-04-30 08:00:00,49.666668,54.0,28.41508,77.04353,Nischal
2018-04-30 08:15:00,51.333332,58.66666800000001,28.41508,77.04353,Nischal
2018-04-30 08:30:00,51.0,56.66666800000001,28.41508,77.04353,Nischal
2018-04-30 08:45:00,56.0,63.0,28.41508,77.04353,Nischal
2018-04-30 09:00:00,54.66666800000001,60.33333199999999,28.41508,77.04353,Nischal
2018-04-30 09:15:00,51.666668,60.33333199999999,28.41508,77.04353,Nischal
2018-04-30 09:30:00,55.0,60.33333199999999,28.41508,77.04353,Nischal
2018-04-30 09:45:00,54.66666800000001,60.0,28.41508,77.04353,Nischal
2018-04-30 10:00:00,55.0,60.33333199999999,28.41508,77.04353,Nischal
2018-04-30 10:15:00,55.33333199999999,61.33333199999999,28.41508,77.04353,Nischal
2018-04-30 10:30:00,58.33333199999999,63.0,28.41508,77.04353,Nischal
2018-04-30 10:45:00,55.66666800000001,61.33333199999999,28.41508,77.04353,Nischal
2018-04-30 11:00:00,58.66666800000001,67.333336,28.41508,77.04353,Nischal
2018-04-30 11:15:00,57.66666800000001,62.33333199999999,28.41508,77.04353,Nischal
2018-04-30 11:30:00,66.333336,72.0,28.41508,77.04353,Nischal
2018-04-30 11:45:00,72.666664,80.333336,28.41508,77.04353,Nischal
2018-04-30 12:00:00,70.333336,78.333336,28.41508,77.04353,Nischal
2018-04-30 12:15:00,72.0,79.333336,28.41508,77.04353,Nischal
2018-04-30 12:30:00,70.333336,80.666664,28.41508,77.04353,Nischal
2018-04-30 12:45:00,73.333336,80.0,28.41508,77.04353,Nischal
2018-04-30 13:00:00,77.666664,87.666664,28.41508,77.04353,Nischal
2018-04-30 13:15:00,81.666664,90.0,28.41508,77.04353,Nischal
2018-04-30 13:30:00,79.666664,87.666664,28.41508,77.04353,Nischal
2018-04-30 13:45:00,77.0,86.0,28.41508,77.04353,Nischal
2018-04-30 14:00:00,78.666664,87.0,28.41508,77.04353,Nischal
2018-04-30 14:15:00,95.666664,105.0,28.41508,77.04353,Nischal
2018-04-30 14:30:00,148.33333000000002,171.0,28.41508,77.04353,Nischal
2018-04-30 14:45:00,118.66666399999998,138.66666999999998,28.41508,77.04353,Nischal
2018-04-30 15:00:00,121.33333600000002,139.0,28.41508,77.04353,Nischal
2018-04-30 15:15:00,121.66666399999998,137.66666999999998,28.41508,77.04353,Nischal
2018-04-30 15:30:00,117.66666399999998,137.0,28.41508,77.04353,Nischal
2018-04-30 15:45:00,110.66666399999998,120.0,28.41508,77.04353,Nischal
2018-04-30 16:00:00,109.0,119.0,28.41508,77.04353,Nischal
2018-04-30 16:15:00,114.33333600000002,125.66666399999998,28.41508,77.04353,Nischal
2018-04-30 16:30:00,111.0,122.66666399999998,28.41508,77.04353,Nischal
2018-04-30 16:45:00,109.0,122.66666399999998,28.41508,77.04353,Nischal
2018-04-30 17:00:00,110.0,125.66666399999998,28.41508,77.04353,Nischal
2018-04-30 17:15:00,107.0,122.66666399999998,28.41508,77.04353,Nischal
2018-04-30 17:30:00,93.666664,105.66666399999998,28.41508,77.04353,Nischal
2018-04-30 17:45:00,78.333336,85.666664,28.41508,77.04353,Nischal
2018-04-30 18:00:00,71.0,78.333336,28.41508,77.04353,Nischal
2018-04-30 18:15:00,65.333336,73.333336,28.41508,77.04353,Nischal
2018-04-30 18:30:00,61.0,66.0,28.41508,77.04353,Nischal
2018-04-30 18:45:00,58.66666800000001,68.333336,28.41508,77.04353,Nischal
2018-04-30 19:00:00,55.66666800000001,58.66666800000001,28.41508,77.04353,Nischal
2018-04-30 19:15:00,55.33333199999999,59.66666800000001,28.41508,77.04353,Nischal
2018-04-30 19:30:00,55.66666800000001,61.66666800000001,28.41508,77.04353,Nischal
2018-04-30 19:45:00,55.33333199999999,59.66666800000001,28.41508,77.04353,Nischal
2018-04-30 20:00:00,56.0,60.66666800000001,28.41508,77.04353,Nischal
2018-04-30 20:15:00,54.0,61.33333199999999,28.41508,77.04353,Nischal
2018-04-30 20:30:00,54.0,58.33333199999999,28.41508,77.04353,Nischal
2018-04-30 20:45:00,52.333332,56.0,28.41508,77.04353,Nischal
2018-04-30 21:00:00,54.33333199999999,60.33333199999999,28.41508,77.04353,Nischal
2018-04-30 21:15:00,51.666668,55.66666800000001,28.41508,77.04353,Nischal
2018-04-30 21:30:00,49.666668,54.66666800000001,28.41508,77.04353,Nischal
2018-04-30 21:45:00,54.0,57.66666800000001,28.41508,77.04353,Nischal
2018-04-30 22:00:00,49.666668,54.0,28.41508,77.04353,Nischal
2018-04-30 22:15:00,53.33333199999999,58.33333199999999,28.41508,77.04353,Nischal
2018-04-30 22:30:00,51.333332,54.0,28.41508,77.04353,Nischal
2018-04-30 22:45:00,52.66666800000001,55.33333199999999,28.41508,77.04353,Nischal
2018-04-30 23:00:00,49.666668,55.33333199999999,28.41508,77.04353,Nischal
2018-04-30 23:15:00,52.0,55.66666800000001,28.41508,77.04353,Nischal
2018-04-30 23:30:00,53.33333199999999,58.33333199999999,28.41508,77.04353,Nischal
2018-04-30 23:45:00,51.333332,56.33333199999999,28.41508,77.04353,Nischal
2018-05-01 00:00:00,51.333332,58.66666800000001,28.41508,77.04353,Nischal
2018-05-01 00:15:00,49.666668,55.33333199999999,28.41508,77.04353,Nischal
2018-05-01 00:30:00,48.666668,54.33333199999999,28.41508,77.04353,Nischal
2018-05-01 00:45:00,51.666668,55.66666800000001,28.41508,77.04353,Nischal
2018-05-01 01:00:00,50.333332,54.0,28.41508,77.04353,Nischal
2018-05-01 01:15:00,52.66666800000001,55.66666800000001,28.41508,77.04353,Nischal
2018-05-01 01:30:00,52.333332,58.0,28.41508,77.04353,Nischal
2018-05-01 01:45:00,58.66666800000001,66.0,28.41508,77.04353,Nischal
2018-05-01 02:00:00,55.66666800000001,61.33333199999999,28.41508,77.04353,Nischal
2018-05-01 02:15:00,61.0,67.0,28.41508,77.04353,Nischal
2018-05-01 02:30:00,73.333336,83.0,28.41508,77.04353,Nischal
2018-05-01 02:45:00,67.0,74.0,28.41508,77.04353,Nischal
2018-05-01 03:00:00,68.0,75.666664,28.41508,77.04353,Nischal
2018-05-01 03:15:00,63.66666800000001,71.666664,28.41508,77.04353,Nischal
2018-05-01 03:30:00,68.333336,81.0,28.41508,77.04353,Nischal
2018-05-01 03:45:00,80.333336,89.666664,28.41508,77.04353,Nischal
2018-05-01 04:00:00,73.0,80.666664,28.41508,77.04353,Nischal
2018-05-01 04:15:00,69.666664,78.0,28.41508,77.04353,Nischal
2018-05-01 04:30:00,74.0,81.333336,28.41508,77.04353,Nischal
2018-05-01 04:45:00,74.333336,80.666664,28.41508,77.04353,Nischal
2018-05-01 05:00:00,89.666664,101.666664,28.41508,77.04353,Nischal
2018-05-01 05:15:00,73.5,79.0,28.41508,77.04353,Nischal
2018-05-01 05:30:00,72.666664,80.333336,28.41508,77.04353,Nischal
2018-05-01 05:45:00,78.0,86.0,28.41508,77.04353,Nischal
2018-05-01 06:00:00,79.333336,89.333336,28.41508,77.04353,Nischal
2018-05-01 06:15:00,72.333336,79.666664,28.41508,77.04353,Nischal
2018-05-01 06:30:00,72.0,79.0,28.41508,77.04353,Nischal
2018-05-01 06:45:00,72.5,79.5,28.41508,77.04353,Nischal
2018-05-01 07:00:00,70.666664,77.333336,28.41508,77.04353,Nischal
2018-05-01 07:15:00,69.333336,75.666664,28.41508,77.04353,Nischal
2018-05-01 07:30:00,71.666664,79.333336,28.41508,77.04353,Nischal
2018-05-01 07:45:00,64.333336,70.666664,28.41508,77.04353,Nischal
2018-05-01 08:00:00,65.333336,70.666664,28.41508,77.04353,Nischal
2018-05-01 08:15:00,63.66666800000001,71.0,28.41508,77.04353,Nischal
2018-05-01 08:30:00,61.66666800000001,67.0,28.41508,77.04353,Nischal
2018-05-01 08:45:00,56.66666800000001,64.0,28.41508,77.04353,Nischal
2018-05-01 09:00:00,56.5,62.5,28.41508,77.04353,Nischal
2018-05-01 09:15:00,57.66666800000001,62.33333199999999,28.41508,77.04353,Nischal
2018-05-01 09:30:00,51.5,57.5,28.41508,77.04353,Nischal
2018-05-01 09:45:00,50.666668,56.66666800000001,28.41508,77.04353,Nischal
2018-05-01 10:00:00,50.666668,56.33333199999999,28.41508,77.04353,Nischal
2018-05-01 10:15:00,51.0,55.5,28.41508,77.04353,Nischal
2018-05-01 10:30:00,53.0,58.33333199999999,28.41508,77.04353,Nischal
2018-05-01 10:45:00,49.333332,54.66666800000001,28.41508,77.04353,Nischal
2018-05-01 11:00:00,49.0,52.66666800000001,28.41508,77.04353,Nischal
2018-05-01 11:15:00,51.0,56.0,28.41508,77.04353,Nischal
2018-05-01 11:30:00,49.0,56.66666800000001,28.41508,77.04353,Nischal
2018-05-01 11:45:00,52.333332,57.66666800000001,28.41508,77.04353,Nischal
2018-05-01 12:00:00,52.0,54.5,28.41508,77.04353,Nischal
2018-05-01 12:15:00,51.0,55.0,28.41508,77.04353,Nischal
2018-05-01 12:30:00,51.333332,57.66666800000001,28.41508,77.04353,Nischal
2018-05-01 12:45:00,54.66666800000001,61.33333199999999,28.41508,77.04353,Nischal
2018-05-01 13:00:00,54.33333199999999,59.33333199999999,28.41508,77.04353,Nischal
2018-05-01 13:15:00,57.0,65.5,28.41508,77.04353,Nischal
2018-05-01 13:30:00,57.0,63.0,28.41508,77.04353,Nischal
2018-05-01 13:45:00,63.33333199999999,70.333336,28.41508,77.04353,Nischal
2018-05-01 14:00:00,68.333336,77.333336,28.41508,77.04353,Nischal
2018-05-01 14:15:00,75.333336,82.0,28.41508,77.04353,Nischal
2018-05-01 14:30:00,75.333336,84.333336,28.41508,77.04353,Nischal
2018-05-01 14:45:00,72.0,79.0,28.41508,77.04353,Nischal
2018-05-01 15:00:00,72.0,78.0,28.41508,77.04353,Nischal
2018-05-01 15:15:00,70.333336,78.333336,28.41508,77.04353,Nischal
2018-05-01 15:30:00,76.333336,82.0,28.41508,77.04353,Nischal
2018-05-01 15:45:00,81.0,88.333336,28.41508,77.04353,Nischal
2018-05-01 16:00:00,83.0,92.333336,28.41508,77.04353,Nischal
2018-05-01 16:15:00,76.0,82.333336,28.41508,77.04353,Nischal
2018-05-01 16:30:00,73.333336,78.666664,28.41508,77.04353,Nischal
2018-05-01 16:45:00,76.666664,84.333336,28.41508,77.04353,Nischal
2018-05-01 17:00:00,74.666664,84.666664,28.41508,77.04353,Nischal
2018-05-01 17:15:00,70.666664,75.666664,28.41508,77.04353,Nischal
2018-05-01 17:30:00,71.333336,81.333336,28.41508,77.04353,Nischal
2018-05-01 17:45:00,69.333336,77.0,28.41508,77.04353,Nischal
2018-05-01 18:00:00,68.0,74.666664,28.41508,77.04353,Nischal
2018-05-01 18:15:00,64.666664,73.666664,28.41508,77.04353,Nischal
2018-05-01 18:30:00,62.0,66.333336,28.41508,77.04353,Nischal
2018-05-01 18:45:00,60.66666800000001,69.0,28.41508,77.04353,Nischal
2018-05-01 19:00:00,63.66666800000001,69.0,28.41508,77.04353,Nischal
2018-05-01 19:15:00,67.0,73.0,28.41508,77.04353,Nischal
2018-05-01 19:30:00,60.33333199999999,66.333336,28.41508,77.04353,Nischal
2018-05-01 19:45:00,59.33333199999999,65.666664,28.41508,77.04353,Nischal
2018-05-01 20:00:00,59.0,66.333336,28.41508,77.04353,Nischal
2018-05-01 20:15:00,60.0,63.66666800000001,28.41508,77.04353,Nischal
2018-05-01 20:30:00,63.33333199999999,71.0,28.41508,77.04353,Nischal
2018-05-01 20:45:00,65.333336,73.0,28.41508,77.04353,Nischal
2018-05-01 21:00:00,65.0,70.666664,28.41508,77.04353,Nischal
2018-05-01 21:15:00,61.66666800000001,67.666664,28.41508,77.04353,Nischal
2018-05-01 21:30:00,63.0,68.666664,28.41508,77.04353,Nischal
2018-05-01 21:45:00,62.66666800000001,69.666664,28.41508,77.04353,Nischal
2018-05-01 22:00:00,61.33333199999999,68.666664,28.41508,77.04353,Nischal
2018-05-01 22:15:00,58.66666800000001,65.666664,28.41508,77.04353,Nischal
2018-05-01 22:30:00,62.0,70.333336,28.41508,77.04353,Nischal
2018-05-01 22:45:00,56.66666800000001,63.33333199999999,28.41508,77.04353,Nischal
2018-05-01 23:00:00,56.33333199999999,60.33333199999999,28.41508,77.04353,Nischal
2018-05-01 23:15:00,58.0,62.66666800000001,28.41508,77.04353,Nischal
2018-05-01 23:30:00,59.0,65.333336,28.41508,77.04353,Nischal
2018-05-01 23:45:00,59.33333199999999,64.333336,28.41508,77.04353,Nischal
2018-05-02 00:00:00,56.33333199999999,63.33333199999999,28.41508,77.04353,Nischal
2018-05-02 00:15:00,58.66666800000001,65.666664,28.41508,77.04353,Nischal
2018-05-02 00:30:00,62.33333199999999,69.666664,28.41508,77.04353,Nischal
2018-05-02 00:45:00,64.333336,75.0,28.41508,77.04353,Nischal
2018-05-02 01:00:00,64.0,72.666664,28.41508,77.04353,Nischal
2018-05-02 01:15:00,68.666664,76.666664,28.41508,77.04353,Nischal
2018-05-02 01:30:00,67.0,73.333336,28.41508,77.04353,Nischal
2018-05-02 01:45:00,67.666664,75.0,28.41508,77.04353,Nischal
2018-05-02 02:00:00,70.666664,78.0,28.41508,77.04353,Nischal
2018-05-02 02:15:00,77.333336,84.0,28.41508,77.04353,Nischal
2018-05-02 02:30:00,79.333336,87.333336,28.41508,77.04353,Nischal
2018-05-02 02:45:00,80.0,87.333336,28.41508,77.04353,Nischal
2018-05-02 03:00:00,77.666664,88.666664,28.41508,77.04353,Nischal
2018-05-02 03:15:00,78.0,89.666664,28.41508,77.04353,Nischal
2018-05-02 03:30:00,86.0,96.666664,28.41508,77.04353,Nischal
2018-05-02 03:45:00,81.666664,92.333336,28.41508,77.04353,Nischal
2018-05-02 04:00:00,78.0,86.333336,28.41508,77.04353,Nischal
2018-05-02 04:15:00,80.0,87.666664,28.41508,77.04353,Nischal
2018-05-02 04:30:00,85.333336,93.666664,28.41508,77.04353,Nischal
2018-05-02 04:45:00,86.666664,97.333336,28.41508,77.04353,Nischal
2018-05-02 05:00:00,102.333336,114.33333600000002,28.41508,77.04353,Nischal
2018-05-02 05:15:00,89.0,97.666664,28.41508,77.04353,Nischal
2018-05-02 05:30:00,88.333336,97.666664,28.41508,77.04353,Nischal
2018-05-02 05:45:00,81.333336,91.666664,28.41508,77.04353,Nischal
2018-05-02 06:00:00,77.0,85.0,28.41508,77.04353,Nischal
2018-05-02 06:15:00,75.333336,84.0,28.41508,77.04353,Nischal
2018-05-02 06:30:00,78.333336,86.666664,28.41508,77.04353,Nischal
2018-05-02 06:45:00,74.666664,83.333336,28.41508,77.04353,Nischal
2018-05-02 07:00:00,73.0,82.666664,28.41508,77.04353,Nischal
2018-05-02 07:15:00,72.333336,79.666664,28.41508,77.04353,Nischal
2018-05-02 07:30:00,71.333336,80.333336,28.41508,77.04353,Nischal
2018-05-02 07:45:00,68.0,75.333336,28.41508,77.04353,Nischal
2018-05-02 08:00:00,65.333336,70.0,28.41508,77.04353,Nischal
2018-05-02 08:15:00,63.66666800000001,67.333336,28.41508,77.04353,Nischal
2018-05-02 08:30:00,63.0,71.333336,28.41508,77.04353,Nischal
2018-05-02 08:45:00,62.0,67.666664,28.41508,77.04353,Nischal
2018-05-02 09:00:00,58.33333199999999,63.0,28.41508,77.04353,Nischal
2018-05-02 09:15:00,57.33333199999999,64.0,28.41508,77.04353,Nischal
2018-05-02 09:30:00,56.66666800000001,60.33333199999999,28.41508,77.04353,Nischal
2018-05-02 09:45:00,55.33333199999999,60.66666800000001,28.41508,77.04353,Nischal
2018-05-02 10:00:00,53.66666800000001,58.0,28.41508,77.04353,Nischal
2018-05-02 10:15:00,52.66666800000001,60.66666800000001,28.41508,77.04353,Nischal
2018-05-02 10:30:00,54.33333199999999,57.0,28.41508,77.04353,Nischal
2018-05-02 10:45:00,55.33333199999999,61.66666800000001,28.41508,77.04353,Nischal
2018-05-02 11:00:00,55.66666800000001,61.66666800000001,28.41508,77.04353,Nischal
2018-05-02 11:15:00,63.66666800000001,70.333336,28.41508,77.04353,Nischal
2018-05-02 11:30:00,68.666664,82.333336,28.41508,77.04353,Nischal
2018-05-02 11:45:00,89.333336,123.66666399999998,28.41508,77.04353,Nischal
2018-05-02 12:00:00,86.666664,110.0,28.41508,77.04353,Nischal
2018-05-02 12:15:00,84.0,101.333336,28.41508,77.04353,Nischal
2018-05-02 12:30:00,75.333336,89.333336,28.41508,77.04353,Nischal
2018-05-02 12:45:00,71.666664,83.0,28.41508,77.04353,Nischal
2018-05-02 13:00:00,66.666664,76.0,28.41508,77.04353,Nischal
2018-05-02 13:15:00,60.66666800000001,69.0,28.41508,77.04353,Nischal
2018-05-02 13:30:00,45.666668,51.0,28.41508,77.04353,Nischal
2018-05-02 13:45:00,31.666665999999996,37.333332,28.41508,77.04353,Nischal
2018-05-02 14:00:00,31.0,36.0,28.41508,77.04353,Nischal
2018-05-02 14:15:00,36.0,41.666668,28.41508,77.04353,Nischal
2018-05-02 14:30:00,40.0,46.666668,28.41508,77.04353,Nischal
2018-05-02 14:45:00,36.0,42.333332,28.41508,77.04353,Nischal
2018-05-02 15:00:00,29.666665999999996,36.0,28.41508,77.04353,Nischal
2018-05-02 15:15:00,31.333334000000004,36.0,28.41508,77.04353,Nischal
2018-05-02 15:30:00,35.0,42.0,28.41508,77.04353,Nischal
2018-05-02 15:45:00,36.666668,41.666668,28.41508,77.04353,Nischal
2018-05-02 16:00:00,37.0,42.666668,28.41508,77.04353,Nischal
2018-05-02 16:15:00,38.333332,42.0,28.41508,77.04353,Nischal
2018-05-02 16:30:00,32.0,35.333332,28.41508,77.04353,Nischal
2018-05-02 16:45:00,28.333334000000004,30.0,28.41508,77.04353,Nischal
2018-05-02 17:00:00,23.666666,26.666665999999996,28.41508,77.04353,Nischal
2018-05-02 17:15:00,18.666666,22.333334,28.41508,77.04353,Nischal
2018-05-02 17:30:00,17.666666,19.333334,28.41508,77.04353,Nischal
2018-05-02 17:45:00,18.333334,19.666666,28.41508,77.04353,Nischal
2018-05-02 18:00:00,21.0,23.666666,28.41508,77.04353,Nischal
2018-05-02 18:15:00,17.0,18.333334,28.41508,77.04353,Nischal
2018-05-02 18:30:00,15.333332999999998,17.666666,28.41508,77.04353,Nischal
2018-05-02 18:45:00,16.333334,18.333334,28.41508,77.04353,Nischal
2018-05-02 19:00:00,14.666667000000002,18.333334,28.41508,77.04353,Nischal
2018-05-02 19:15:00,15.666667000000002,19.666666,28.41508,77.04353,Nischal
2018-05-02 19:30:00,14.0,17.0,28.41508,77.04353,Nischal
2018-05-02 19:45:00,12.333333,14.0,28.41508,77.04353,Nischal
2018-05-02 20:00:00,11.333333,12.666667,28.41508,77.04353,Nischal
2018-05-02 20:15:00,10.333333,12.666667,28.41508,77.04353,Nischal
2018-05-02 20:30:00,9.666667,12.333333,28.41508,77.04353,Nischal
2018-05-02 20:45:00,11.333333,11.666667,28.41508,77.04353,Nischal
2018-05-02 21:00:00,10.333333,12.333333,28.41508,77.04353,Nischal
2018-05-02 21:15:00,8.333333,9.666667,28.41508,77.04353,Nischal
2018-05-02 21:30:00,10.333333,13.333332999999998,28.41508,77.04353,Nischal
2018-05-02 21:45:00,9.0,12.333333,28.41508,77.04353,Nischal
2018-05-02 22:00:00,13.333332999999998,15.666667000000002,28.41508,77.04353,Nischal
2018-05-02 22:15:00,12.333333,14.666667000000002,28.41508,77.04353,Nischal
2018-05-02 22:30:00,16.666666,21.666666,28.41508,77.04353,Nischal
2018-05-02 22:45:00,16.0,19.0,28.41508,77.04353,Nischal
2018-05-02 23:00:00,16.666666,21.333334,28.41508,77.04353,Nischal
2018-05-02 23:15:00,23.0,27.666665999999996,28.41508,77.04353,Nischal
2018-05-02 23:30:00,24.666666,29.0,28.41508,77.04353,Nischal
2018-05-02 23:45:00,28.333334000000004,33.666668,28.41508,77.04353,Nischal
2018-05-03 00:00:00,29.333334000000004,37.333332,28.41508,77.04353,Nischal
2018-05-03 00:15:00,33.0,39.333332,28.41508,77.04353,Nischal
2018-05-03 00:30:00,32.0,36.333332,28.41508,77.04353,Nischal
2018-05-03 00:45:00,33.0,38.666668,28.41508,77.04353,Nischal
2018-05-03 01:00:00,35.333332,42.666668,28.41508,77.04353,Nischal
2018-05-03 01:15:00,37.666668,44.333332,28.41508,77.04353,Nischal
2018-05-03 01:30:00,36.666668,43.0,28.41508,77.04353,Nischal
2018-05-03 01:45:00,37.333332,44.333332,28.41508,77.04353,Nischal
2018-05-03 02:00:00,49.0,60.66666800000001,28.41508,77.04353,Nischal
2018-05-03 02:15:00,57.66666800000001,69.0,28.41508,77.04353,Nischal
2018-05-03 02:30:00,55.0,62.66666800000001,28.41508,77.04353,Nischal
2018-05-03 02:45:00,40.666668,48.0,28.41508,77.04353,Nischal
2018-05-03 03:00:00,38.0,40.666668,28.41508,77.04353,Nischal
2018-05-03 03:15:00,36.666668,43.333332,28.41508,77.04353,Nischal
2018-05-03 03:30:00,36.333332,40.333332,28.41508,77.04353,Nischal
2018-05-03 03:45:00,34.666668,38.333332,28.41508,77.04353,Nischal
2018-05-03 04:00:00,40.333332,46.0,28.41508,77.04353,Nischal
2018-05-03 04:15:00,43.666668,49.0,28.41508,77.04353,Nischal
2018-05-03 04:30:00,44.0,52.333332,28.41508,77.04353,Nischal
2018-05-03 04:45:00,46.0,53.66666800000001,28.41508,77.04353,Nischal
2018-05-03 05:00:00,52.0,60.5,28.41508,77.04353,Nischal
2018-05-03 05:15:00,50.0,57.66666800000001,28.41508,77.04353,Nischal
2018-05-03 05:30:00,51.0,59.5,28.41508,77.04353,Nischal
2018-05-03 05:45:00,54.33333199999999,59.66666800000001,28.41508,77.04353,Nischal
2018-05-03 06:00:00,54.0,59.66666800000001,28.41508,77.04353,Nischal
2018-05-03 06:15:00,58.66666800000001,64.666664,28.41508,77.04353,Nischal
2018-05-03 06:30:00,58.66666800000001,66.666664,28.41508,77.04353,Nischal
2018-05-03 06:45:00,59.33333199999999,66.333336,28.41508,77.04353,Nischal
2018-05-03 07:00:00,61.33333199999999,69.333336,28.41508,77.04353,Nischal
2018-05-03 07:15:00,53.33333199999999,60.0,28.41508,77.04353,Nischal
2018-05-03 07:30:00,48.0,53.66666800000001,28.41508,77.04353,Nischal
2018-05-03 07:45:00,42.0,47.333332,28.41508,77.04353,Nischal
2018-05-03 08:00:00,38.0,43.0,28.41508,77.04353,Nischal
2018-05-03 08:15:00,38.333332,45.333332,28.41508,77.04353,Nischal
2018-05-03 08:30:00,33.0,36.666668,28.41508,77.04353,Nischal
2018-05-03 08:45:00,27.666665999999996,30.0,28.41508,77.04353,Nischal
2018-05-03 09:00:00,24.0,28.0,28.41508,77.04353,Nischal
2018-05-03 09:15:00,25.0,27.0,28.41508,77.04353,Nischal
2018-05-03 09:30:00,24.333334,27.666665999999996,28.41508,77.04353,Nischal
2018-05-03 09:45:00,24.333334,28.333334000000004,28.41508,77.04353,Nischal
2018-05-03 10:00:00,28.333334000000004,32.333332,28.41508,77.04353,Nischal
2018-05-03 10:15:00,32.333332,36.333332,28.41508,77.04353,Nischal
2018-05-03 10:30:00,34.666668,39.333332,28.41508,77.04353,Nischal
2018-05-03 10:45:00,38.666668,45.0,28.41508,77.04353,Nischal
2018-05-03 11:00:00,39.333332,44.0,28.41508,77.04353,Nischal
2018-05-03 11:15:00,41.0,46.666668,28.41508,77.04353,Nischal
2018-05-03 11:30:00,47.666668,53.33333199999999,28.41508,77.04353,Nischal
2018-05-03 11:45:00,50.0,56.33333199999999,28.41508,77.04353,Nischal
2018-05-03 12:00:00,148.0,168.33333000000002,28.41508,77.04353,Nischal
2018-05-03 12:15:00,45.666668,50.666668,28.41508,77.04353,Nischal
2018-05-03 12:30:00,38.666668,43.0,28.41508,77.04353,Nischal
2018-05-03 12:45:00,25.666666,30.0,28.41508,77.04353,Nischal
2018-05-03 13:00:00,19.666666,22.666666,28.41508,77.04353,Nischal
2018-05-03 13:15:00,25.666666,29.0,28.41508,77.04353,Nischal
2018-05-03 13:30:00,30.333334000000004,36.333332,28.41508,77.04353,Nischal
2018-05-03 13:45:00,37.333332,42.333332,28.41508,77.04353,Nischal
2018-05-03 14:00:00,43.0,46.666668,28.41508,77.04353,Nischal
2018-05-03 14:15:00,52.0,56.33333199999999,28.41508,77.04353,Nischal
2018-05-03 14:30:00,55.33333199999999,64.333336,28.41508,77.04353,Nischal
2018-05-03 14:45:00,57.0,64.666664,28.41508,77.04353,Nischal
2018-05-03 15:00:00,53.66666800000001,61.33333199999999,28.41508,77.04353,Nischal
2018-05-03 15:15:00,51.333332,57.66666800000001,28.41508,77.04353,Nischal
2018-05-03 15:30:00,65.333336,71.666664,28.41508,77.04353,Nischal
2018-05-03 15:45:00,64.666664,70.666664,28.41508,77.04353,Nischal
2018-05-03 16:00:00,70.0,77.0,28.41508,77.04353,Nischal
2018-05-03 16:15:00,72.666664,81.666664,28.41508,77.04353,Nischal
2018-05-03 16:30:00,71.666664,77.333336,28.41508,77.04353,Nischal
2018-05-03 16:45:00,68.0,74.666664,28.41508,77.04353,Nischal
2018-05-03 17:00:00,65.666664,72.333336,28.41508,77.04353,Nischal
2018-05-03 17:15:00,61.0,67.333336,28.41508,77.04353,Nischal
2018-05-03 17:30:00,52.333332,59.0,28.41508,77.04353,Nischal
2018-05-03 17:45:00,58.66666800000001,64.333336,28.41508,77.04353,Nischal
2018-05-03 18:00:00,49.666668,54.33333199999999,28.41508,77.04353,Nischal
2018-05-03 18:15:00,45.666668,50.666668,28.41508,77.04353,Nischal
2018-05-03 18:30:00,47.0,51.333332,28.41508,77.04353,Nischal
2018-05-03 18:45:00,40.333332,45.333332,28.41508,77.04353,Nischal
2018-05-03 19:00:00,47.333332,54.33333199999999,28.41508,77.04353,Nischal
2018-05-03 19:15:00,45.333332,51.666668,28.41508,77.04353,Nischal
2018-05-03 19:30:00,44.333332,54.0,28.41508,77.04353,Nischal
2018-05-03 19:45:00,44.666668,52.333332,28.41508,77.04353,Nischal
2018-05-03 20:00:00,44.666668,51.333332,28.41508,77.04353,Nischal
2018-05-03 20:15:00,47.0,53.0,28.41508,77.04353,Nischal
2018-05-03 20:30:00,48.333332,55.33333199999999,28.41508,77.04353,Nischal
2018-05-03 20:45:00,44.333332,51.0,28.41508,77.04353,Nischal
2018-05-03 21:00:00,42.666668,48.666668,28.41508,77.04353,Nischal
2018-05-03 21:15:00,39.666668,45.333332,28.41508,77.04353,Nischal
2018-05-03 21:30:00,36.666668,43.666668,28.41508,77.04353,Nischal
2018-05-03 21:45:00,33.0,37.333332,28.41508,77.04353,Nischal
2018-05-03 22:00:00,32.0,35.333332,28.41508,77.04353,Nischal
2018-05-03 22:15:00,30.333334000000004,34.666668,28.41508,77.04353,Nischal
2018-05-03 22:30:00,29.666665999999996,34.0,28.41508,77.04353,Nischal
2018-05-03 22:45:00,26.666665999999996,30.0,28.41508,77.04353,Nischal
2018-05-03 23:00:00,24.666666,27.0,28.41508,77.04353,Nischal
2018-05-03 23:15:00,26.0,29.0,28.41508,77.04353,Nischal
2018-05-03 23:30:00,30.0,33.333332,28.41508,77.04353,Nischal
2018-05-03 23:45:00,28.0,31.333334000000004,28.41508,77.04353,Nischal
2018-05-04 00:00:00,31.333334000000004,36.666668,28.41508,77.04353,Nischal
2018-05-04 00:15:00,33.0,34.666668,28.41508,77.04353,Nischal
2018-05-04 00:30:00,32.333332,35.0,28.41508,77.04353,Nischal
2018-05-04 00:45:00,36.333332,40.333332,28.41508,77.04353,Nischal
2018-05-04 01:00:00,40.333332,44.333332,28.41508,77.04353,Nischal
2018-05-04 01:15:00,42.0,49.333332,28.41508,77.04353,Nischal
2018-05-04 01:30:00,42.666668,46.333332,28.41508,77.04353,Nischal
2018-05-04 01:45:00,41.333332,45.333332,28.41508,77.04353,Nischal
2018-05-04 02:00:00,44.666668,49.666668,28.41508,77.04353,Nischal
2018-05-04 02:15:00,43.0,46.0,28.41508,77.04353,Nischal
2018-05-04 02:30:00,46.0,48.666668,28.41508,77.04353,Nischal
2018-05-04 02:45:00,46.333332,51.333332,28.41508,77.04353,Nischal
2018-05-04 03:00:00,46.666668,52.333332,28.41508,77.04353,Nischal
2018-05-04 03:15:00,53.33333199999999,57.66666800000001,28.41508,77.04353,Nischal
2018-05-04 03:30:00,51.0,57.0,28.41508,77.04353,Nischal
2018-05-04 03:45:00,48.666668,53.0,28.41508,77.04353,Nischal
2018-05-04 04:00:00,50.333332,55.66666800000001,28.41508,77.04353,Nischal
2018-05-04 04:15:00,57.33333199999999,65.666664,28.41508,77.04353,Nischal
2018-05-04 04:30:00,54.66666800000001,60.33333199999999,28.41508,77.04353,Nischal
2018-05-04 04:45:00,390.33333999999996,512.3333,28.41508,77.04353,Nischal
2018-05-04 05:00:00,434.33334,554.6667,28.41508,77.04353,Nischal
2018-05-04 05:15:00,190.33333000000002,230.66667,28.41508,77.04353,Nischal
2018-05-04 05:30:00,48.666668,53.0,28.41508,77.04353,Nischal
2018-05-04 05:45:00,45.666668,52.0,28.41508,77.04353,Nischal
2018-05-04 06:00:00,44.0,48.666668,28.41508,77.04353,Nischal
2018-05-04 06:15:00,41.666668,45.0,28.41508,77.04353,Nischal
2018-05-04 06:30:00,44.333332,48.333332,28.41508,77.04353,Nischal
2018-05-04 06:45:00,116.66666399999998,137.33333000000002,28.41508,77.04353,Nischal
2018-05-04 07:00:00,160.66666999999998,186.0,28.41508,77.04353,Nischal
2018-05-04 07:15:00,72.0,81.0,28.41508,77.04353,Nischal
2018-05-04 07:30:00,52.333332,57.66666800000001,28.41508,77.04353,Nischal
2018-05-04 07:45:00,47.666668,53.66666800000001,28.41508,77.04353,Nischal
2018-05-04 08:00:00,43.666668,47.0,28.41508,77.04353,Nischal
2018-05-04 08:15:00,41.666668,45.666668,28.41508,77.04353,Nischal
2018-05-04 08:30:00,37.333332,42.0,28.41508,77.04353,Nischal
2018-05-04 08:45:00,35.666668,39.333332,28.41508,77.04353,Nischal
2018-05-04 09:00:00,33.333332,35.333332,28.41508,77.04353,Nischal
2018-05-04 09:15:00,37.0,40.666668,28.41508,77.04353,Nischal
2018-05-04 09:30:00,33.333332,37.333332,28.41508,77.04353,Nischal
2018-05-04 09:45:00,34.333332,37.0,28.41508,77.04353,Nischal
2018-05-04 10:00:00,34.0,37.0,28.41508,77.04353,Nischal
2018-05-04 10:15:00,35.333332,37.666668,28.41508,77.04353,Nischal
2018-05-04 10:30:00,43.5,48.0,28.41508,77.04353,Nischal
2018-05-04 10:45:00,42.333332,47.0,28.41508,77.04353,Nischal
2018-05-04 11:00:00,41.333332,46.333332,28.41508,77.04353,Nischal
2018-05-04 11:15:00,37.333332,40.666668,28.41508,77.04353,Nischal
2018-05-04 11:30:00,41.666668,47.0,28.41508,77.04353,Nischal
2018-05-04 11:45:00,41.0,46.0,28.41508,77.04353,Nischal
2018-05-04 12:00:00,43.333332,48.0,28.41508,77.04353,Nischal
2018-05-04 12:15:00,40.5,44.0,28.41508,77.04353,Nischal
2018-05-04 12:30:00,43.0,48.666668,28.41508,77.04353,Nischal
2018-05-04 12:45:00,42.0,47.666668,28.41508,77.04353,Nischal
2018-05-04 13:00:00,42.666668,49.666668,28.41508,77.04353,Nischal
2018-05-04 13:15:00,43.333332,49.666668,28.41508,77.04353,Nischal
2018-05-04 13:30:00,46.333332,55.33333199999999,28.41508,77.04353,Nischal
2018-05-04 13:45:00,52.333332,55.66666800000001,28.41508,77.04353,Nischal
2018-05-04 14:00:00,60.33333199999999,64.333336,28.41508,77.04353,Nischal
2018-05-04 14:15:00,55.66666800000001,60.66666800000001,28.41508,77.04353,Nischal
2018-05-04 14:30:00,50.333332,57.66666800000001,28.41508,77.04353,Nischal
2018-05-04 14:45:00,52.66666800000001,57.33333199999999,28.41508,77.04353,Nischal
2018-05-04 15:00:00,56.33333199999999,60.66666800000001,28.41508,77.04353,Nischal
2018-05-04 15:15:00,59.0,64.333336,28.41508,77.04353,Nischal
2018-05-04 15:30:00,67.0,73.333336,28.41508,77.04353,Nischal
2018-05-04 15:45:00,67.666664,75.333336,28.41508,77.04353,Nischal
2018-05-04 16:00:00,65.0,73.666664,28.41508,77.04353,Nischal
2018-05-04 16:15:00,65.666664,70.0,28.41508,77.04353,Nischal
2018-05-04 16:30:00,66.0,71.666664,28.41508,77.04353,Nischal
2018-05-04 16:45:00,64.666664,69.666664,28.41508,77.04353,Nischal
2018-05-04 17:00:00,68.333336,79.666664,28.41508,77.04353,Nischal
2018-05-04 17:15:00,65.0,70.666664,28.41508,77.04353,Nischal
2018-05-04 17:30:00,64.333336,72.0,28.41508,77.04353,Nischal
2018-05-04 17:45:00,68.333336,78.0,28.41508,77.04353,Nischal
2018-05-04 18:00:00,64.0,71.0,28.41508,77.04353,Nischal
2018-05-04 18:15:00,62.0,69.0,28.41508,77.04353,Nischal
2018-05-04 18:30:00,59.0,66.333336,28.41508,77.04353,Nischal
2018-05-04 18:45:00,58.33333199999999,63.66666800000001,28.41508,77.04353,Nischal
2018-05-04 19:00:00,85.0,96.0,28.41508,77.04353,Nischal
2018-05-04 19:15:00,70.0,77.666664,28.41508,77.04353,Nischal
2018-05-04 19:30:00,67.0,74.333336,28.41508,77.04353,Nischal
2018-05-04 19:45:00,67.333336,75.333336,28.41508,77.04353,Nischal
2018-05-04 20:00:00,67.333336,77.333336,28.41508,77.04353,Nischal
2018-05-04 20:15:00,65.666664,72.666664,28.41508,77.04353,Nischal
2018-05-04 20:30:00,66.333336,71.666664,28.41508,77.04353,Nischal
2018-05-04 20:45:00,68.0,73.0,28.41508,77.04353,Nischal
2018-05-04 21:00:00,68.333336,77.0,28.41508,77.04353,Nischal
2018-05-04 21:15:00,65.0,70.666664,28.41508,77.04353,Nischal
2018-05-04 21:30:00,63.0,68.0,28.41508,77.04353,Nischal
2018-05-04 21:45:00,62.66666800000001,70.333336,28.41508,77.04353,Nischal
2018-05-04 22:00:00,60.66666800000001,68.333336,28.41508,77.04353,Nischal
2018-05-04 22:15:00,63.33333199999999,70.0,28.41508,77.04353,Nischal
2018-05-04 22:30:00,60.33333199999999,71.666664,28.41508,77.04353,Nischal
2018-05-04 22:45:00,64.0,72.333336,28.41508,77.04353,Nischal
2018-05-04 23:00:00,58.33333199999999,64.333336,28.41508,77.04353,Nischal
2018-05-04 23:15:00,60.0,66.0,28.41508,77.04353,Nischal
2018-05-04 23:30:00,64.0,69.666664,28.41508,77.04353,Nischal
2018-05-04 23:45:00,63.33333199999999,70.0,28.41508,77.04353,Nischal
2018-05-05 00:00:00,63.33333199999999,70.0,28.41508,77.04353,Nischal
2018-05-05 00:15:00,62.0,71.0,28.41508,77.04353,Nischal
2018-05-05 00:30:00,59.33333199999999,65.0,28.41508,77.04353,Nischal
2018-05-05 00:45:00,58.33333199999999,65.333336,28.41508,77.04353,Nischal
2018-05-05 01:00:00,58.33333199999999,64.0,28.41508,77.04353,Nischal
2018-05-05 01:15:00,60.33333199999999,67.0,28.41508,77.04353,Nischal
2018-05-05 01:30:00,64.333336,75.0,28.41508,77.04353,Nischal
2018-05-05 01:45:00,63.33333199999999,70.666664,28.41508,77.04353,Nischal
2018-05-05 02:00:00,65.333336,74.333336,28.41508,77.04353,Nischal
2018-05-05 02:15:00,64.333336,71.666664,28.41508,77.04353,Nischal
2018-05-05 02:30:00,61.0,67.666664,28.41508,77.04353,Nischal
2018-05-05 02:45:00,54.33333199999999,60.33333199999999,28.41508,77.04353,Nischal
2018-05-05 03:00:00,81.333336,89.0,28.41508,77.04353,Nischal
2018-05-05 03:15:00,69.666664,79.333336,28.41508,77.04353,Nischal
2018-05-05 03:30:00,94.666664,106.66666399999998,28.41508,77.04353,Nischal
2018-05-05 03:45:00,70.666664,79.333336,28.41508,77.04353,Nischal
2018-05-05 04:00:00,62.33333199999999,69.333336,28.41508,77.04353,Nischal
2018-05-05 04:15:00,55.0,60.66666800000001,28.41508,77.04353,Nischal
2018-05-05 04:30:00,57.33333199999999,61.66666800000001,28.41508,77.04353,Nischal
2018-05-05 04:45:00,56.66666800000001,61.0,28.41508,77.04353,Nischal
2018-05-05 05:00:00,54.33333199999999,59.66666800000001,28.41508,77.04353,Nischal
2018-05-05 05:15:00,55.66666800000001,61.33333199999999,28.41508,77.04353,Nischal
2018-05-05 05:30:00,50.333332,56.33333199999999,28.41508,77.04353,Nischal
2018-05-05 05:45:00,44.666668,49.0,28.41508,77.04353,Nischal
2018-05-05 06:00:00,44.0,46.666668,28.41508,77.04353,Nischal
2018-05-05 06:15:00,39.666668,43.333332,28.41508,77.04353,Nischal
2018-05-05 06:30:00,37.333332,40.666668,28.41508,77.04353,Nischal
2018-05-05 06:45:00,36.333332,39.666668,28.41508,77.04353,Nischal
2018-05-05 07:00:00,40.0,42.666668,28.41508,77.04353,Nischal
2018-05-05 07:15:00,41.333332,44.666668,28.41508,77.04353,Nischal
2018-05-05 07:30:00,65.666664,75.0,28.41508,77.04353,Nischal
2018-05-05 07:45:00,60.0,66.333336,28.41508,77.04353,Nischal
2018-05-05 08:00:00,44.333332,50.333332,28.41508,77.04353,Nischal
2018-05-05 08:15:00,40.666668,44.333332,28.41508,77.04353,Nischal
2018-05-05 08:30:00,39.0,41.666668,28.41508,77.04353,Nischal
2018-05-05 08:45:00,38.0,41.666668,28.41508,77.04353,Nischal
2018-05-05 09:00:00,40.666668,44.666668,28.41508,77.04353,Nischal
2018-05-05 09:15:00,41.333332,46.666668,28.41508,77.04353,Nischal
2018-05-05 09:30:00,56.33333199999999,64.0,28.41508,77.04353,Nischal
2018-05-05 09:45:00,51.666668,56.66666800000001,28.41508,77.04353,Nischal
2018-05-05 10:00:00,48.333332,53.0,28.41508,77.04353,Nischal
2018-05-05 10:15:00,44.666668,49.0,28.41508,77.04353,Nischal
2018-05-05 10:30:00,43.0,47.0,28.41508,77.04353,Nischal
2018-05-05 10:45:00,40.666668,44.333332,28.41508,77.04353,Nischal
2018-05-05 11:00:00,43.666668,49.333332,28.41508,77.04353,Nischal
2018-05-05 11:15:00,45.666668,51.0,28.41508,77.04353,Nischal
2018-05-05 11:30:00,46.666668,51.666668,28.41508,77.04353,Nischal
2018-05-05 11:45:00,45.333332,49.0,28.41508,77.04353,Nischal
2018-05-05 12:00:00,44.333332,50.666668,28.41508,77.04353,Nischal
2018-05-05 12:15:00,46.0,50.0,28.41508,77.04353,Nischal
2018-05-05 12:30:00,48.333332,52.66666800000001,28.41508,77.04353,Nischal
2018-05-05 12:45:00,51.0,55.0,28.41508,77.04353,Nischal
2018-05-05 13:00:00,56.33333199999999,63.0,28.41508,77.04353,Nischal
2018-05-05 13:15:00,56.33333199999999,62.66666800000001,28.41508,77.04353,Nischal
2018-05-05 13:30:00,61.66666800000001,68.333336,28.41508,77.04353,Nischal
2018-05-05 13:45:00,65.333336,73.0,28.41508,77.04353,Nischal
2018-05-05 14:00:00,67.666664,74.333336,28.41508,77.04353,Nischal
2018-05-05 14:15:00,71.0,80.0,28.41508,77.04353,Nischal
2018-05-05 14:30:00,76.666664,82.333336,28.41508,77.04353,Nischal
2018-05-05 14:45:00,83.333336,93.333336,28.41508,77.04353,Nischal
2018-05-05 15:00:00,88.666664,94.0,28.41508,77.04353,Nischal
2018-05-05 15:15:00,85.666664,92.333336,28.41508,77.04353,Nischal
2018-05-05 15:30:00,88.333336,98.666664,28.41508,77.04353,Nischal
2018-05-05 15:45:00,97.0,106.33333600000002,28.41508,77.04353,Nischal
2018-05-05 16:00:00,106.33333600000002,117.0,28.41508,77.04353,Nischal
2018-05-05 16:15:00,114.0,122.33333600000002,28.41508,77.04353,Nischal
2018-05-05 16:30:00,114.0,126.0,28.41508,77.04353,Nischal
2018-05-05 16:45:00,117.66666399999998,128.66666999999998,28.41508,77.04353,Nischal
2018-05-05 17:00:00,119.66666399999998,134.33333000000002,28.41508,77.04353,Nischal
2018-05-05 17:15:00,119.33333600000002,126.33333600000002,28.41508,77.04353,Nischal
2018-05-05 17:30:00,123.33333600000002,136.66666999999998,28.41508,77.04353,Nischal
2018-05-05 17:45:00,121.33333600000002,131.66666999999998,28.41508,77.04353,Nischal
2018-05-05 18:00:00,125.66666399999998,138.33333000000002,28.41508,77.04353,Nischal
2018-05-05 18:15:00,120.0,131.5,28.41508,77.04353,Nischal
2018-05-05 18:30:00,109.0,118.66666399999998,28.41508,77.04353,Nischal
2018-05-05 18:45:00,104.666664,113.66666399999998,28.41508,77.04353,Nischal
2018-05-05 19:00:00,119.0,131.0,28.41508,77.04353,Nischal
2018-05-05 19:15:00,117.0,129.33333000000002,28.41508,77.04353,Nischal
2018-05-05 19:30:00,115.0,124.0,28.41508,77.04353,Nischal
2018-05-05 19:45:00,119.33333600000002,130.66666999999998,28.41508,77.04353,Nischal
2018-05-05 20:00:00,118.33333600000002,129.66666999999998,28.41508,77.04353,Nischal
2018-05-05 20:15:00,118.0,128.66666999999998,28.41508,77.04353,Nischal
2018-05-05 20:30:00,121.0,130.0,28.41508,77.04353,Nischal
2018-05-05 20:45:00,115.33333600000002,125.66666399999998,28.41508,77.04353,Nischal
2018-05-05 21:00:00,113.0,125.0,28.41508,77.04353,Nischal
2018-05-05 21:15:00,114.0,133.0,28.41508,77.04353,Nischal
2018-05-05 21:30:00,115.0,129.0,28.41508,77.04353,Nischal
2018-05-05 21:45:00,114.66666399999998,131.33333000000002,28.41508,77.04353,Nischal
2018-05-05 22:00:00,109.0,121.33333600000002,28.41508,77.04353,Nischal
2018-05-05 22:15:00,109.0,124.33333600000002,28.41508,77.04353,Nischal
2018-05-05 22:30:00,105.33333600000002,120.66666399999998,28.41508,77.04353,Nischal
2018-05-05 22:45:00,102.666664,115.33333600000002,28.41508,77.04353,Nischal
2018-05-05 23:00:00,100.0,111.0,28.41508,77.04353,Nischal
2018-05-05 23:15:00,108.66666399999998,126.66666399999998,28.41508,77.04353,Nischal
2018-05-05 23:30:00,108.33333600000002,123.33333600000002,28.41508,77.04353,Nischal
2018-05-05 23:45:00,109.33333600000002,120.66666399999998,28.41508,77.04353,Nischal
2018-05-06 00:00:00,111.33333600000002,123.66666399999998,28.41508,77.04353,Nischal
2018-05-06 00:15:00,122.0,144.0,28.41508,77.04353,Nischal
2018-05-06 00:30:00,121.66666399999998,146.0,28.41508,77.04353,Nischal
2018-05-06 00:45:00,125.0,150.0,28.41508,77.04353,Nischal
2018-05-06 01:00:00,127.66666399999998,145.0,28.41508,77.04353,Nischal
2018-05-06 01:15:00,130.0,154.66666999999998,28.41508,77.04353,Nischal
2018-05-06 01:30:00,137.33333000000002,162.0,28.41508,77.04353,Nischal
2018-05-06 01:45:00,158.33333000000002,189.0,28.41508,77.04353,Nischal
2018-05-06 02:00:00,180.66666999999998,210.66667,28.41508,77.04353,Nischal
2018-05-06 02:15:00,175.0,205.33333000000002,28.41508,77.04353,Nischal
2018-05-06 02:30:00,193.66666999999998,229.66667,28.41508,77.04353,Nischal
2018-05-06 02:45:00,200.0,243.0,28.41508,77.04353,Nischal
2018-05-06 03:00:00,259.0,314.0,28.41508,77.04353,Nischal
2018-05-06 03:15:00,291.33333999999996,348.0,28.41508,77.04353,Nischal
2018-05-06 03:30:00,306.66666000000004,371.0,28.41508,77.04353,Nischal
2018-05-06 03:45:00,342.0,416.33333999999996,28.41508,77.04353,Nischal
2018-05-06 04:00:00,304.66666000000004,367.66666000000004,28.41508,77.04353,Nischal
2018-05-06 04:15:00,231.0,266.0,28.41508,77.04353,Nischal
2018-05-06 04:30:00,187.0,214.33333,28.41508,77.04353,Nischal
2018-05-06 04:45:00,147.33333000000002,167.33333000000002,28.41508,77.04353,Nischal
2018-05-06 05:00:00,109.66666399999998,124.0,28.41508,77.04353,Nischal
2018-05-06 05:15:00,75.333336,86.666664,28.41508,77.04353,Nischal
2018-05-06 05:30:00,65.0,72.666664,28.41508,77.04353,Nischal
2018-05-06 05:45:00,69.333336,76.333336,28.41508,77.04353,Nischal
2018-05-06 06:00:00,103.0,121.0,28.41508,77.04353,Nischal
2018-05-06 06:15:00,109.0,127.66666399999998,28.41508,77.04353,Nischal
2018-05-06 06:30:00,79.0,88.333336,28.41508,77.04353,Nischal
2018-05-06 06:45:00,49.333332,58.0,28.41508,77.04353,Nischal
2018-05-06 07:00:00,47.333332,53.0,28.41508,77.04353,Nischal
2018-05-06 07:15:00,48.333332,53.66666800000001,28.41508,77.04353,Nischal
2018-05-06 07:30:00,48.666668,56.33333199999999,28.41508,77.04353,Nischal
2018-05-06 07:45:00,47.0,53.66666800000001,28.41508,77.04353,Nischal
2018-05-06 08:00:00,48.333332,52.66666800000001,28.41508,77.04353,Nischal
2018-05-06 08:15:00,45.5,50.5,28.41508,77.04353,Nischal
2018-05-06 08:30:00,36.5,38.0,28.41508,77.04353,Nischal
2018-05-06 08:45:00,34.0,37.333332,28.41508,77.04353,Nischal
2018-05-06 09:00:00,38.0,43.333332,28.41508,77.04353,Nischal
2018-05-06 09:15:00,39.0,44.0,28.41508,77.04353,Nischal
2018-05-06 09:30:00,37.0,42.666668,28.41508,77.04353,Nischal
2018-05-06 09:45:00,36.333332,40.333332,28.41508,77.04353,Nischal
2018-05-06 10:00:00,27.333334000000004,30.666665999999996,28.41508,77.04353,Nischal
2018-05-06 10:15:00,26.333334000000004,30.0,28.41508,77.04353,Nischal
2018-05-06 10:30:00,20.0,23.0,28.41508,77.04353,Nischal
2018-05-06 10:45:00,19.333334,21.666666,28.41508,77.04353,Nischal
2018-05-06 11:00:00,16.666666,17.333334,28.41508,77.04353,Nischal
2018-05-06 11:15:00,15.666667000000002,18.0,28.41508,77.04353,Nischal
2018-05-06 11:30:00,16.333334,18.333334,28.41508,77.04353,Nischal
2018-05-06 11:45:00,17.0,19.333334,28.41508,77.04353,Nischal
2018-05-06 12:00:00,18.666666,19.333334,28.41508,77.04353,Nischal
2018-05-06 12:15:00,18.0,20.0,28.41508,77.04353,Nischal
2018-05-06 12:30:00,18.0,18.666666,28.41508,77.04353,Nischal
2018-05-06 12:45:00,18.333334,20.333334,28.41508,77.04353,Nischal
2018-05-06 13:00:00,17.666666,19.333334,28.41508,77.04353,Nischal
2018-05-06 13:15:00,20.333334,24.0,28.41508,77.04353,Nischal
2018-05-06 13:30:00,29.333334000000004,31.0,28.41508,77.04353,Nischal
2018-05-06 13:45:00,25.333334,28.333334000000004,28.41508,77.04353,Nischal
2018-05-06 14:00:00,19.666666,21.666666,28.41508,77.04353,Nischal
2018-05-06 14:15:00,19.0,21.333334,28.41508,77.04353,Nischal
2018-05-06 14:30:00,17.333334,19.333334,28.41508,77.04353,Nischal
2018-05-06 14:45:00,20.333334,23.0,28.41508,77.04353,Nischal
2018-05-06 15:00:00,19.333334,22.0,28.41508,77.04353,Nischal
2018-05-06 15:15:00,21.0,21.666666,28.41508,77.04353,Nischal
2018-05-06 15:30:00,23.333334,25.333334,28.41508,77.04353,Nischal
2018-05-06 15:45:00,24.0,26.5,28.41508,77.04353,Nischal
2018-05-06 16:00:00,24.666666,26.666665999999996,28.41508,77.04353,Nischal
2018-05-06 16:15:00,25.333334,27.666665999999996,28.41508,77.04353,Nischal
2018-05-06 16:30:00,25.0,28.0,28.41508,77.04353,Nischal
2018-05-06 16:45:00,25.666666,26.333334000000004,28.41508,77.04353,Nischal
2018-05-06 17:00:00,28.666665999999996,33.0,28.41508,77.04353,Nischal
2018-05-06 17:15:00,28.333334000000004,32.0,28.41508,77.04353,Nischal
2018-05-06 17:30:00,35.666668,40.0,28.41508,77.04353,Nischal
2018-05-06 17:45:00,41.333332,44.666668,28.41508,77.04353,Nischal
2018-05-06 18:00:00,42.333332,48.666668,28.41508,77.04353,Nischal
2018-05-06 18:15:00,48.0,54.33333199999999,28.41508,77.04353,Nischal
2018-05-06 18:30:00,49.666668,55.66666800000001,28.41508,77.04353,Nischal
2018-05-06 18:45:00,43.333332,49.666668,28.41508,77.04353,Nischal
2018-05-06 19:00:00,48.666668,52.0,28.41508,77.04353,Nischal
2018-05-06 19:15:00,58.66666800000001,64.0,28.41508,77.04353,Nischal
2018-05-06 19:30:00,80.0,88.666664,28.41508,77.04353,Nischal
2018-05-06 19:45:00,96.333336,112.33333600000002,28.41508,77.04353,Nischal
2018-05-06 20:00:00,88.0,100.666664,28.41508,77.04353,Nischal
2018-05-06 20:15:00,62.0,71.333336,28.41508,77.04353,Nischal
2018-05-06 20:30:00,53.33333199999999,59.0,28.41508,77.04353,Nischal
2018-05-06 20:45:00,47.333332,54.66666800000001,28.41508,77.04353,Nischal
2018-05-06 21:00:00,48.0,56.33333199999999,28.41508,77.04353,Nischal
2018-05-06 21:15:00,55.66666800000001,61.33333199999999,28.41508,77.04353,Nischal
2018-05-06 21:30:00,74.0,86.333336,28.41508,77.04353,Nischal
2018-05-06 21:45:00,89.0,106.66666399999998,28.41508,77.04353,Nischal
2018-05-06 22:00:00,102.333336,121.0,28.41508,77.04353,Nischal
2018-05-06 22:15:00,90.666664,105.0,28.41508,77.04353,Nischal
2018-05-06 22:30:00,73.666664,89.666664,28.41508,77.04353,Nischal
2018-05-06 22:45:00,67.666664,76.666664,28.41508,77.04353,Nischal
2018-05-06 23:00:00,56.66666800000001,62.33333199999999,28.41508,77.04353,Nischal
2018-05-06 23:15:00,50.666668,58.0,28.41508,77.04353,Nischal
2018-05-06 23:30:00,48.666668,56.0,28.41508,77.04353,Nischal
2018-05-06 23:45:00,53.0,58.33333199999999,28.41508,77.04353,Nischal
2018-05-07 00:00:00,56.66666800000001,65.0,28.41508,77.04353,Nischal
2018-05-07 00:15:00,67.333336,78.333336,28.41508,77.04353,Nischal
2018-05-07 00:30:00,71.666664,84.333336,28.41508,77.04353,Nischal
2018-05-07 00:45:00,78.0,83.333336,28.41508,77.04353,Nischal
2018-05-07 01:00:00,94.0,108.66666399999998,28.41508,77.04353,Nischal
2018-05-07 01:15:00,103.666664,114.33333600000002,28.41508,77.04353,Nischal
2018-05-07 01:30:00,106.33333600000002,122.0,28.41508,77.04353,Nischal
2018-05-07 01:45:00,109.33333600000002,122.66666399999998,28.41508,77.04353,Nischal
2018-05-07 02:00:00,112.33333600000002,132.33333000000002,28.41508,77.04353,Nischal
2018-05-07 02:15:00,98.666664,113.33333600000002,28.41508,77.04353,Nischal
2018-05-07 02:30:00,95.666664,112.0,28.41508,77.04353,Nischal
2018-05-07 02:45:00,89.333336,101.666664,28.41508,77.04353,Nischal
2018-05-07 03:00:00,95.333336,107.33333600000002,28.41508,77.04353,Nischal
2018-05-07 03:15:00,96.333336,106.33333600000002,28.41508,77.04353,Nischal
2018-05-07 03:30:00,93.666664,106.0,28.41508,77.04353,Nischal
2018-05-07 03:45:00,76.666664,87.333336,28.41508,77.04353,Nischal
2018-05-07 04:00:00,59.33333199999999,67.0,28.41508,77.04353,Nischal
2018-05-07 04:15:00,55.0,62.66666800000001,28.41508,77.04353,Nischal
2018-05-07 04:30:00,53.66666800000001,59.0,28.41508,77.04353,Nischal
2018-05-07 04:45:00,52.0,60.33333199999999,28.41508,77.04353,Nischal
2018-05-07 05:00:00,50.333332,57.0,28.41508,77.04353,Nischal
2018-05-07 05:15:00,49.0,53.66666800000001,28.41508,77.04353,Nischal
2018-05-07 05:30:00,53.33333199999999,62.0,28.41508,77.04353,Nischal
2018-05-07 05:45:00,57.33333199999999,64.666664,28.41508,77.04353,Nischal
2018-05-07 06:00:00,53.33333199999999,62.33333199999999,28.41508,77.04353,Nischal
2018-05-07 06:15:00,39.333332,46.333332,28.41508,77.04353,Nischal
2018-05-07 06:30:00,36.0,41.333332,28.41508,77.04353,Nischal
2018-05-07 06:45:00,38.333332,44.666668,28.41508,77.04353,Nischal
2018-05-07 07:00:00,39.666668,45.666668,28.41508,77.04353,Nischal
2018-05-07 07:15:00,41.666668,45.666668,28.41508,77.04353,Nischal
2018-05-07 07:30:00,41.333332,47.0,28.41508,77.04353,Nischal
2018-05-07 07:45:00,48.666668,56.66666800000001,28.41508,77.04353,Nischal
2018-05-07 08:00:00,57.0,65.5,28.41508,77.04353,Nischal
2018-05-07 08:15:00,57.66666800000001,69.333336,28.41508,77.04353,Nischal
2018-05-07 08:30:00,57.33333199999999,64.666664,28.41508,77.04353,Nischal
2018-05-07 08:45:00,66.0,76.0,28.41508,77.04353,Nischal
2018-05-07 09:00:00,64.666664,76.333336,28.41508,77.04353,Nischal
2018-05-07 09:15:00,58.66666800000001,66.666664,28.41508,77.04353,Nischal
2018-05-07 09:30:00,48.0,56.0,28.41508,77.04353,Nischal
2018-05-07 09:45:00,50.333332,59.66666800000001,28.41508,77.04353,Nischal
2018-05-07 10:00:00,55.33333199999999,63.66666800000001,28.41508,77.04353,Nischal
2018-05-07 10:15:00,54.0,61.0,28.41508,77.04353,Nischal
2018-05-07 10:30:00,54.0,61.0,28.41508,77.04353,Nischal
2018-05-07 10:45:00,53.66666800000001,59.66666800000001,28.41508,77.04353,Nischal
2018-05-07 11:00:00,56.0,64.666664,28.41508,77.04353,Nischal
2018-05-07 11:15:00,52.0,61.0,28.41508,77.04353,Nischal
2018-05-07 11:30:00,46.666668,56.33333199999999,28.41508,77.04353,Nischal
2018-05-07 11:45:00,45.333332,53.33333199999999,28.41508,77.04353,Nischal
2018-05-07 12:00:00,42.0,49.666668,28.41508,77.04353,Nischal
2018-05-07 12:15:00,43.333332,52.0,28.41508,77.04353,Nischal
2018-05-07 12:30:00,40.666668,50.666668,28.41508,77.04353,Nischal
2018-05-07 12:45:00,37.0,45.666668,28.41508,77.04353,Nischal
2018-05-07 13:00:00,36.0,43.0,28.41508,77.04353,Nischal
2018-05-07 13:15:00,36.666668,42.666668,28.41508,77.04353,Nischal
2018-05-07 13:30:00,37.666668,45.666668,28.41508,77.04353,Nischal
2018-05-07 13:45:00,41.333332,47.0,28.41508,77.04353,Nischal
2018-05-07 14:00:00,53.66666800000001,62.66666800000001,28.41508,77.04353,Nischal
2018-05-07 14:15:00,54.0,66.0,28.41508,77.04353,Nischal
2018-05-07 14:30:00,56.33333199999999,65.0,28.41508,77.04353,Nischal
2018-05-07 14:45:00,63.66666800000001,71.0,28.41508,77.04353,Nischal
2018-05-07 15:00:00,69.666664,79.333336,28.41508,77.04353,Nischal
2018-05-07 15:15:00,85.333336,97.666664,28.41508,77.04353,Nischal
2018-05-07 15:30:00,85.666664,99.0,28.41508,77.04353,Nischal
2018-05-07 15:45:00,88.333336,100.666664,28.41508,77.04353,Nischal
2018-05-07 16:00:00,94.0,106.33333600000002,28.41508,77.04353,Nischal
2018-05-07 16:15:00,109.0,130.66666999999998,28.41508,77.04353,Nischal
2018-05-07 16:30:00,123.33333600000002,137.0,28.41508,77.04353,Nischal
2018-05-07 16:45:00,133.66666999999998,153.66666999999998,28.41508,77.04353,Nischal
2018-05-07 17:00:00,123.0,142.0,28.41508,77.04353,Nischal
2018-05-07 17:15:00,117.66666399999998,134.66666999999998,28.41508,77.04353,Nischal
2018-05-07 17:30:00,143.0,182.0,28.41508,77.04353,Nischal
2018-05-07 17:45:00,133.0,173.0,28.41508,77.04353,Nischal
2018-05-07 18:00:00,99.333336,123.0,28.41508,77.04353,Nischal
2018-05-07 18:15:00,73.666664,88.0,28.41508,77.04353,Nischal
2018-05-07 18:30:00,61.33333199999999,77.666664,28.41508,77.04353,Nischal
2018-05-07 18:45:00,50.666668,57.33333199999999,28.41508,77.04353,Nischal
2018-05-07 19:00:00,45.666668,51.0,28.41508,77.04353,Nischal
2018-05-07 19:15:00,44.666668,50.0,28.41508,77.04353,Nischal
2018-05-07 19:30:00,38.666668,44.666668,28.41508,77.04353,Nischal
2018-05-07 19:45:00,32.0,34.666668,28.41508,77.04353,Nischal
2018-05-07 20:00:00,31.666665999999996,35.333332,28.41508,77.04353,Nischal
2018-05-07 20:15:00,24.666666,26.666665999999996,28.41508,77.04353,Nischal
2018-05-07 20:30:00,20.333334,24.0,28.41508,77.04353,Nischal
2018-05-07 20:45:00,16.0,18.666666,28.41508,77.04353,Nischal
2018-05-07 21:00:00,13.0,15.333332999999998,28.41508,77.04353,Nischal
2018-05-07 21:15:00,11.666667,13.0,28.41508,77.04353,Nischal
2018-05-07 21:30:00,12.0,12.333333,28.41508,77.04353,Nischal
2018-05-07 21:45:00,12.333333,13.0,28.41508,77.04353,Nischal
2018-05-07 22:00:00,12.333333,13.333332999999998,28.41508,77.04353,Nischal
2018-05-07 22:15:00,13.0,15.666667000000002,28.41508,77.04353,Nischal
2018-05-07 22:30:00,13.0,13.666667000000002,28.41508,77.04353,Nischal
2018-05-07 22:45:00,15.666667000000002,16.666666,28.41508,77.04353,Nischal
2018-05-07 23:00:00,16.333334,17.0,28.41508,77.04353,Nischal
2018-05-07 23:15:00,13.666667000000002,16.0,28.41508,77.04353,Nischal
2018-05-07 23:30:00,14.666667000000002,17.0,28.41508,77.04353,Nischal
2018-05-07 23:45:00,14.333332999999998,16.0,28.41508,77.04353,Nischal
2018-05-08 00:00:00,13.0,14.0,28.41508,77.04353,Nischal
2018-05-08 00:15:00,12.666667,16.666666,28.41508,77.04353,Nischal
2018-05-08 00:30:00,12.333333,14.333332999999998,28.41508,77.04353,Nischal
2018-05-08 00:45:00,11.666667,13.0,28.41508,77.04353,Nischal
2018-05-08 01:00:00,11.333333,13.0,28.41508,77.04353,Nischal
2018-05-08 01:15:00,9.333333,9.0,28.41508,77.04353,Nischal
2018-05-08 01:30:00,10.0,10.666667,28.41508,77.04353,Nischal
2018-05-08 01:45:00,12.0,14.333332999999998,28.41508,77.04353,Nischal
2018-05-08 02:00:00,12.0,12.666667,28.41508,77.04353,Nischal
2018-05-08 02:15:00,12.666667,15.333332999999998,28.41508,77.04353,Nischal
2018-05-08 02:30:00,14.0,16.333334,28.41508,77.04353,Nischal
2018-05-08 02:45:00,18.666666,22.0,28.41508,77.04353,Nischal
2018-05-08 03:00:00,19.0,22.333334,28.41508,77.04353,Nischal
2018-05-08 03:15:00,21.333334,25.333334,28.41508,77.04353,Nischal
2018-05-08 03:30:00,35.333332,38.666668,28.41508,77.04353,Nischal
2018-05-08 03:45:00,68.333336,82.666664,28.41508,77.04353,Nischal
2018-05-08 04:00:00,63.66666800000001,73.333336,28.41508,77.04353,Nischal
2018-05-08 04:15:00,60.0,68.333336,28.41508,77.04353,Nischal
2018-05-08 04:30:00,54.0,64.333336,28.41508,77.04353,Nischal
2018-05-08 04:45:00,37.0,44.0,28.41508,77.04353,Nischal
2018-05-08 05:00:00,30.333334000000004,34.0,28.41508,77.04353,Nischal
2018-05-08 05:15:00,27.666665999999996,31.333334000000004,28.41508,77.04353,Nischal
2018-05-08 05:30:00,22.0,27.333334000000004,28.41508,77.04353,Nischal
2018-05-08 05:45:00,33.333332,35.666668,28.41508,77.04353,Nischal
2018-05-08 06:00:00,27.333334000000004,31.666665999999996,28.41508,77.04353,Nischal
2018-05-08 06:15:00,24.333334,27.333334000000004,28.41508,77.04353,Nischal
2018-05-08 06:30:00,22.333334,25.666666,28.41508,77.04353,Nischal
2018-05-08 06:45:00,20.0,22.0,28.41508,77.04353,Nischal
2018-05-08 07:00:00,21.0,24.0,28.41508,77.04353,Nischal
2018-05-08 07:15:00,28.0,32.5,28.41508,77.04353,Nischal
2018-05-08 07:30:00,19.333334,22.0,28.41508,77.04353,Nischal
2018-05-08 07:45:00,26.333334000000004,33.666668,28.41508,77.04353,Nischal
2018-05-08 08:00:00,28.666665999999996,32.666668,28.41508,77.04353,Nischal
2018-05-08 08:15:00,46.0,50.0,28.41508,77.04353,Nischal
2018-05-08 08:30:00,41.0,45.333332,28.41508,77.04353,Nischal
2018-05-08 08:45:00,31.333334000000004,33.666668,28.41508,77.04353,Nischal
2018-05-08 09:00:00,24.333334,27.0,28.41508,77.04353,Nischal
2018-05-08 09:15:00,20.333334,23.333334,28.41508,77.04353,Nischal
2018-05-08 09:30:00,24.666666,30.0,28.41508,77.04353,Nischal
2018-05-08 09:45:00,23.333334,26.333334000000004,28.41508,77.04353,Nischal
2018-05-08 10:00:00,20.333334,23.666666,28.41508,77.04353,Nischal
2018-05-08 10:15:00,19.333334,21.666666,28.41508,77.04353,Nischal
2018-05-08 10:30:00,19.0,21.5,28.41508,77.04353,Nischal
2018-05-08 10:45:00,22.0,24.333334,28.41508,77.04353,Nischal
2018-05-08 11:00:00,21.0,24.666666,28.41508,77.04353,Nischal
2018-05-08 11:15:00,21.333334,22.666666,28.41508,77.04353,Nischal
2018-05-08 11:30:00,18.0,20.5,28.41508,77.04353,Nischal
2018-05-08 11:45:00,17.0,20.0,28.41508,77.04353,Nischal
2018-05-08 12:00:00,17.0,18.0,28.41508,77.04353,Nischal
2018-05-08 12:15:00,16.666666,20.0,28.41508,77.04353,Nischal
2018-05-08 12:30:00,15.333332999999998,18.0,28.41508,77.04353,Nischal
2018-05-08 12:45:00,14.666667000000002,16.333334,28.41508,77.04353,Nischal
2018-05-08 13:00:00,16.0,20.333334,28.41508,77.04353,Nischal
2018-05-08 13:15:00,15.0,18.0,28.41508,77.04353,Nischal
2018-05-08 13:30:00,19.666666,23.666666,28.41508,77.04353,Nischal
2018-05-08 13:45:00,34.0,42.333332,28.41508,77.04353,Nischal
2018-05-08 14:00:00,38.666668,46.0,28.41508,77.04353,Nischal
2018-05-08 14:15:00,32.666668,39.0,28.41508,77.04353,Nischal
2018-05-08 14:30:00,32.666668,39.0,28.41508,77.04353,Nischal
2018-05-08 14:45:00,38.0,43.0,28.41508,77.04353,Nischal
2018-05-08 15:00:00,37.0,42.333332,28.41508,77.04353,Nischal
2018-05-08 15:15:00,34.0,38.666668,28.41508,77.04353,Nischal
2018-05-08 15:30:00,40.666668,46.333332,28.41508,77.04353,Nischal
2018-05-08 15:45:00,41.666668,49.333332,28.41508,77.04353,Nischal
2018-05-08 16:00:00,53.0,61.33333199999999,28.41508,77.04353,Nischal
2018-05-08 16:15:00,51.0,58.33333199999999,28.41508,77.04353,Nischal
2018-05-08 16:30:00,38.333332,43.666668,28.41508,77.04353,Nischal
2018-05-08 16:45:00,33.333332,38.333332,28.41508,77.04353,Nischal
2018-05-08 17:00:00,30.333334000000004,36.333332,28.41508,77.04353,Nischal
2018-05-08 17:15:00,31.666665999999996,37.666668,28.41508,77.04353,Nischal
2018-05-08 17:30:00,32.0,41.0,28.41508,77.04353,Nischal
2018-05-08 17:45:00,35.0,41.666668,28.41508,77.04353,Nischal
2018-05-08 18:00:00,36.0,41.333332,28.41508,77.04353,Nischal
2018-05-08 18:15:00,34.0,41.0,28.41508,77.04353,Nischal
2018-05-08 18:30:00,35.666668,45.666668,28.41508,77.04353,Nischal
2018-05-08 18:45:00,35.0,41.333332,28.41508,77.04353,Nischal
2018-05-08 19:00:00,33.333332,37.666668,28.41508,77.04353,Nischal
2018-05-08 19:15:00,28.666665999999996,32.0,28.41508,77.04353,Nischal
2018-05-08 19:30:00,30.0,33.0,28.41508,77.04353,Nischal
2018-05-08 19:45:00,31.333334000000004,35.0,28.41508,77.04353,Nischal
2018-05-08 20:00:00,29.0,32.666668,28.41508,77.04353,Nischal
2018-05-08 20:15:00,25.666666,26.333334000000004,28.41508,77.04353,Nischal
2018-05-08 20:30:00,19.333334,21.333334,28.41508,77.04353,Nischal
2018-05-08 20:45:00,18.333334,20.666666,28.41508,77.04353,Nischal
2018-05-08 21:00:00,16.0,19.333334,28.41508,77.04353,Nischal
2018-05-08 21:15:00,18.333334,21.0,28.41508,77.04353,Nischal
2018-05-08 21:30:00,19.333334,21.333334,28.41508,77.04353,Nischal
2018-05-08 21:45:00,18.333334,20.333334,28.41508,77.04353,Nischal
2018-05-08 22:00:00,20.333334,22.666666,28.41508,77.04353,Nischal
2018-05-08 22:15:00,24.666666,28.0,28.41508,77.04353,Nischal
2018-05-08 22:30:00,26.666665999999996,29.0,28.41508,77.04353,Nischal
2018-05-08 22:45:00,25.333334,27.333334000000004,28.41508,77.04353,Nischal
2018-05-08 23:00:00,24.333334,24.666666,28.41508,77.04353,Nischal
2018-05-08 23:15:00,22.666666,24.666666,28.41508,77.04353,Nischal
2018-05-08 23:30:00,22.666666,24.666666,28.41508,77.04353,Nischal
2018-05-08 23:45:00,24.0,27.666665999999996,28.41508,77.04353,Nischal
2018-05-09 00:00:00,30.666665999999996,32.666668,28.41508,77.04353,Nischal
2018-05-09 00:15:00,32.666668,37.0,28.41508,77.04353,Nischal
2018-05-09 00:30:00,37.666668,42.333332,28.41508,77.04353,Nischal
2018-05-09 00:45:00,38.666668,42.666668,28.41508,77.04353,Nischal
2018-05-09 01:00:00,36.666668,41.0,28.41508,77.04353,Nischal
2018-05-09 01:15:00,39.333332,42.333332,28.41508,77.04353,Nischal
2018-05-09 01:30:00,41.0,45.0,28.41508,77.04353,Nischal
2018-05-09 01:45:00,38.666668,40.333332,28.41508,77.04353,Nischal
2018-05-09 02:00:00,44.0,48.333332,28.41508,77.04353,Nischal
2018-05-09 02:15:00,49.333332,54.33333199999999,28.41508,77.04353,Nischal
2018-05-09 02:30:00,56.33333199999999,63.0,28.41508,77.04353,Nischal
2018-05-09 02:45:00,60.0,67.0,28.41508,77.04353,Nischal
2018-05-09 03:00:00,74.0,85.0,28.41508,77.04353,Nischal
2018-05-09 03:15:00,75.333336,85.0,28.41508,77.04353,Nischal
2018-05-09 03:30:00,70.333336,78.333336,28.41508,77.04353,Nischal
2018-05-09 03:45:00,64.0,71.666664,28.41508,77.04353,Nischal
2018-05-09 04:00:00,57.33333199999999,62.0,28.41508,77.04353,Nischal
2018-05-09 04:15:00,75.333336,83.333336,28.41508,77.04353,Nischal
2018-05-09 04:30:00,78.666664,89.666664,28.41508,77.04353,Nischal
2018-05-09 04:45:00,61.66666800000001,69.333336,28.41508,77.04353,Nischal
2018-05-09 05:00:00,46.666668,54.66666800000001,28.41508,77.04353,Nischal
2018-05-09 05:15:00,47.0,49.666668,28.41508,77.04353,Nischal
2018-05-09 05:30:00,53.0,59.33333199999999,28.41508,77.04353,Nischal
2018-05-09 05:45:00,56.33333199999999,63.0,28.41508,77.04353,Nischal
2018-05-09 06:00:00,59.33333199999999,65.333336,28.41508,77.04353,Nischal
2018-05-09 06:15:00,70.0,78.333336,28.41508,77.04353,Nischal
2018-05-09 06:30:00,76.0,81.333336,28.41508,77.04353,Nischal
2018-05-09 06:45:00,81.0,89.333336,28.41508,77.04353,Nischal
2018-05-09 07:00:00,80.666664,90.0,28.41508,77.04353,Nischal
2018-05-09 07:15:00,77.666664,84.0,28.41508,77.04353,Nischal
2018-05-09 07:30:00,77.333336,86.0,28.41508,77.04353,Nischal
2018-05-09 07:45:00,78.5,88.0,28.41508,77.04353,Nischal
2018-05-09 08:00:00,74.333336,82.666664,28.41508,77.04353,Nischal
2018-05-09 08:15:00,67.0,73.666664,28.41508,77.04353,Nischal
2018-05-09 08:30:00,65.333336,73.0,28.41508,77.04353,Nischal
2018-05-09 08:45:00,65.0,70.333336,28.41508,77.04353,Nischal
2018-05-09 09:00:00,67.333336,73.333336,28.41508,77.04353,Nischal
2018-05-09 09:15:00,70.666664,79.666664,28.41508,77.04353,Nischal
2018-05-09 09:30:00,82.5,92.5,28.41508,77.04353,Nischal
2018-05-09 09:45:00,90.333336,100.0,28.41508,77.04353,Nischal
2018-05-09 10:00:00,100.333336,114.0,28.41508,77.04353,Nischal
2018-05-09 10:15:00,102.0,112.66666399999998,28.41508,77.04353,Nischal
2018-05-09 10:30:00,68.0,75.0,28.41508,77.04353,Nischal
2018-05-09 10:45:00,38.666668,43.333332,28.41508,77.04353,Nischal
2018-05-09 11:00:00,47.0,49.666668,28.41508,77.04353,Nischal
2018-05-09 11:15:00,45.0,48.333332,28.41508,77.04353,Nischal
2018-05-09 11:30:00,43.666668,47.0,28.41508,77.04353,Nischal
2018-05-09 11:45:00,43.333332,48.0,28.41508,77.04353,Nischal
2018-05-09 12:00:00,41.333332,46.0,28.41508,77.04353,Nischal
2018-05-09 12:15:00,28.333334000000004,31.0,28.41508,77.04353,Nischal
2018-05-09 12:30:00,29.666665999999996,32.666668,28.41508,77.04353,Nischal
2018-05-09 12:45:00,35.0,38.333332,28.41508,77.04353,Nischal
2018-05-09 13:00:00,38.666668,43.333332,28.41508,77.04353,Nischal
2018-05-09 13:15:00,49.333332,57.66666800000001,28.41508,77.04353,Nischal
2018-05-09 13:30:00,56.33333199999999,61.0,28.41508,77.04353,Nischal
2018-05-09 13:45:00,52.66666800000001,56.0,28.41508,77.04353,Nischal
2018-05-09 14:00:00,52.66666800000001,57.0,28.41508,77.04353,Nischal
2018-05-09 14:15:00,59.66666800000001,66.333336,28.41508,77.04353,Nischal
2018-05-09 14:30:00,76.0,81.333336,28.41508,77.04353,Nischal
2018-05-09 14:45:00,78.0,88.666664,28.41508,77.04353,Nischal
2018-05-09 15:00:00,86.666664,94.333336,28.41508,77.04353,Nischal
2018-05-09 15:15:00,84.666664,92.333336,28.41508,77.04353,Nischal
2018-05-09 15:30:00,90.333336,101.666664,28.41508,77.04353,Nischal
2018-05-09 15:45:00,100.333336,114.33333600000002,28.41508,77.04353,Nischal
2018-05-09 16:00:00,112.0,125.66666399999998,28.41508,77.04353,Nischal
2018-05-09 16:15:00,125.0,144.0,28.41508,77.04353,Nischal
2018-05-09 16:30:00,126.33333600000002,150.0,28.41508,77.04353,Nischal
2018-05-09 16:45:00,137.66666999999998,159.66666999999998,28.41508,77.04353,Nischal
2018-05-09 17:00:00,143.66666999999998,162.66666999999998,28.41508,77.04353,Nischal
2018-05-09 17:15:00,124.33333600000002,141.33333000000002,28.41508,77.04353,Nischal
2018-05-09 17:30:00,120.66666399999998,137.33333000000002,28.41508,77.04353,Nischal
2018-05-09 17:45:00,118.66666399999998,133.33333000000002,28.41508,77.04353,Nischal
2018-05-09 18:00:00,122.66666399999998,135.0,28.41508,77.04353,Nischal
2018-05-09 18:15:00,110.66666399999998,125.0,28.41508,77.04353,Nischal
2018-05-09 18:30:00,105.0,115.33333600000002,28.41508,77.04353,Nischal
2018-05-09 18:45:00,103.333336,115.0,28.41508,77.04353,Nischal
2018-05-09 19:00:00,105.66666399999998,117.33333600000002,28.41508,77.04353,Nischal
2018-05-09 19:15:00,99.333336,109.0,28.41508,77.04353,Nischal
2018-05-09 19:30:00,95.666664,106.33333600000002,28.41508,77.04353,Nischal
2018-05-09 19:45:00,86.0,96.0,28.41508,77.04353,Nischal
2018-05-09 20:00:00,88.666664,98.0,28.41508,77.04353,Nischal
2018-05-09 20:15:00,88.333336,101.333336,28.41508,77.04353,Nischal
2018-05-09 20:30:00,86.333336,95.0,28.41508,77.04353,Nischal
2018-05-09 20:45:00,85.666664,93.666664,28.41508,77.04353,Nischal
2018-05-09 21:00:00,83.0,91.666664,28.41508,77.04353,Nischal
2018-05-09 21:15:00,88.333336,98.333336,28.41508,77.04353,Nischal
2018-05-09 21:30:00,90.333336,105.66666399999998,28.41508,77.04353,Nischal
2018-05-09 21:45:00,83.0,94.0,28.41508,77.04353,Nischal
2018-05-09 22:00:00,80.0,91.666664,28.41508,77.04353,Nischal
2018-05-09 22:15:00,74.333336,85.0,28.41508,77.04353,Nischal
2018-05-09 22:30:00,72.666664,83.0,28.41508,77.04353,Nischal
2018-05-09 22:45:00,73.0,80.333336,28.41508,77.04353,Nischal
2018-05-09 23:00:00,68.0,80.333336,28.41508,77.04353,Nischal
2018-05-09 23:15:00,71.666664,79.666664,28.41508,77.04353,Nischal
2018-05-09 23:30:00,69.0,76.0,28.41508,77.04353,Nischal
2018-05-09 23:45:00,68.666664,76.333336,28.41508,77.04353,Nischal
2018-05-10 00:00:00,73.666664,83.333336,28.41508,77.04353,Nischal
2018-05-10 00:15:00,75.666664,85.666664,28.41508,77.04353,Nischal
2018-05-10 00:30:00,80.666664,91.0,28.41508,77.04353,Nischal
2018-05-10 00:45:00,84.333336,92.333336,28.41508,77.04353,Nischal
2018-05-10 01:00:00,93.666664,105.0,28.41508,77.04353,Nischal
2018-05-10 01:15:00,99.0,110.66666399999998,28.41508,77.04353,Nischal
2018-05-10 01:30:00,96.333336,106.0,28.41508,77.04353,Nischal
2018-05-10 01:45:00,100.0,113.0,28.41508,77.04353,Nischal
2018-05-10 02:00:00,110.0,124.0,28.41508,77.04353,Nischal
2018-05-10 02:15:00,108.0,118.66666399999998,28.41508,77.04353,Nischal
2018-05-10 02:30:00,104.333336,114.0,28.41508,77.04353,Nischal
2018-05-10 02:45:00,98.0,109.33333600000002,28.41508,77.04353,Nischal
2018-05-10 03:00:00,95.0,102.666664,28.41508,77.04353,Nischal
2018-05-10 03:15:00,92.0,103.0,28.41508,77.04353,Nischal
2018-05-10 03:30:00,86.666664,94.666664,28.41508,77.04353,Nischal
2018-05-10 03:45:00,77.666664,89.0,28.41508,77.04353,Nischal
2018-05-10 04:00:00,73.0,81.0,28.41508,77.04353,Nischal
2018-05-10 04:15:00,71.333336,76.666664,28.41508,77.04353,Nischal
2018-05-10 04:30:00,73.666664,79.666664,28.41508,77.04353,Nischal
2018-05-10 04:45:00,76.333336,84.333336,28.41508,77.04353,Nischal
2018-05-10 05:00:00,84.333336,92.333336,28.41508,77.04353,Nischal
2018-05-10 05:15:00,82.666664,91.333336,28.41508,77.04353,Nischal
2018-05-10 05:30:00,81.666664,85.666664,28.41508,77.04353,Nischal
2018-05-10 05:45:00,77.0,84.333336,28.41508,77.04353,Nischal
2018-05-10 06:00:00,76.0,81.0,28.41508,77.04353,Nischal
2018-05-10 06:15:00,89.0,93.666664,28.41508,77.04353,Nischal
2018-05-10 06:30:00,83.333336,91.0,28.41508,77.04353,Nischal
2018-05-10 06:45:00,80.0,84.0,28.41508,77.04353,Nischal
2018-05-10 07:00:00,79.0,85.0,28.41508,77.04353,Nischal
2018-05-10 07:15:00,78.0,83.0,28.41508,77.04353,Nischal
2018-05-10 07:30:00,70.0,75.0,28.41508,77.04353,Nischal
2018-05-10 07:45:00,68.666664,73.0,28.41508,77.04353,Nischal
2018-05-10 08:00:00,62.66666800000001,67.333336,28.41508,77.04353,Nischal
2018-05-10 08:15:00,64.0,70.666664,28.41508,77.04353,Nischal
2018-05-10 08:30:00,65.0,70.333336,28.41508,77.04353,Nischal
2018-05-10 08:45:00,63.66666800000001,69.333336,28.41508,77.04353,Nischal
2018-05-10 09:00:00,59.66666800000001,64.0,28.41508,77.04353,Nischal
2018-05-10 09:15:00,58.66666800000001,64.333336,28.41508,77.04353,Nischal
2018-05-10 09:30:00,56.33333199999999,60.66666800000001,28.41508,77.04353,Nischal
2018-05-10 09:45:00,58.66666800000001,64.0,28.41508,77.04353,Nischal
2018-05-10 10:00:00,51.0,54.33333199999999,28.41508,77.04353,Nischal
2018-05-10 10:15:00,51.666668,56.0,28.41508,77.04353,Nischal
2018-05-10 10:30:00,49.666668,53.0,28.41508,77.04353,Nischal
2018-05-10 10:45:00,53.0,55.33333199999999,28.41508,77.04353,Nischal
2018-05-10 11:00:00,61.0,65.0,28.41508,77.04353,Nischal
2018-05-10 11:15:00,56.33333199999999,59.33333199999999,28.41508,77.04353,Nischal
2018-05-10 11:30:00,57.33333199999999,60.66666800000001,28.41508,77.04353,Nischal
2018-05-10 11:45:00,55.66666800000001,59.66666800000001,28.41508,77.04353,Nischal
2018-05-10 12:00:00,59.66666800000001,63.66666800000001,28.41508,77.04353,Nischal
2018-05-10 12:15:00,58.0,60.5,28.41508,77.04353,Nischal
2018-05-10 12:30:00,62.33333199999999,67.0,28.41508,77.04353,Nischal
2018-05-10 12:45:00,70.0,76.333336,28.41508,77.04353,Nischal
2018-05-10 13:00:00,77.333336,81.333336,28.41508,77.04353,Nischal
2018-05-10 13:15:00,87.333336,93.0,28.41508,77.04353,Nischal
2018-05-10 13:30:00,91.666664,98.666664,28.41508,77.04353,Nischal
2018-05-10 13:45:00,96.0,105.33333600000002,28.41508,77.04353,Nischal
2018-05-10 14:00:00,100.0,109.66666399999998,28.41508,77.04353,Nischal
2018-05-10 14:15:00,105.66666399999998,113.33333600000002,28.41508,77.04353,Nischal
2018-05-10 14:30:00,111.0,121.33333600000002,28.41508,77.04353,Nischal
2018-05-10 14:45:00,110.66666399999998,120.66666399999998,28.41508,77.04353,Nischal
2018-05-10 15:00:00,120.0,127.0,28.41508,77.04353,Nischal
2018-05-10 15:15:00,132.0,144.0,28.41508,77.04353,Nischal
2018-05-10 15:30:00,126.66666399999998,137.66666999999998,28.41508,77.04353,Nischal
2018-05-10 15:45:00,133.33333000000002,145.0,28.41508,77.04353,Nischal
2018-05-10 16:00:00,139.33333000000002,151.0,28.41508,77.04353,Nischal
2018-05-10 16:15:00,146.0,158.0,28.41508,77.04353,Nischal
2018-05-10 16:30:00,151.66666999999998,170.66666999999998,28.41508,77.04353,Nischal
2018-05-10 16:45:00,156.0,172.33333000000002,28.41508,77.04353,Nischal
2018-05-10 17:00:00,150.33333000000002,172.33333000000002,28.41508,77.04353,Nischal
2018-05-10 17:15:00,107.0,115.66666399999998,28.41508,77.04353,Nischal
2018-05-10 17:30:00,86.333336,93.333336,28.41508,77.04353,Nischal
2018-05-10 17:45:00,83.333336,90.0,28.41508,77.04353,Nischal
2018-05-10 18:00:00,93.0,100.333336,28.41508,77.04353,Nischal
2018-05-10 18:15:00,120.0,135.0,28.41508,77.04353,Nischal
2018-05-10 18:30:00,122.33333600000002,132.33333000000002,28.41508,77.04353,Nischal
2018-05-10 18:45:00,129.0,139.33333000000002,28.41508,77.04353,Nischal
2018-05-10 19:00:00,128.66666999999998,140.66666999999998,28.41508,77.04353,Nischal
2018-05-10 19:15:00,136.0,147.0,28.41508,77.04353,Nischal
2018-05-10 19:30:00,143.33333000000002,156.33333000000002,28.41508,77.04353,Nischal
2018-05-10 19:45:00,143.66666999999998,157.66666999999998,28.41508,77.04353,Nischal
2018-05-10 20:00:00,144.0,160.33333000000002,28.41508,77.04353,Nischal
2018-05-10 20:15:00,136.66666999999998,150.66666999999998,28.41508,77.04353,Nischal
2018-05-10 20:30:00,133.0,148.33333000000002,28.41508,77.04353,Nischal
2018-05-10 20:45:00,131.0,145.0,28.41508,77.04353,Nischal
2018-05-10 21:00:00,128.0,137.66666999999998,28.41508,77.04353,Nischal
2018-05-10 21:15:00,125.0,134.66666999999998,28.41508,77.04353,Nischal
2018-05-10 21:30:00,124.0,130.33333000000002,28.41508,77.04353,Nischal
2018-05-10 21:45:00,119.66666399999998,130.33333000000002,28.41508,77.04353,Nischal
2018-05-10 22:00:00,123.33333600000002,134.33333000000002,28.41508,77.04353,Nischal
2018-05-10 22:15:00,123.0,136.66666999999998,28.41508,77.04353,Nischal
2018-05-10 22:30:00,118.33333600000002,129.0,28.41508,77.04353,Nischal
2018-05-10 22:45:00,110.33333600000002,119.33333600000002,28.41508,77.04353,Nischal
2018-05-10 23:00:00,114.0,125.0,28.41508,77.04353,Nischal
2018-05-10 23:15:00,115.66666399999998,125.33333600000002,28.41508,77.04353,Nischal
2018-05-10 23:30:00,114.33333600000002,125.66666399999998,28.41508,77.04353,Nischal
2018-05-10 23:45:00,114.66666399999998,121.66666399999998,28.41508,77.04353,Nischal
2018-05-11 00:00:00,116.33333600000002,126.0,28.41508,77.04353,Nischal
2018-05-11 00:15:00,117.66666399999998,125.66666399999998,28.41508,77.04353,Nischal
2018-05-11 00:30:00,122.0,130.0,28.41508,77.04353,Nischal
2018-05-11 00:45:00,124.66666399999998,137.0,28.41508,77.04353,Nischal
2018-05-11 01:00:00,128.66666999999998,142.33333000000002,28.41508,77.04353,Nischal
2018-05-11 01:15:00,150.66666999999998,165.66666999999998,28.41508,77.04353,Nischal
2018-05-11 01:30:00,162.33333000000002,182.0,28.41508,77.04353,Nischal
2018-05-11 01:45:00,156.0,174.33333000000002,28.41508,77.04353,Nischal
2018-05-11 02:00:00,159.66666999999998,177.33333000000002,28.41508,77.04353,Nischal
2018-05-11 02:15:00,155.0,170.66666999999998,28.41508,77.04353,Nischal
2018-05-11 02:30:00,150.0,172.66666999999998,28.41508,77.04353,Nischal
2018-05-11 02:45:00,150.0,168.66666999999998,28.41508,77.04353,Nischal
2018-05-11 03:00:00,152.66666999999998,175.0,28.41508,77.04353,Nischal
2018-05-11 03:15:00,162.5,187.5,28.41508,77.04353,Nischal
2018-05-11 03:30:00,164.66666999999998,192.66666999999998,28.41508,77.04353,Nischal
2018-05-11 03:45:00,165.0,184.33333000000002,28.41508,77.04353,Nischal
2018-05-11 04:00:00,158.66666999999998,179.66666999999998,28.41508,77.04353,Nischal
2018-05-11 04:15:00,158.0,177.66666999999998,28.41508,77.04353,Nischal
2018-05-11 04:30:00,152.66666999999998,165.66666999999998,28.41508,77.04353,Nischal
2018-05-11 04:45:00,139.66666999999998,150.66666999999998,28.41508,77.04353,Nischal
2018-05-11 05:00:00,121.0,130.5,28.41508,77.04353,Nischal
2018-05-11 05:15:00,125.33333600000002,137.66666999999998,28.41508,77.04353,Nischal
2018-05-11 05:30:00,122.33333600000002,134.66666999999998,28.41508,77.04353,Nischal
2018-05-11 05:45:00,125.0,138.66666999999998,28.41508,77.04353,Nischal
2018-05-11 06:00:00,116.0,127.66666399999998,28.41508,77.04353,Nischal
2018-05-11 06:15:00,111.0,117.66666399999998,28.41508,77.04353,Nischal
2018-05-11 06:30:00,112.66666399999998,121.66666399999998,28.41508,77.04353,Nischal
2018-05-11 06:45:00,115.66666399999998,125.0,28.41508,77.04353,Nischal
2018-05-11 07:00:00,120.66666399999998,133.33333000000002,28.41508,77.04353,Nischal
2018-05-11 07:15:00,118.0,127.66666399999998,28.41508,77.04353,Nischal
2018-05-11 07:30:00,114.33333600000002,126.0,28.41508,77.04353,Nischal
2018-05-11 07:45:00,102.666664,112.66666399999998,28.41508,77.04353,Nischal
2018-05-11 08:00:00,99.0,108.33333600000002,28.41508,77.04353,Nischal
2018-05-11 08:15:00,85.0,90.666664,28.41508,77.04353,Nischal
2018-05-11 08:30:00,81.0,90.0,28.41508,77.04353,Nischal
2018-05-11 08:45:00,72.0,79.666664,28.41508,77.04353,Nischal
2018-05-11 09:00:00,71.666664,78.333336,28.41508,77.04353,Nischal
2018-05-11 09:15:00,69.666664,75.333336,28.41508,77.04353,Nischal
2018-05-11 09:30:00,65.666664,70.333336,28.41508,77.04353,Nischal
2018-05-11 09:45:00,61.0,66.0,28.41508,77.04353,Nischal
2018-05-11 10:00:00,61.66666800000001,67.333336,28.41508,77.04353,Nischal
2018-05-11 10:15:00,63.66666800000001,68.0,28.41508,77.04353,Nischal
2018-05-11 10:30:00,60.5,70.0,28.41508,77.04353,Nischal
2018-05-11 10:45:00,55.33333199999999,59.66666800000001,28.41508,77.04353,Nischal
2018-05-11 11:00:00,60.66666800000001,66.0,28.41508,77.04353,Nischal
2018-05-11 11:15:00,62.0,70.0,28.41508,77.04353,Nischal
2018-05-11 11:30:00,60.33333199999999,67.333336,28.41508,77.04353,Nischal
2018-05-11 11:45:00,57.33333199999999,61.33333199999999,28.41508,77.04353,Nischal
2018-05-11 12:00:00,54.33333199999999,58.66666800000001,28.41508,77.04353,Nischal
2018-05-11 12:15:00,55.33333199999999,59.66666800000001,28.41508,77.04353,Nischal
2018-05-11 12:30:00,60.33333199999999,65.666664,28.41508,77.04353,Nischal
2018-05-11 12:45:00,62.33333199999999,67.666664,28.41508,77.04353,Nischal
2018-05-11 13:00:00,64.666664,72.0,28.41508,77.04353,Nischal
2018-05-11 13:15:00,67.666664,72.0,28.41508,77.04353,Nischal
2018-05-11 13:30:00,80.333336,88.666664,28.41508,77.04353,Nischal
2018-05-11 13:45:00,108.33333600000002,121.0,28.41508,77.04353,Nischal
2018-05-11 14:00:00,113.66666399999998,125.33333600000002,28.41508,77.04353,Nischal
2018-05-11 14:15:00,114.66666399999998,129.33333000000002,28.41508,77.04353,Nischal
2018-05-11 14:30:00,120.33333600000002,131.0,28.41508,77.04353,Nischal
2018-05-11 14:45:00,126.33333600000002,140.33333000000002,28.41508,77.04353,Nischal
2018-05-11 15:00:00,120.0,131.66666999999998,28.41508,77.04353,Nischal
2018-05-11 15:15:00,120.0,133.33333000000002,28.41508,77.04353,Nischal
2018-05-11 15:30:00,132.66666999999998,144.0,28.41508,77.04353,Nischal
2018-05-11 15:45:00,135.0,148.66666999999998,28.41508,77.04353,Nischal
2018-05-11 16:00:00,145.33333000000002,159.0,28.41508,77.04353,Nischal
2018-05-11 16:15:00,149.66666999999998,165.66666999999998,28.41508,77.04353,Nischal
2018-05-11 16:30:00,146.33333000000002,160.0,28.41508,77.04353,Nischal
2018-05-11 16:45:00,151.0,169.33333000000002,28.41508,77.04353,Nischal
2018-05-11 17:00:00,158.0,173.0,28.41508,77.04353,Nischal
2018-05-11 17:15:00,164.0,176.33333000000002,28.41508,77.04353,Nischal
2018-05-11 17:30:00,172.0,191.33333000000002,28.41508,77.04353,Nischal
2018-05-11 17:45:00,174.0,192.66666999999998,28.41508,77.04353,Nischal
2018-05-11 18:00:00,174.0,194.33333000000002,28.41508,77.04353,Nischal
2018-05-11 18:15:00,169.66666999999998,186.66666999999998,28.41508,77.04353,Nischal
2018-05-11 18:30:00,171.33333000000002,187.0,28.41508,77.04353,Nischal
2018-05-11 18:45:00,169.66666999999998,189.0,28.41508,77.04353,Nischal
2018-05-11 19:00:00,169.66666999999998,186.66666999999998,28.41508,77.04353,Nischal
2018-05-11 19:15:00,178.66666999999998,196.0,28.41508,77.04353,Nischal
2018-05-11 19:30:00,188.33333000000002,207.0,28.41508,77.04353,Nischal
2018-05-11 19:45:00,191.0,210.66667,28.41508,77.04353,Nischal
2018-05-11 20:00:00,184.0,205.0,28.41508,77.04353,Nischal
2018-05-11 20:15:00,176.0,198.33333000000002,28.41508,77.04353,Nischal
2018-05-11 20:30:00,180.66666999999998,203.33333000000002,28.41508,77.04353,Nischal
2018-05-11 20:45:00,185.0,209.33333000000002,28.41508,77.04353,Nischal
2018-05-11 21:00:00,192.0,222.33333,28.41508,77.04353,Nischal
2018-05-11 21:15:00,190.5,222.5,28.41508,77.04353,Nischal
2018-05-11 21:30:00,182.66666999999998,208.33333000000002,28.41508,77.04353,Nischal
2018-05-11 21:45:00,170.66666999999998,190.0,28.41508,77.04353,Nischal
2018-05-11 22:00:00,159.33333000000002,176.66666999999998,28.41508,77.04353,Nischal
2018-05-11 22:15:00,153.66666999999998,171.66666999999998,28.41508,77.04353,Nischal
2018-05-11 22:30:00,156.33333000000002,174.0,28.41508,77.04353,Nischal
2018-05-11 22:45:00,152.33333000000002,170.0,28.41508,77.04353,Nischal
2018-05-11 23:00:00,163.33333000000002,180.33333000000002,28.41508,77.04353,Nischal
2018-05-11 23:15:00,157.33333000000002,176.33333000000002,28.41508,77.04353,Nischal
2018-05-11 23:30:00,155.33333000000002,172.66666999999998,28.41508,77.04353,Nischal
2018-05-11 23:45:00,156.0,175.66666999999998,28.41508,77.04353,Nischal
2018-05-12 00:00:00,157.33333000000002,176.0,28.41508,77.04353,Nischal
2018-05-12 00:15:00,152.33333000000002,168.33333000000002,28.41508,77.04353,Nischal
2018-05-12 00:30:00,157.0,171.66666999999998,28.41508,77.04353,Nischal
2018-05-12 00:45:00,161.0,183.33333000000002,28.41508,77.04353,Nischal
2018-05-12 01:00:00,166.66666999999998,188.33333000000002,28.41508,77.04353,Nischal
2018-05-12 01:15:00,159.33333000000002,178.0,28.41508,77.04353,Nischal
2018-05-12 01:30:00,160.33333000000002,180.33333000000002,28.41508,77.04353,Nischal
2018-05-12 01:45:00,158.33333000000002,174.66666999999998,28.41508,77.04353,Nischal
2018-05-12 02:00:00,160.66666999999998,183.33333000000002,28.41508,77.04353,Nischal
2018-05-12 02:15:00,161.0,179.0,28.41508,77.04353,Nischal
2018-05-12 02:30:00,165.0,183.0,28.41508,77.04353,Nischal
2018-05-12 02:45:00,157.0,172.66666999999998,28.41508,77.04353,Nischal
2018-05-12 03:00:00,169.66666999999998,188.66666999999998,28.41508,77.04353,Nischal
2018-05-12 03:15:00,184.33333000000002,206.0,28.41508,77.04353,Nischal
2018-05-12 03:30:00,177.0,198.33333000000002,28.41508,77.04353,Nischal
2018-05-12 03:45:00,173.33333000000002,195.33333000000002,28.41508,77.04353,Nischal
2018-05-12 04:00:00,168.33333000000002,191.0,28.41508,77.04353,Nischal
2018-05-12 04:15:00,167.66666999999998,187.66666999999998,28.41508,77.04353,Nischal
2018-05-12 04:30:00,178.0,197.5,28.41508,77.04353,Nischal
2018-05-12 04:45:00,182.66666999999998,204.66666999999998,28.41508,77.04353,Nischal
2018-05-12 05:00:00,166.0,184.66666999999998,28.41508,77.04353,Nischal
2018-05-12 05:15:00,152.66666999999998,171.66666999999998,28.41508,77.04353,Nischal
2018-05-12 05:30:00,140.5,158.0,28.41508,77.04353,Nischal
2018-05-12 05:45:00,128.0,142.0,28.41508,77.04353,Nischal
2018-05-12 06:00:00,124.0,141.0,28.41508,77.04353,Nischal
2018-05-12 06:15:00,122.66666399999998,134.66666999999998,28.41508,77.04353,Nischal
2018-05-12 06:30:00,115.0,126.66666399999998,28.41508,77.04353,Nischal
2018-05-12 06:45:00,153.0,169.0,28.41508,77.04353,Nischal
2018-05-12 07:00:00,149.66666999999998,171.0,28.41508,77.04353,Nischal
2018-05-12 07:15:00,124.66666399999998,141.0,28.41508,77.04353,Nischal
2018-05-12 07:30:00,120.0,130.66666999999998,28.41508,77.04353,Nischal
2018-05-12 07:45:00,116.0,130.66666999999998,28.41508,77.04353,Nischal
2018-05-12 08:00:00,108.33333600000002,122.66666399999998,28.41508,77.04353,Nischal
2018-05-12 08:15:00,125.66666399999998,140.33333000000002,28.41508,77.04353,Nischal
2018-05-12 08:30:00,91.333336,101.0,28.41508,77.04353,Nischal
2018-05-12 08:45:00,77.333336,85.333336,28.41508,77.04353,Nischal
2018-05-12 09:00:00,68.666664,74.0,28.41508,77.04353,Nischal
2018-05-12 09:15:00,67.0,73.333336,28.41508,77.04353,Nischal
2018-05-12 09:30:00,63.33333199999999,71.333336,28.41508,77.04353,Nischal
2018-05-12 09:45:00,71.666664,78.666664,28.41508,77.04353,Nischal
2018-05-12 10:00:00,130.66666999999998,145.0,28.41508,77.04353,Nischal
2018-05-12 10:15:00,142.66666999999998,155.66666999999998,28.41508,77.04353,Nischal
2018-05-12 10:30:00,141.33333000000002,156.66666999999998,28.41508,77.04353,Nischal
2018-05-12 10:45:00,145.66666999999998,160.66666999999998,28.41508,77.04353,Nischal
2018-05-12 11:00:00,121.0,133.33333000000002,28.41508,77.04353,Nischal
2018-05-12 11:15:00,117.33333600000002,125.66666399999998,28.41508,77.04353,Nischal
2018-05-12 11:30:00,115.66666399999998,129.0,28.41508,77.04353,Nischal
2018-05-12 11:45:00,133.33333000000002,147.33333000000002,28.41508,77.04353,Nischal
2018-05-12 12:00:00,155.33333000000002,176.0,28.41508,77.04353,Nischal
2018-05-12 12:15:00,160.33333000000002,176.33333000000002,28.41508,77.04353,Nischal
2018-05-12 12:30:00,155.33333000000002,173.0,28.41508,77.04353,Nischal
2018-05-12 12:45:00,149.66666999999998,166.0,28.41508,77.04353,Nischal
2018-05-12 13:00:00,143.33333000000002,156.33333000000002,28.41508,77.04353,Nischal
2018-05-12 13:15:00,147.66666999999998,169.66666999999998,28.41508,77.04353,Nischal
2018-05-12 13:30:00,148.66666999999998,167.33333000000002,28.41508,77.04353,Nischal
2018-05-12 13:45:00,149.66666999999998,170.66666999999998,28.41508,77.04353,Nischal
2018-05-12 14:00:00,151.0,168.0,28.41508,77.04353,Nischal
2018-05-12 14:15:00,150.33333000000002,174.0,28.41508,77.04353,Nischal
2018-05-12 14:30:00,154.33333000000002,168.33333000000002,28.41508,77.04353,Nischal
2018-05-12 14:45:00,159.0,173.33333000000002,28.41508,77.04353,Nischal
2018-05-12 15:00:00,161.66666999999998,182.0,28.41508,77.04353,Nischal
2018-05-12 15:15:00,159.0,179.0,28.41508,77.04353,Nischal
2018-05-12 15:30:00,159.33333000000002,179.0,28.41508,77.04353,Nischal
2018-05-12 15:45:00,162.66666999999998,178.0,28.41508,77.04353,Nischal
2018-05-12 16:00:00,161.66666999999998,178.0,28.41508,77.04353,Nischal
2018-05-12 16:15:00,172.0,191.33333000000002,28.41508,77.04353,Nischal
2018-05-12 16:30:00,161.66666999999998,179.66666999999998,28.41508,77.04353,Nischal
2018-05-12 16:45:00,164.66666999999998,179.0,28.41508,77.04353,Nischal
2018-05-12 17:00:00,160.33333000000002,179.0,28.41508,77.04353,Nischal
2018-05-12 17:15:00,165.0,183.0,28.41508,77.04353,Nischal
2018-05-12 17:30:00,189.66666999999998,218.0,28.41508,77.04353,Nischal
2018-05-12 17:45:00,169.66666999999998,191.66666999999998,28.41508,77.04353,Nischal
2018-05-12 18:00:00,160.33333000000002,181.33333000000002,28.41508,77.04353,Nischal
2018-05-12 18:15:00,159.66666999999998,177.66666999999998,28.41508,77.04353,Nischal
2018-05-12 18:30:00,158.33333000000002,177.66666999999998,28.41508,77.04353,Nischal
2018-05-12 18:45:00,159.33333000000002,178.0,28.41508,77.04353,Nischal
2018-05-12 19:00:00,158.33333000000002,173.66666999999998,28.41508,77.04353,Nischal
2018-05-12 19:15:00,157.33333000000002,174.66666999999998,28.41508,77.04353,Nischal
2018-05-12 19:30:00,153.33333000000002,172.33333000000002,28.41508,77.04353,Nischal
2018-05-12 19:45:00,152.33333000000002,168.66666999999998,28.41508,77.04353,Nischal
2018-05-12 20:00:00,141.0,152.66666999999998,28.41508,77.04353,Nischal
2018-05-12 20:15:00,128.0,142.0,28.41508,77.04353,Nischal
2018-05-12 20:30:00,116.33333600000002,126.33333600000002,28.41508,77.04353,Nischal
2018-05-12 20:45:00,110.33333600000002,120.0,28.41508,77.04353,Nischal
2018-05-12 21:00:00,108.0,117.66666399999998,28.41508,77.04353,Nischal
2018-05-12 21:15:00,109.66666399999998,117.33333600000002,28.41508,77.04353,Nischal
2018-05-12 21:30:00,103.666664,112.0,28.41508,77.04353,Nischal
2018-05-12 21:45:00,96.333336,105.66666399999998,28.41508,77.04353,Nischal
2018-05-12 22:00:00,98.666664,107.66666399999998,28.41508,77.04353,Nischal
2018-05-12 22:15:00,101.0,110.66666399999998,28.41508,77.04353,Nischal
2018-05-12 22:30:00,101.333336,114.33333600000002,28.41508,77.04353,Nischal
2018-05-12 22:45:00,102.0,113.33333600000002,28.41508,77.04353,Nischal
2018-05-12 23:00:00,101.666664,115.0,28.41508,77.04353,Nischal
2018-05-12 23:15:00,101.333336,111.33333600000002,28.41508,77.04353,Nischal
2018-05-12 23:30:00,96.333336,106.0,28.41508,77.04353,Nischal
2018-05-12 23:45:00,97.333336,110.33333600000002,28.41508,77.04353,Nischal
2018-05-13 00:00:00,95.666664,106.33333600000002,28.41508,77.04353,Nischal
2018-05-13 00:15:00,96.333336,106.33333600000002,28.41508,77.04353,Nischal
2018-05-13 00:30:00,94.0,105.0,28.41508,77.04353,Nischal
2018-05-13 00:45:00,97.0,109.33333600000002,28.41508,77.04353,Nischal
2018-05-13 01:00:00,100.0,108.66666399999998,28.41508,77.04353,Nischal
2018-05-13 01:15:00,96.333336,108.0,28.41508,77.04353,Nischal
2018-05-13 01:30:00,98.333336,108.33333600000002,28.41508,77.04353,Nischal
2018-05-13 01:45:00,100.333336,110.66666399999998,28.41508,77.04353,Nischal
2018-05-13 02:00:00,101.333336,109.66666399999998,28.41508,77.04353,Nischal
2018-05-13 02:15:00,95.666664,106.0,28.41508,77.04353,Nischal
2018-05-13 02:30:00,95.333336,105.0,28.41508,77.04353,Nischal
2018-05-13 02:45:00,96.333336,106.0,28.41508,77.04353,Nischal
2018-05-13 03:00:00,100.0,109.0,28.41508,77.04353,Nischal
2018-05-13 03:15:00,98.0,108.0,28.41508,77.04353,Nischal
2018-05-13 03:30:00,103.0,113.66666399999998,28.41508,77.04353,Nischal
2018-05-13 03:45:00,101.333336,111.66666399999998,28.41508,77.04353,Nischal
2018-05-13 04:00:00,99.333336,109.66666399999998,28.41508,77.04353,Nischal
2018-05-13 04:15:00,101.666664,108.66666399999998,28.41508,77.04353,Nischal
2018-05-13 04:30:00,109.33333600000002,120.66666399999998,28.41508,77.04353,Nischal
2018-05-13 04:45:00,117.0,127.0,28.41508,77.04353,Nischal
2018-05-13 05:00:00,109.33333600000002,119.66666399999998,28.41508,77.04353,Nischal
2018-05-13 05:15:00,109.0,118.0,28.41508,77.04353,Nischal
2018-05-13 05:30:00,113.0,124.0,28.41508,77.04353,Nischal
2018-05-13 05:45:00,117.66666399999998,126.66666399999998,28.41508,77.04353,Nischal
2018-05-13 06:00:00,111.0,123.66666399999998,28.41508,77.04353,Nischal
2018-05-13 06:15:00,107.33333600000002,120.0,28.41508,77.04353,Nischal
2018-05-13 06:30:00,127.0,139.66666999999998,28.41508,77.04353,Nischal
2018-05-13 06:45:00,641.3333,802.0,28.41508,77.04353,Nischal
2018-05-13 07:00:00,386.0,446.66666,28.41508,77.04353,Nischal
2018-05-13 07:15:00,196.66666999999998,223.66667,28.41508,77.04353,Nischal
2018-05-13 07:30:00,129.0,144.33333000000002,28.41508,77.04353,Nischal
2018-05-13 07:45:00,116.0,128.33333000000002,28.41508,77.04353,Nischal
2018-05-13 08:00:00,114.0,128.0,28.41508,77.04353,Nischal
2018-05-13 08:15:00,112.66666399999998,127.66666399999998,28.41508,77.04353,Nischal
2018-05-13 08:30:00,106.66666399999998,116.0,28.41508,77.04353,Nischal
2018-05-13 08:45:00,112.33333600000002,121.33333600000002,28.41508,77.04353,Nischal
2018-05-13 09:00:00,104.333336,116.33333600000002,28.41508,77.04353,Nischal
2018-05-13 09:15:00,106.33333600000002,118.0,28.41508,77.04353,Nischal
2018-05-13 09:30:00,94.666664,102.666664,28.41508,77.04353,Nischal
2018-05-13 09:45:00,99.666664,107.0,28.41508,77.04353,Nischal
2018-05-13 10:00:00,97.0,105.33333600000002,28.41508,77.04353,Nischal
2018-05-13 10:15:00,100.333336,107.33333600000002,28.41508,77.04353,Nischal
2018-05-13 10:30:00,82.0,98.0,28.41508,77.04353,Nischal
2018-05-13 10:45:00,43.666668,53.0,28.41508,77.04353,Nischal
2018-05-13 11:00:00,36.0,41.0,28.41508,77.04353,Nischal
2018-05-13 11:15:00,48.333332,56.0,28.41508,77.04353,Nischal
2018-05-13 11:30:00,37.666668,42.333332,28.41508,77.04353,Nischal
2018-05-13 11:45:00,26.0,27.5,28.41508,77.04353,Nischal
2018-05-13 12:00:00,29.333334000000004,33.666668,28.41508,77.04353,Nischal
2018-05-13 12:15:00,27.333334000000004,31.333334000000004,28.41508,77.04353,Nischal
2018-05-13 12:30:00,20.333334,23.666666,28.41508,77.04353,Nischal
2018-05-13 12:45:00,15.0,18.0,28.41508,77.04353,Nischal
2018-05-13 13:00:00,14.666667000000002,17.666666,28.41508,77.04353,Nischal
2018-05-13 13:15:00,17.0,20.0,28.41508,77.04353,Nischal
2018-05-13 13:30:00,16.0,18.0,28.41508,77.04353,Nischal
2018-05-13 13:45:00,18.0,21.0,28.41508,77.04353,Nischal
2018-05-13 14:00:00,20.666666,24.333334,28.41508,77.04353,Nischal
2018-05-13 14:15:00,22.333334,26.666665999999996,28.41508,77.04353,Nischal
2018-05-13 14:30:00,33.666668,38.0,28.41508,77.04353,Nischal
2018-05-13 14:45:00,46.5,51.5,28.41508,77.04353,Nischal
2018-05-13 15:00:00,42.5,47.5,28.41508,77.04353,Nischal
2018-05-13 15:15:00,40.0,43.333332,28.41508,77.04353,Nischal
2018-05-13 15:30:00,34.333332,39.666668,28.41508,77.04353,Nischal
2018-05-13 15:45:00,31.333334000000004,34.0,28.41508,77.04353,Nischal
2018-05-13 16:00:00,33.666668,37.333332,28.41508,77.04353,Nischal
2018-05-13 16:15:00,29.333334000000004,33.0,28.41508,77.04353,Nischal
2018-05-13 16:30:00,20.666666,22.333334,28.41508,77.04353,Nischal
2018-05-13 16:45:00,18.0,19.0,28.41508,77.04353,Nischal
2018-05-13 17:00:00,16.666666,18.666666,28.41508,77.04353,Nischal
2018-05-13 17:15:00,18.666666,21.0,28.41508,77.04353,Nischal
2018-05-13 17:30:00,22.333334,24.333334,28.41508,77.04353,Nischal
2018-05-13 17:45:00,16.0,18.666666,28.41508,77.04353,Nischal
2018-05-13 18:00:00,14.666667000000002,16.666666,28.41508,77.04353,Nischal
2018-05-13 18:15:00,13.666667000000002,15.0,28.41508,77.04353,Nischal
2018-05-13 18:30:00,14.666667000000002,17.0,28.41508,77.04353,Nischal
2018-05-13 18:45:00,19.333334,21.333334,28.41508,77.04353,Nischal
2018-05-13 19:00:00,22.666666,25.333334,28.41508,77.04353,Nischal
2018-05-13 19:15:00,21.333334,24.666666,28.41508,77.04353,Nischal
2018-05-13 19:30:00,23.0,25.333334,28.41508,77.04353,Nischal
2018-05-13 19:45:00,31.0,34.333332,28.41508,77.04353,Nischal
2018-05-13 20:00:00,43.333332,54.66666800000001,28.41508,77.04353,Nischal
2018-05-13 20:15:00,45.666668,54.0,28.41508,77.04353,Nischal
2018-05-13 20:30:00,43.666668,51.666668,28.41508,77.04353,Nischal
2018-05-13 20:45:00,42.5,50.25,28.41508,77.04353,Nischal
2018-05-13 21:00:00,40.666668,47.0,28.41508,77.04353,Nischal
2018-05-13 21:15:00,33.666668,39.666668,28.41508,77.04353,Nischal
2018-05-13 21:30:00,28.0,30.666665999999996,28.41508,77.04353,Nischal
2018-05-13 21:45:00,27.0,30.333334000000004,28.41508,77.04353,Nischal
2018-05-13 22:00:00,25.666666,30.0,28.41508,77.04353,Nischal
2018-05-13 22:15:00,24.333334,26.666665999999996,28.41508,77.04353,Nischal
2018-05-13 22:30:00,27.0,29.666665999999996,28.41508,77.04353,Nischal
2018-05-13 22:45:00,27.333334000000004,29.0,28.41508,77.04353,Nischal
2018-05-13 23:00:00,28.0,29.666665999999996,28.41508,77.04353,Nischal
2018-05-13 23:15:00,29.333334000000004,32.666668,28.41508,77.04353,Nischal
2018-05-13 23:30:00,29.666665999999996,30.666665999999996,28.41508,77.04353,Nischal
2018-05-13 23:45:00,29.333334000000004,31.666665999999996,28.41508,77.04353,Nischal
2018-05-14 00:00:00,31.333334000000004,34.666668,28.41508,77.04353,Nischal
2018-05-14 00:15:00,33.666668,38.666668,28.41508,77.04353,Nischal
2018-05-14 00:30:00,37.333332,43.0,28.41508,77.04353,Nischal
2018-05-14 00:45:00,40.0,44.0,28.41508,77.04353,Nischal
2018-05-14 01:00:00,36.333332,42.666668,28.41508,77.04353,Nischal
2018-05-14 01:15:00,39.0,43.333332,28.41508,77.04353,Nischal
2018-05-14 01:30:00,47.666668,54.0,28.41508,77.04353,Nischal
2018-05-14 01:45:00,43.333332,50.333332,28.41508,77.04353,Nischal
2018-05-14 02:00:00,44.333332,49.0,28.41508,77.04353,Nischal
2018-05-14 02:15:00,42.0,49.0,28.41508,77.04353,Nischal
2018-05-14 02:30:00,40.0,42.333332,28.41508,77.04353,Nischal
2018-05-14 02:45:00,34.0,39.0,28.41508,77.04353,Nischal
2018-05-14 03:00:00,34.0,38.333332,28.41508,77.04353,Nischal
2018-05-14 03:15:00,36.5,42.0,28.41508,77.04353,Nischal
2018-05-14 03:30:00,34.75,37.0,28.41508,77.04353,Nischal
2018-05-14 03:45:00,36.666668,41.0,28.41508,77.04353,Nischal
2018-05-14 04:00:00,35.666668,38.666668,28.41508,77.04353,Nischal
2018-05-14 04:15:00,40.666668,43.666668,28.41508,77.04353,Nischal
2018-05-14 04:30:00,49.0,52.333332,28.41508,77.04353,Nischal
2018-05-14 04:45:00,56.66666800000001,62.66666800000001,28.41508,77.04353,Nischal
2018-05-14 05:00:00,59.66666800000001,69.333336,28.41508,77.04353,Nischal
2018-05-14 05:15:00,60.33333199999999,67.0,28.41508,77.04353,Nischal
2018-05-14 05:30:00,61.66666800000001,72.0,28.41508,77.04353,Nischal
2018-05-14 05:45:00,57.33333199999999,64.333336,28.41508,77.04353,Nischal
2018-05-14 06:00:00,54.33333199999999,60.33333199999999,28.41508,77.04353,Nischal
2018-05-14 06:15:00,42.666668,48.666668,28.41508,77.04353,Nischal
2018-05-14 06:30:00,43.0,51.0,28.41508,77.04353,Nischal
2018-05-14 06:45:00,48.5,53.5,28.41508,77.04353,Nischal
2018-05-14 07:00:00,49.0,54.25,28.41508,77.04353,Nischal
2018-05-14 07:15:00,47.666668,57.0,28.41508,77.04353,Nischal
2018-05-14 07:30:00,46.666668,52.333332,28.41508,77.04353,Nischal
2018-05-14 07:45:00,50.0,52.66666800000001,28.41508,77.04353,Nischal
2018-05-14 08:00:00,54.66666800000001,60.66666800000001,28.41508,77.04353,Nischal
2018-05-14 08:15:00,49.0,55.33333199999999,28.41508,77.04353,Nischal
2018-05-14 08:30:00,43.333332,48.0,28.41508,77.04353,Nischal
2018-05-14 08:45:00,43.666668,49.333332,28.41508,77.04353,Nischal
2018-05-14 09:00:00,45.333332,51.0,28.41508,77.04353,Nischal
2018-05-14 09:15:00,40.666668,46.666668,28.41508,77.04353,Nischal
2018-05-14 09:30:00,44.666668,49.666668,28.41508,77.04353,Nischal
2018-05-14 09:45:00,44.333332,48.333332,28.41508,77.04353,Nischal
2018-05-14 10:00:00,44.666668,49.666668,28.41508,77.04353,Nischal
2018-05-14 10:15:00,43.666668,48.0,28.41508,77.04353,Nischal
2018-05-14 10:30:00,42.666668,47.666668,28.41508,77.04353,Nischal
2018-05-14 10:45:00,46.333332,52.333332,28.41508,77.04353,Nischal
2018-05-14 11:00:00,39.666668,45.333332,28.41508,77.04353,Nischal
2018-05-14 11:15:00,37.0,42.333332,28.41508,77.04353,Nischal
2018-05-14 11:30:00,39.0,41.333332,28.41508,77.04353,Nischal
2018-05-14 11:45:00,38.333332,45.666668,28.41508,77.04353,Nischal
2018-05-14 12:00:00,36.0,39.0,28.41508,77.04353,Nischal
2018-05-14 12:15:00,37.0,41.666668,28.41508,77.04353,Nischal
2018-05-14 12:30:00,37.333332,41.333332,28.41508,77.04353,Nischal
2018-05-14 12:45:00,36.0,40.333332,28.41508,77.04353,Nischal
2018-05-14 13:00:00,35.0,40.666668,28.41508,77.04353,Nischal
2018-05-14 13:15:00,36.666668,40.666668,28.41508,77.04353,Nischal
2018-05-14 13:30:00,37.0,41.0,28.41508,77.04353,Nischal
2018-05-14 13:45:00,37.333332,40.666668,28.41508,77.04353,Nischal
2018-05-14 14:00:00,37.5,43.5,28.41508,77.04353,Nischal
2018-05-14 14:15:00,42.0,48.0,28.41508,77.04353,Nischal
2018-05-14 14:30:00,45.0,50.666668,28.41508,77.04353,Nischal
2018-05-14 14:45:00,47.0,52.333332,28.41508,77.04353,Nischal
2018-05-14 15:00:00,53.66666800000001,60.66666800000001,28.41508,77.04353,Nischal
2018-05-14 15:15:00,60.0,68.666664,28.41508,77.04353,Nischal
2018-05-14 15:30:00,61.0,69.0,28.41508,77.04353,Nischal
2018-05-14 15:45:00,63.66666800000001,70.666664,28.41508,77.04353,Nischal
2018-05-14 16:00:00,65.0,73.666664,28.41508,77.04353,Nischal
2018-05-14 16:15:00,67.0,74.0,28.41508,77.04353,Nischal
2018-05-14 16:30:00,68.0,76.333336,28.41508,77.04353,Nischal
2018-05-14 16:45:00,59.66666800000001,69.333336,28.41508,77.04353,Nischal
2018-05-14 17:00:00,52.0,56.33333199999999,28.41508,77.04353,Nischal
2018-05-14 17:15:00,41.333332,44.333332,28.41508,77.04353,Nischal
2018-05-14 17:30:00,39.666668,44.0,28.41508,77.04353,Nischal
2018-05-14 17:45:00,65.666664,76.0,28.41508,77.04353,Nischal
2018-05-14 18:00:00,53.0,58.33333199999999,28.41508,77.04353,Nischal
2018-05-14 18:15:00,51.0,55.0,28.41508,77.04353,Nischal
2018-05-14 18:30:00,44.0,48.0,28.41508,77.04353,Nischal
2018-05-14 18:45:00,45.5,49.5,28.41508,77.04353,Nischal
2018-05-14 19:00:00,48.0,54.0,28.41508,77.04353,Nischal
2018-05-14 19:15:00,51.333332,56.0,28.41508,77.04353,Nischal
2018-05-14 19:30:00,52.66666800000001,57.33333199999999,28.41508,77.04353,Nischal
2018-05-14 19:45:00,57.66666800000001,66.0,28.41508,77.04353,Nischal
2018-05-14 20:00:00,59.33333199999999,66.666664,28.41508,77.04353,Nischal
2018-05-14 20:15:00,54.33333199999999,60.0,28.41508,77.04353,Nischal
2018-05-14 20:30:00,55.33333199999999,63.0,28.41508,77.04353,Nischal
2018-05-14 20:45:00,52.333332,57.0,28.41508,77.04353,Nischal
2018-05-14 21:00:00,49.0,54.0,28.41508,77.04353,Nischal
2018-05-14 21:15:00,47.333332,53.0,28.41508,77.04353,Nischal
2018-05-14 21:30:00,46.0,49.666668,28.41508,77.04353,Nischal
2018-05-14 21:45:00,45.0,49.0,28.41508,77.04353,Nischal
2018-05-14 22:00:00,44.0,49.0,28.41508,77.04353,Nischal
2018-05-14 22:15:00,47.0,50.666668,28.41508,77.04353,Nischal
2018-05-14 22:30:00,44.333332,51.666668,28.41508,77.04353,Nischal
2018-05-14 22:45:00,46.666668,52.333332,28.41508,77.04353,Nischal
2018-05-14 23:00:00,48.0,51.666668,28.41508,77.04353,Nischal
2018-05-14 23:15:00,43.666668,48.666668,28.41508,77.04353,Nischal
2018-05-14 23:30:00,42.666668,48.666668,28.41508,77.04353,Nischal
2018-05-14 23:45:00,44.333332,48.666668,28.41508,77.04353,Nischal
2018-05-15 00:00:00,46.666668,53.0,28.41508,77.04353,Nischal
2018-05-15 00:15:00,46.0,51.0,28.41508,77.04353,Nischal
2018-05-15 00:30:00,48.333332,50.666668,28.41508,77.04353,Nischal
2018-05-15 00:45:00,47.666668,53.0,28.41508,77.04353,Nischal
2018-05-15 01:00:00,48.666668,55.0,28.41508,77.04353,Nischal
2018-05-15 01:15:00,51.666668,58.66666800000001,28.41508,77.04353,Nischal
2018-05-15 01:30:00,54.0,61.33333199999999,28.41508,77.04353,Nischal
2018-05-15 01:45:00,54.66666800000001,62.33333199999999,28.41508,77.04353,Nischal
2018-05-15 02:00:00,66.333336,73.0,28.41508,77.04353,Nischal
2018-05-15 02:15:00,73.0,83.0,28.41508,77.04353,Nischal
2018-05-15 02:30:00,75.666664,82.666664,28.41508,77.04353,Nischal
2018-05-15 02:45:00,77.333336,86.0,28.41508,77.04353,Nischal
2018-05-15 03:00:00,83.0,92.0,28.41508,77.04353,Nischal
2018-05-15 03:15:00,83.5,88.5,28.41508,77.04353,Nischal
2018-05-15 03:30:00,83.333336,90.666664,28.41508,77.04353,Nischal
2018-05-15 03:45:00,82.0,92.0,28.41508,77.04353,Nischal
2018-05-15 04:00:00,82.666664,90.333336,28.41508,77.04353,Nischal
2018-05-15 04:15:00,83.0,89.333336,28.41508,77.04353,Nischal
2018-05-15 04:30:00,79.666664,89.666664,28.41508,77.04353,Nischal
2018-05-15 04:45:00,78.0,86.0,28.41508,77.04353,Nischal
2018-05-15 05:00:00,85.666664,95.0,28.41508,77.04353,Nischal
2018-05-15 05:15:00,82.666664,89.666664,28.41508,77.04353,Nischal
2018-05-15 05:30:00,84.666664,93.666664,28.41508,77.04353,Nischal
2018-05-15 05:45:00,86.666664,93.666664,28.41508,77.04353,Nischal
2018-05-15 06:00:00,85.333336,94.333336,28.41508,77.04353,Nischal
2018-05-15 06:15:00,80.666664,89.333336,28.41508,77.04353,Nischal
2018-05-15 06:30:00,77.333336,86.333336,28.41508,77.04353,Nischal
2018-05-15 06:45:00,70.333336,76.333336,28.41508,77.04353,Nischal
2018-05-15 07:00:00,73.333336,82.666664,28.41508,77.04353,Nischal
2018-05-15 07:15:00,66.666664,72.0,28.41508,77.04353,Nischal
2018-05-15 07:30:00,62.0,67.0,28.41508,77.04353,Nischal
2018-05-15 07:45:00,58.66666800000001,66.0,28.41508,77.04353,Nischal
2018-05-15 08:00:00,57.66666800000001,63.33333199999999,28.41508,77.04353,Nischal
2018-05-15 08:15:00,55.33333199999999,62.66666800000001,28.41508,77.04353,Nischal
2018-05-15 08:30:00,51.333332,57.0,28.41508,77.04353,Nischal
2018-05-15 08:45:00,51.0,58.33333199999999,28.41508,77.04353,Nischal
2018-05-15 09:00:00,47.666668,52.66666800000001,28.41508,77.04353,Nischal
2018-05-15 09:15:00,46.666668,52.0,28.41508,77.04353,Nischal
2018-05-15 09:30:00,47.333332,54.33333199999999,28.41508,77.04353,Nischal
2018-05-15 09:45:00,47.666668,52.0,28.41508,77.04353,Nischal
2018-05-15 10:00:00,47.333332,52.0,28.41508,77.04353,Nischal
2018-05-15 10:15:00,47.333332,52.333332,28.41508,77.04353,Nischal
2018-05-15 10:30:00,46.333332,51.333332,28.41508,77.04353,Nischal
2018-05-15 10:45:00,45.666668,50.666668,28.41508,77.04353,Nischal
2018-05-15 11:00:00,48.666668,56.66666800000001,28.41508,77.04353,Nischal
2018-05-15 11:15:00,46.0,52.66666800000001,28.41508,77.04353,Nischal
2018-05-15 11:30:00,46.333332,49.666668,28.41508,77.04353,Nischal
2018-05-15 11:45:00,46.333332,50.666668,28.41508,77.04353,Nischal
2018-05-15 12:00:00,46.666668,52.333332,28.41508,77.04353,Nischal
2018-05-15 12:15:00,48.0,51.333332,28.41508,77.04353,Nischal
2018-05-15 12:30:00,48.666668,52.0,28.41508,77.04353,Nischal
2018-05-15 12:45:00,47.333332,51.333332,28.41508,77.04353,Nischal
2018-05-15 13:00:00,49.0,55.33333199999999,28.41508,77.04353,Nischal
2018-05-15 13:15:00,49.0,54.33333199999999,28.41508,77.04353,Nischal
2018-05-15 13:30:00,51.666668,57.33333199999999,28.41508,77.04353,Nischal
2018-05-15 13:45:00,54.33333199999999,59.66666800000001,28.41508,77.04353,Nischal
2018-05-15 14:00:00,56.33333199999999,61.33333199999999,28.41508,77.04353,Nischal
2018-05-15 14:15:00,55.0,61.66666800000001,28.41508,77.04353,Nischal
2018-05-15 14:30:00,56.0,61.0,28.41508,77.04353,Nischal
2018-05-15 14:45:00,61.66666800000001,69.666664,28.41508,77.04353,Nischal
2018-05-15 15:00:00,66.0,69.333336,28.41508,77.04353,Nischal
2018-05-15 15:15:00,71.0,78.0,28.41508,77.04353,Nischal
2018-05-15 15:30:00,72.0,82.666664,28.41508,77.04353,Nischal
2018-05-15 15:45:00,76.0,83.333336,28.41508,77.04353,Nischal
2018-05-15 16:00:00,80.333336,90.333336,28.41508,77.04353,Nischal
2018-05-15 16:15:00,81.0,89.333336,28.41508,77.04353,Nischal
2018-05-15 16:30:00,84.0,93.0,28.41508,77.04353,Nischal
2018-05-15 16:45:00,85.0,92.333336,28.41508,77.04353,Nischal
2018-05-15 17:00:00,79.666664,89.333336,28.41508,77.04353,Nischal
2018-05-15 17:15:00,80.666664,91.0,28.41508,77.04353,Nischal
2018-05-15 17:30:00,79.0,87.333336,28.41508,77.04353,Nischal
2018-05-15 17:45:00,77.333336,85.666664,28.41508,77.04353,Nischal
2018-05-15 18:00:00,76.0,82.666664,28.41508,77.04353,Nischal
2018-05-15 18:15:00,76.0,82.666664,28.41508,77.04353,Nischal
2018-05-15 18:30:00,71.666664,79.333336,28.41508,77.04353,Nischal
2018-05-15 18:45:00,71.333336,78.0,28.41508,77.04353,Nischal
2018-05-15 19:00:00,69.666664,76.666664,28.41508,77.04353,Nischal
2018-05-15 19:15:00,77.0,83.333336,28.41508,77.04353,Nischal
2018-05-15 19:30:00,82.0,90.333336,28.41508,77.04353,Nischal
2018-05-15 19:45:00,97.666664,108.33333600000002,28.41508,77.04353,Nischal
2018-05-15 20:00:00,83.666664,88.0,28.41508,77.04353,Nischal
2018-05-15 20:15:00,75.0,82.0,28.41508,77.04353,Nischal
2018-05-15 20:30:00,75.666664,84.0,28.41508,77.04353,Nischal
2018-05-15 20:45:00,67.666664,78.333336,28.41508,77.04353,Nischal
2018-05-15 21:00:00,66.333336,74.333336,28.41508,77.04353,Nischal
2018-05-15 21:15:00,52.0,60.66666800000001,28.41508,77.04353,Nischal
2018-05-15 21:30:00,62.0,77.0,28.41508,77.04353,Nischal
2018-05-15 21:45:00,73.0,88.0,28.41508,77.04353,Nischal
2018-05-15 22:00:00,60.33333199999999,67.0,28.41508,77.04353,Nischal
2018-05-15 22:15:00,54.66666800000001,62.33333199999999,28.41508,77.04353,Nischal
2018-05-15 22:30:00,53.33333199999999,59.66666800000001,28.41508,77.04353,Nischal
2018-05-15 22:45:00,50.333332,56.66666800000001,28.41508,77.04353,Nischal
2018-05-15 23:00:00,44.333332,50.0,28.41508,77.04353,Nischal
2018-05-15 23:15:00,43.666668,48.333332,28.41508,77.04353,Nischal
2018-05-15 23:30:00,43.0,48.666668,28.41508,77.04353,Nischal
2018-05-15 23:45:00,40.666668,46.333332,28.41508,77.04353,Nischal
2018-05-16 00:00:00,41.0,46.666668,28.41508,77.04353,Nischal
2018-05-16 00:15:00,39.333332,44.666668,28.41508,77.04353,Nischal
2018-05-16 00:30:00,37.0,41.333332,28.41508,77.04353,Nischal
2018-05-16 00:45:00,33.0,37.666668,28.41508,77.04353,Nischal
2018-05-16 01:00:00,33.666668,40.666668,28.41508,77.04353,Nischal
2018-05-16 01:15:00,35.333332,40.0,28.41508,77.04353,Nischal
2018-05-16 01:30:00,33.666668,37.666668,28.41508,77.04353,Nischal
2018-05-16 01:45:00,34.0,38.0,28.41508,77.04353,Nischal
2018-05-16 02:00:00,31.666665999999996,37.333332,28.41508,77.04353,Nischal
2018-05-16 02:15:00,32.666668,36.333332,28.41508,77.04353,Nischal
2018-05-16 02:30:00,40.0,45.0,28.41508,77.04353,Nischal
2018-05-16 02:45:00,48.0,54.0,28.41508,77.04353,Nischal
2018-05-16 03:00:00,43.666668,48.333332,28.41508,77.04353,Nischal
2018-05-16 03:15:00,35.666668,39.0,28.41508,77.04353,Nischal
2018-05-16 03:30:00,43.333332,48.666668,28.41508,77.04353,Nischal
2018-05-16 03:45:00,61.0,69.333336,28.41508,77.04353,Nischal
2018-05-16 04:00:00,88.333336,101.666664,28.41508,77.04353,Nischal
2018-05-16 04:15:00,75.666664,87.333336,28.41508,77.04353,Nischal
2018-05-16 04:30:00,63.33333199999999,79.666664,28.41508,77.04353,Nischal
2018-05-16 04:45:00,59.33333199999999,76.333336,28.41508,77.04353,Nischal
2018-05-16 05:00:00,46.5,54.5,28.41508,77.04353,Nischal
2018-05-16 05:15:00,38.666668,44.666668,28.41508,77.04353,Nischal
2018-05-16 05:30:00,37.0,42.666668,28.41508,77.04353,Nischal
2018-05-16 05:45:00,32.0,40.333332,28.41508,77.04353,Nischal
2018-05-16 06:00:00,28.333334000000004,32.333332,28.41508,77.04353,Nischal
2018-05-16 06:15:00,29.0,32.333332,28.41508,77.04353,Nischal
2018-05-16 06:30:00,31.666665999999996,35.333332,28.41508,77.04353,Nischal
2018-05-16 06:45:00,29.0,33.666668,28.41508,77.04353,Nischal
2018-05-16 07:00:00,25.5,30.5,28.41508,77.04353,Nischal
2018-05-16 07:15:00,25.0,29.666665999999996,28.41508,77.04353,Nischal
2018-05-16 07:30:00,24.0,27.0,28.41508,77.04353,Nischal
2018-05-16 07:45:00,22.666666,28.0,28.41508,77.04353,Nischal
2018-05-16 08:00:00,23.0,25.333334,28.41508,77.04353,Nischal
2018-05-16 08:15:00,24.0,27.0,28.41508,77.04353,Nischal
2018-05-16 08:30:00,23.666666,27.0,28.41508,77.04353,Nischal
2018-05-16 08:45:00,25.5,30.5,28.41508,77.04353,Nischal
2018-05-16 09:00:00,27.333334000000004,33.0,28.41508,77.04353,Nischal
2018-05-16 09:15:00,28.666665999999996,33.0,28.41508,77.04353,Nischal
2018-05-16 09:30:00,26.666665999999996,31.333334000000004,28.41508,77.04353,Nischal
2018-05-16 09:45:00,28.666665999999996,33.666668,28.41508,77.04353,Nischal
2018-05-16 10:00:00,29.0,33.333332,28.41508,77.04353,Nischal
2018-05-16 10:15:00,27.0,32.333332,28.41508,77.04353,Nischal
2018-05-16 10:30:00,28.0,32.666668,28.41508,77.04353,Nischal
2018-05-16 10:45:00,29.333334000000004,33.0,28.41508,77.04353,Nischal
2018-05-16 11:00:00,27.666665999999996,32.0,28.41508,77.04353,Nischal
2018-05-16 11:15:00,29.666665999999996,33.666668,28.41508,77.04353,Nischal
2018-05-16 11:30:00,35.333332,39.666668,28.41508,77.04353,Nischal
2018-05-16 11:45:00,33.666668,38.666668,28.41508,77.04353,Nischal
2018-05-16 12:00:00,32.0,37.333332,28.41508,77.04353,Nischal
2018-05-16 12:15:00,31.333334000000004,37.0,28.41508,77.04353,Nischal
2018-05-16 12:30:00,33.0,37.333332,28.41508,77.04353,Nischal
2018-05-16 12:45:00,33.0,38.333332,28.41508,77.04353,Nischal
2018-05-16 13:00:00,38.0,44.5,28.41508,77.04353,Nischal
2018-05-16 13:15:00,37.333332,46.333332,28.41508,77.04353,Nischal
2018-05-16 13:30:00,40.0,46.0,28.41508,77.04353,Nischal
2018-05-16 13:45:00,43.333332,48.333332,28.41508,77.04353,Nischal
2018-05-16 14:00:00,44.666668,54.33333199999999,28.41508,77.04353,Nischal
2018-05-16 14:15:00,53.0,60.66666800000001,28.41508,77.04353,Nischal
2018-05-16 14:30:00,63.66666800000001,76.0,28.41508,77.04353,Nischal
2018-05-16 14:45:00,67.0,76.666664,28.41508,77.04353,Nischal
2018-05-16 15:00:00,75.666664,91.0,28.41508,77.04353,Nischal
2018-05-16 15:15:00,79.666664,94.333336,28.41508,77.04353,Nischal
2018-05-16 15:30:00,80.333336,93.666664,28.41508,77.04353,Nischal
2018-05-16 15:45:00,78.666664,91.666664,28.41508,77.04353,Nischal
2018-05-16 16:00:00,77.666664,92.333336,28.41508,77.04353,Nischal
2018-05-16 16:15:00,83.666664,97.0,28.41508,77.04353,Nischal
2018-05-16 16:30:00,85.0,98.333336,28.41508,77.04353,Nischal
2018-05-16 16:45:00,82.333336,95.666664,28.41508,77.04353,Nischal
2018-05-16 17:00:00,75.333336,83.666664,28.41508,77.04353,Nischal
2018-05-16 17:15:00,70.0,77.333336,28.41508,77.04353,Nischal
2018-05-16 17:30:00,67.0,76.0,28.41508,77.04353,Nischal
2018-05-16 17:45:00,61.0,68.0,28.41508,77.04353,Nischal
2018-05-16 18:00:00,54.66666800000001,59.0,28.41508,77.04353,Nischal
2018-05-16 18:15:00,78.333336,86.333336,28.41508,77.04353,Nischal
2018-05-16 18:30:00,72.333336,81.333336,28.41508,77.04353,Nischal
2018-05-16 18:45:00,70.0,79.666664,28.41508,77.04353,Nischal
2018-05-16 19:00:00,61.33333199999999,66.666664,28.41508,77.04353,Nischal
2018-05-16 19:15:00,58.33333199999999,64.666664,28.41508,77.04353,Nischal
2018-05-16 19:30:00,58.66666800000001,63.0,28.41508,77.04353,Nischal
2018-05-16 19:45:00,62.0,68.0,28.41508,77.04353,Nischal
2018-05-16 20:00:00,62.33333199999999,69.0,28.41508,77.04353,Nischal
2018-05-16 20:15:00,64.333336,68.666664,28.41508,77.04353,Nischal
2018-05-16 20:30:00,67.666664,74.333336,28.41508,77.04353,Nischal
2018-05-16 20:45:00,69.666664,77.666664,28.41508,77.04353,Nischal
2018-05-16 21:00:00,71.333336,79.0,28.41508,77.04353,Nischal
2018-05-16 21:15:00,72.666664,82.0,28.41508,77.04353,Nischal
2018-05-16 21:30:00,75.0,81.333336,28.41508,77.04353,Nischal
2018-05-16 21:45:00,73.333336,81.0,28.41508,77.04353,Nischal
2018-05-16 22:00:00,71.666664,78.666664,28.41508,77.04353,Nischal
2018-05-16 22:15:00,71.333336,77.666664,28.41508,77.04353,Nischal
2018-05-16 22:30:00,75.0,83.666664,28.41508,77.04353,Nischal
2018-05-16 22:45:00,72.666664,81.0,28.41508,77.04353,Nischal
2018-05-16 23:00:00,74.333336,78.666664,28.41508,77.04353,Nischal
2018-05-16 23:15:00,74.666664,81.666664,28.41508,77.04353,Nischal
2018-05-16 23:30:00,77.666664,83.666664,28.41508,77.04353,Nischal
2018-05-16 23:45:00,77.0,83.666664,28.41508,77.04353,Nischal
2018-05-17 00:00:00,77.666664,84.0,28.41508,77.04353,Nischal
2018-05-17 00:15:00,84.0,93.666664,28.41508,77.04353,Nischal
2018-05-17 00:30:00,82.666664,90.666664,28.41508,77.04353,Nischal
2018-05-17 00:45:00,90.666664,98.0,28.41508,77.04353,Nischal
2018-05-17 01:00:00,99.333336,112.0,28.41508,77.04353,Nischal
2018-05-17 01:15:00,117.33333600000002,127.0,28.41508,77.04353,Nischal
2018-05-17 01:30:00,151.66666999999998,170.66666999999998,28.41508,77.04353,Nischal
2018-05-17 01:45:00,162.33333000000002,181.33333000000002,28.41508,77.04353,Nischal
2018-05-17 02:00:00,169.33333000000002,194.33333000000002,28.41508,77.04353,Nischal
2018-05-17 02:15:00,167.0,192.33333000000002,28.41508,77.04353,Nischal
2018-05-17 02:30:00,161.66666999999998,180.66666999999998,28.41508,77.04353,Nischal
2018-05-17 02:45:00,150.0,168.66666999999998,28.41508,77.04353,Nischal
2018-05-17 03:00:00,148.33333000000002,168.33333000000002,28.41508,77.04353,Nischal
2018-05-17 03:15:00,148.66666999999998,169.66666999999998,28.41508,77.04353,Nischal
2018-05-17 03:30:00,142.66666999999998,164.33333000000002,28.41508,77.04353,Nischal
2018-05-17 03:45:00,121.66666399999998,138.0,28.41508,77.04353,Nischal
2018-05-17 04:00:00,121.33333600000002,139.0,28.41508,77.04353,Nischal
2018-05-17 04:15:00,118.33333600000002,135.66666999999998,28.41508,77.04353,Nischal
2018-05-17 04:30:00,126.66666399999998,142.0,28.41508,77.04353,Nischal
2018-05-17 04:45:00,126.0,145.0,28.41508,77.04353,Nischal
2018-05-17 05:00:00,123.0,140.33333000000002,28.41508,77.04353,Nischal
2018-05-17 05:15:00,125.66666399999998,140.33333000000002,28.41508,77.04353,Nischal
2018-05-17 05:30:00,90.0,101.666664,28.41508,77.04353,Nischal
2018-05-17 05:45:00,79.333336,90.0,28.41508,77.04353,Nischal
2018-05-17 06:00:00,73.0,83.0,28.41508,77.04353,Nischal
2018-05-17 06:15:00,60.66666800000001,69.333336,28.41508,77.04353,Nischal
2018-05-17 06:30:00,62.0,73.333336,28.41508,77.04353,Nischal
2018-05-17 06:45:00,62.66666800000001,72.333336,28.41508,77.04353,Nischal
2018-05-17 07:00:00,54.33333199999999,63.66666800000001,28.41508,77.04353,Nischal
2018-05-17 07:15:00,64.333336,72.0,28.41508,77.04353,Nischal
2018-05-17 07:30:00,86.0,99.0,28.41508,77.04353,Nischal
2018-05-17 07:45:00,62.66666800000001,71.0,28.41508,77.04353,Nischal
2018-05-17 08:00:00,55.0,66.333336,28.41508,77.04353,Nischal
2018-05-17 08:15:00,50.0,57.66666800000001,28.41508,77.04353,Nischal
2018-05-17 08:30:00,53.33333199999999,61.33333199999999,28.41508,77.04353,Nischal
2018-05-17 08:45:00,55.0,63.66666800000001,28.41508,77.04353,Nischal
2018-05-17 09:00:00,53.33333199999999,57.66666800000001,28.41508,77.04353,Nischal
2018-05-17 09:15:00,43.0,50.0,28.41508,77.04353,Nischal
2018-05-17 09:30:00,39.0,43.0,28.41508,77.04353,Nischal
2018-05-17 09:45:00,40.0,48.0,28.41508,77.04353,Nischal
2018-05-17 10:00:00,38.333332,45.0,28.41508,77.04353,Nischal
2018-05-17 10:15:00,37.333332,43.333332,28.41508,77.04353,Nischal
2018-05-17 10:30:00,38.333332,43.666668,28.41508,77.04353,Nischal
2018-05-17 10:45:00,36.0,42.666668,28.41508,77.04353,Nischal
2018-05-17 11:00:00,31.666665999999996,36.0,28.41508,77.04353,Nischal
2018-05-17 11:15:00,36.333332,43.333332,28.41508,77.04353,Nischal
2018-05-17 11:30:00,36.666668,43.333332,28.41508,77.04353,Nischal
2018-05-17 11:45:00,39.333332,46.0,28.41508,77.04353,Nischal
2018-05-17 12:00:00,46.666668,53.0,28.41508,77.04353,Nischal
2018-05-17 12:15:00,48.666668,53.0,28.41508,77.04353,Nischal
2018-05-17 12:30:00,45.666668,63.33333199999999,28.41508,77.04353,Nischal
2018-05-17 12:45:00,36.0,44.333332,28.41508,77.04353,Nischal
2018-05-17 13:00:00,34.333332,37.666668,28.41508,77.04353,Nischal
2018-05-17 13:15:00,39.0,48.0,28.41508,77.04353,Nischal
2018-05-17 13:30:00,37.666668,44.0,28.41508,77.04353,Nischal
2018-05-17 13:45:00,34.333332,39.333332,28.41508,77.04353,Nischal
2018-05-17 14:00:00,35.0,39.333332,28.41508,77.04353,Nischal
2018-05-17 14:15:00,36.0,42.333332,28.41508,77.04353,Nischal
2018-05-17 14:30:00,39.333332,42.666668,28.41508,77.04353,Nischal
2018-05-17 14:45:00,34.666668,38.666668,28.41508,77.04353,Nischal
2018-05-17 15:00:00,35.333332,39.333332,28.41508,77.04353,Nischal
2018-05-17 15:15:00,36.0,39.666668,28.41508,77.04353,Nischal
2018-05-17 15:30:00,37.0,41.666668,28.41508,77.04353,Nischal
2018-05-17 15:45:00,43.666668,51.333332,28.41508,77.04353,Nischal
2018-05-17 16:00:00,48.333332,55.0,28.41508,77.04353,Nischal
2018-05-17 16:15:00,43.0,47.666668,28.41508,77.04353,Nischal
2018-05-17 16:30:00,36.666668,40.333332,28.41508,77.04353,Nischal
2018-05-17 16:45:00,34.666668,39.0,28.41508,77.04353,Nischal
2018-05-17 17:00:00,48.333332,55.0,28.41508,77.04353,Nischal
2018-05-17 17:15:00,44.333332,47.666668,28.41508,77.04353,Nischal
2018-05-17 17:30:00,46.5,51.5,28.41508,77.04353,Nischal
2018-05-17 17:45:00,42.666668,47.333332,28.41508,77.04353,Nischal
2018-05-17 18:00:00,39.666668,43.666668,28.41508,77.04353,Nischal
2018-05-17 18:15:00,43.0,48.0,28.41508,77.04353,Nischal
2018-05-17 18:30:00,44.666668,46.666668,28.41508,77.04353,Nischal
2018-05-17 18:45:00,46.666668,51.333332,28.41508,77.04353,Nischal
2018-05-17 19:00:00,52.0,57.66666800000001,28.41508,77.04353,Nischal
2018-05-17 19:15:00,56.33333199999999,61.33333199999999,28.41508,77.04353,Nischal
2018-05-17 19:30:00,60.66666800000001,65.666664,28.41508,77.04353,Nischal
2018-05-17 19:45:00,59.66666800000001,64.333336,28.41508,77.04353,Nischal
2018-05-17 20:00:00,55.0,59.33333199999999,28.41508,77.04353,Nischal
2018-05-17 20:15:00,52.333332,56.0,28.41508,77.04353,Nischal
2018-05-17 20:30:00,52.0,56.0,28.41508,77.04353,Nischal
2018-05-17 20:45:00,66.666664,74.0,28.41508,77.04353,Nischal
2018-05-17 21:00:00,76.666664,89.0,28.41508,77.04353,Nischal
2018-05-17 21:15:00,78.0,94.0,28.41508,77.04353,Nischal
2018-05-17 21:30:00,78.666664,94.333336,28.41508,77.04353,Nischal
2018-05-17 21:45:00,78.333336,89.666664,28.41508,77.04353,Nischal
2018-05-17 22:00:00,76.0,89.666664,28.41508,77.04353,Nischal
2018-05-17 22:15:00,71.333336,80.666664,28.41508,77.04353,Nischal
2018-05-17 22:30:00,64.0,73.666664,28.41508,77.04353,Nischal
2018-05-17 22:45:00,55.33333199999999,63.33333199999999,28.41508,77.04353,Nischal
2018-05-17 23:00:00,54.33333199999999,59.66666800000001,28.41508,77.04353,Nischal
2018-05-17 23:15:00,52.0,57.33333199999999,28.41508,77.04353,Nischal
2018-05-17 23:30:00,62.66666800000001,75.666664,28.41508,77.04353,Nischal
2018-05-17 23:45:00,66.333336,80.666664,28.41508,77.04353,Nischal
2018-05-18 00:00:00,70.0,81.0,28.41508,77.04353,Nischal
2018-05-18 00:15:00,67.0,78.333336,28.41508,77.04353,Nischal
2018-05-18 00:30:00,71.666664,83.0,28.41508,77.04353,Nischal
2018-05-18 00:45:00,74.0,85.333336,28.41508,77.04353,Nischal
2018-05-18 01:00:00,77.0,93.0,28.41508,77.04353,Nischal
2018-05-18 01:15:00,80.0,94.0,28.41508,77.04353,Nischal
2018-05-18 01:30:00,84.0,96.0,28.41508,77.04353,Nischal
2018-05-18 01:45:00,100.666664,122.33333600000002,28.41508,77.04353,Nischal
2018-05-18 02:00:00,107.33333600000002,128.66666999999998,28.41508,77.04353,Nischal
2018-05-18 02:15:00,108.66666399999998,134.33333000000002,28.41508,77.04353,Nischal
2018-05-18 02:30:00,112.0,133.66666999999998,28.41508,77.04353,Nischal
2018-05-18 02:45:00,117.33333600000002,139.33333000000002,28.41508,77.04353,Nischal
2018-05-18 03:00:00,107.66666399999998,122.66666399999998,28.41508,77.04353,Nischal
2018-05-18 03:15:00,96.333336,110.66666399999998,28.41508,77.04353,Nischal
2018-05-18 03:30:00,80.0,90.666664,28.41508,77.04353,Nischal
2018-05-18 03:45:00,83.666664,94.0,28.41508,77.04353,Nischal
2018-05-18 04:00:00,93.0,108.0,28.41508,77.04353,Nischal
2018-05-18 04:15:00,78.0,86.0,28.41508,77.04353,Nischal
2018-05-18 04:30:00,72.666664,81.666664,28.41508,77.04353,Nischal
2018-05-18 04:45:00,76.333336,85.0,28.41508,77.04353,Nischal
2018-05-18 05:00:00,90.0,105.33333600000002,28.41508,77.04353,Nischal
2018-05-18 05:15:00,95.333336,112.66666399999998,28.41508,77.04353,Nischal
2018-05-18 05:30:00,86.5,99.5,28.41508,77.04353,Nischal
2018-05-18 05:45:00,83.0,100.0,28.41508,77.04353,Nischal
2018-05-18 06:00:00,70.0,78.0,28.41508,77.04353,Nischal
2018-05-18 06:15:00,45.0,56.0,28.41508,77.04353,Nischal
2018-05-18 06:30:00,42.333332,47.333332,28.41508,77.04353,Nischal
2018-05-18 06:45:00,48.0,53.5,28.41508,77.04353,Nischal
2018-05-18 07:00:00,35.5,38.5,28.41508,77.04353,Nischal
2018-05-18 07:15:00,34.0,38.0,28.41508,77.04353,Nischal
2018-05-18 07:30:00,37.0,43.5,28.41508,77.04353,Nischal
2018-05-18 07:45:00,45.5,49.5,28.41508,77.04353,Nischal
2018-05-18 08:00:00,44.666668,51.666668,28.41508,77.04353,Nischal
2018-05-18 08:15:00,41.5,49.5,28.41508,77.04353,Nischal
2018-05-18 08:30:00,40.666668,43.666668,28.41508,77.04353,Nischal
2018-05-18 08:45:00,39.5,45.5,28.41508,77.04353,Nischal
2018-05-18 09:00:00,43.0,47.333332,28.41508,77.04353,Nischal
2018-05-18 09:15:00,39.5,44.0,28.41508,77.04353,Nischal
2018-05-18 09:30:00,36.5,42.0,28.41508,77.04353,Nischal
2018-05-18 09:45:00,37.666668,41.333332,28.41508,77.04353,Nischal
2018-05-18 10:00:00,35.666668,38.0,28.41508,77.04353,Nischal
2018-05-18 10:15:00,71.666664,81.0,28.41508,77.04353,Nischal
2018-05-18 10:30:00,63.33333199999999,70.0,28.41508,77.04353,Nischal
2018-05-18 10:45:00,45.666668,50.666668,28.41508,77.04353,Nischal
2018-05-18 11:00:00,49.0,55.33333199999999,28.41508,77.04353,Nischal
2018-05-18 11:15:00,32.0,38.0,28.41508,77.04353,Nischal
2018-05-18 11:30:00,32.333332,37.0,28.41508,77.04353,Nischal
2018-05-18 11:45:00,34.666668,39.0,28.41508,77.04353,Nischal
2018-05-18 12:00:00,36.666668,42.666668,28.41508,77.04353,Nischal
2018-05-18 12:15:00,36.333332,40.666668,28.41508,77.04353,Nischal
2018-05-18 12:30:00,35.0,37.0,28.41508,77.04353,Nischal
2018-05-18 12:45:00,35.0,37.666668,28.41508,77.04353,Nischal
2018-05-18 13:00:00,35.666668,42.0,28.41508,77.04353,Nischal
2018-05-18 13:15:00,36.666668,40.666668,28.41508,77.04353,Nischal
2018-05-18 13:30:00,34.333332,37.666668,28.41508,77.04353,Nischal
2018-05-18 13:45:00,35.666668,41.333332,28.41508,77.04353,Nischal
2018-05-18 14:00:00,42.0,46.5,28.41508,77.04353,Nischal
2018-05-18 14:15:00,44.0,48.333332,28.41508,77.04353,Nischal
2018-05-18 14:30:00,48.666668,55.66666800000001,28.41508,77.04353,Nischal
2018-05-18 14:45:00,56.0,60.66666800000001,28.41508,77.04353,Nischal
2018-05-18 15:00:00,67.0,74.333336,28.41508,77.04353,Nischal
2018-05-18 15:15:00,74.666664,83.0,28.41508,77.04353,Nischal
2018-05-18 15:30:00,63.33333199999999,70.333336,28.41508,77.04353,Nischal
2018-05-18 15:45:00,65.666664,74.666664,28.41508,77.04353,Nischal
2018-05-18 16:00:00,67.0,75.666664,28.41508,77.04353,Nischal
2018-05-18 16:15:00,68.666664,75.666664,28.41508,77.04353,Nischal
2018-05-18 16:30:00,72.666664,82.333336,28.41508,77.04353,Nischal
2018-05-18 16:45:00,75.333336,82.666664,28.41508,77.04353,Nischal
2018-05-18 17:00:00,70.0,80.0,28.41508,77.04353,Nischal
2018-05-18 17:15:00,67.333336,75.333336,28.41508,77.04353,Nischal
2018-05-18 17:30:00,70.666664,79.0,28.41508,77.04353,Nischal
2018-05-18 17:45:00,68.333336,74.333336,28.41508,77.04353,Nischal
2018-05-18 18:00:00,72.666664,85.0,28.41508,77.04353,Nischal
2018-05-18 18:15:00,75.333336,83.666664,28.41508,77.04353,Nischal
2018-05-18 18:30:00,86.0,96.0,28.41508,77.04353,Nischal
2018-05-18 18:45:00,83.666664,99.666664,28.41508,77.04353,Nischal
2018-05-18 19:00:00,86.0,94.0,28.41508,77.04353,Nischal
2018-05-18 19:15:00,92.333336,104.0,28.41508,77.04353,Nischal
2018-05-18 19:30:00,88.0,100.5,28.41508,77.04353,Nischal
2018-05-18 19:45:00,88.666664,99.333336,28.41508,77.04353,Nischal
2018-05-18 20:00:00,89.666664,100.333336,28.41508,77.04353,Nischal
2018-05-18 20:15:00,96.333336,111.33333600000002,28.41508,77.04353,Nischal
2018-05-18 20:30:00,109.33333600000002,122.33333600000002,28.41508,77.04353,Nischal
2018-05-18 20:45:00,106.33333600000002,118.66666399999998,28.41508,77.04353,Nischal
2018-05-18 21:00:00,108.66666399999998,124.33333600000002,28.41508,77.04353,Nischal
2018-05-18 21:15:00,109.0,126.0,28.41508,77.04353,Nischal
2018-05-18 21:30:00,108.66666399999998,127.33333600000002,28.41508,77.04353,Nischal
2018-05-18 21:45:00,110.66666399999998,130.0,28.41508,77.04353,Nischal
2018-05-18 22:00:00,107.66666399999998,122.66666399999998,28.41508,77.04353,Nischal
2018-05-18 22:15:00,106.66666399999998,121.66666399999998,28.41508,77.04353,Nischal
2018-05-18 22:30:00,106.0,122.0,28.41508,77.04353,Nischal
2018-05-18 22:45:00,106.0,120.33333600000002,28.41508,77.04353,Nischal
2018-05-18 23:00:00,110.33333600000002,128.66666999999998,28.41508,77.04353,Nischal
2018-05-18 23:15:00,106.33333600000002,117.33333600000002,28.41508,77.04353,Nischal
2018-05-18 23:30:00,114.0,130.66666999999998,28.41508,77.04353,Nischal
2018-05-18 23:45:00,126.33333600000002,145.0,28.41508,77.04353,Nischal
2018-05-19 00:00:00,126.0,143.0,28.41508,77.04353,Nischal
2018-05-19 00:15:00,122.0,139.33333000000002,28.41508,77.04353,Nischal
2018-05-19 00:30:00,115.66666399999998,133.33333000000002,28.41508,77.04353,Nischal
2018-05-19 00:45:00,123.66666399999998,140.66666999999998,28.41508,77.04353,Nischal
2018-05-19 01:00:00,132.0,150.33333000000002,28.41508,77.04353,Nischal
2018-05-19 01:15:00,139.33333000000002,158.66666999999998,28.41508,77.04353,Nischal
2018-05-19 01:30:00,148.0,168.33333000000002,28.41508,77.04353,Nischal
2018-05-19 01:45:00,139.66666999999998,159.0,28.41508,77.04353,Nischal
2018-05-19 02:00:00,151.33333000000002,172.0,28.41508,77.04353,Nischal
2018-05-19 02:15:00,142.0,164.66666999999998,28.41508,77.04353,Nischal
2018-05-19 02:30:00,149.33333000000002,169.66666999999998,28.41508,77.04353,Nischal
2018-05-19 02:45:00,134.0,154.0,28.41508,77.04353,Nischal
2018-05-19 03:00:00,103.0,113.33333600000002,28.41508,77.04353,Nischal
2018-05-19 03:15:00,87.333336,98.333336,28.41508,77.04353,Nischal
2018-05-19 03:30:00,67.0,75.333336,28.41508,77.04353,Nischal
2018-05-19 03:45:00,52.333332,60.33333199999999,28.41508,77.04353,Nischal
2018-05-19 04:00:00,39.333332,43.666668,28.41508,77.04353,Nischal
2018-05-19 04:15:00,42.0,45.333332,28.41508,77.04353,Nischal
2018-05-19 04:30:00,55.33333199999999,60.66666800000001,28.41508,77.04353,Nischal
2018-05-19 04:45:00,43.333332,49.0,28.41508,77.04353,Nischal
2018-05-19 05:00:00,36.333332,42.666668,28.41508,77.04353,Nischal
2018-05-19 05:15:00,34.333332,39.0,28.41508,77.04353,Nischal
2018-05-19 05:30:00,34.0,38.666668,28.41508,77.04353,Nischal
2018-05-19 05:45:00,33.333332,36.666668,28.41508,77.04353,Nischal
2018-05-19 06:00:00,30.666665999999996,35.0,28.41508,77.04353,Nischal
2018-05-19 06:15:00,29.0,33.0,28.41508,77.04353,Nischal
2018-05-19 06:30:00,45.666668,54.33333199999999,28.41508,77.04353,Nischal
2018-05-19 06:45:00,49.333332,56.33333199999999,28.41508,77.04353,Nischal
2018-05-19 07:00:00,39.333332,47.0,28.41508,77.04353,Nischal
2018-05-19 07:15:00,90.0,101.0,28.41508,77.04353,Nischal
2018-05-19 07:30:00,58.66666800000001,64.333336,28.41508,77.04353,Nischal
2018-05-19 07:45:00,44.333332,48.666668,28.41508,77.04353,Nischal
2018-05-19 08:00:00,36.666668,40.666668,28.41508,77.04353,Nischal
2018-05-19 08:15:00,34.333332,37.333332,28.41508,77.04353,Nischal
2018-05-19 08:30:00,33.5,35.5,28.41508,77.04353,Nischal
2018-05-19 08:45:00,36.333332,40.0,28.41508,77.04353,Nischal
2018-05-19 09:00:00,35.666668,40.0,28.41508,77.04353,Nischal
2018-05-19 09:15:00,34.0,37.0,28.41508,77.04353,Nischal
2018-05-19 09:30:00,31.666665999999996,35.333332,28.41508,77.04353,Nischal
2018-05-19 09:45:00,58.33333199999999,82.666664,28.41508,77.04353,Nischal
2018-05-19 10:00:00,63.0,77.666664,28.41508,77.04353,Nischal
2018-05-19 10:15:00,51.666668,61.33333199999999,28.41508,77.04353,Nischal
2018-05-19 10:30:00,51.0,57.0,28.41508,77.04353,Nischal
2018-05-19 10:45:00,47.0,53.0,28.41508,77.04353,Nischal
2018-05-19 11:00:00,45.0,48.0,28.41508,77.04353,Nischal
2018-05-19 11:15:00,39.333332,47.666668,28.41508,77.04353,Nischal
2018-05-19 11:30:00,40.666668,45.666668,28.41508,77.04353,Nischal
2018-05-19 11:45:00,35.666668,40.0,28.41508,77.04353,Nischal
2018-05-19 12:00:00,34.0,39.666668,28.41508,77.04353,Nischal
2018-05-19 12:15:00,35.666668,39.0,28.41508,77.04353,Nischal
2018-05-19 12:30:00,32.0,35.666668,28.41508,77.04353,Nischal
2018-05-19 12:45:00,35.0,38.666668,28.41508,77.04353,Nischal
2018-05-19 13:00:00,35.333332,38.666668,28.41508,77.04353,Nischal
2018-05-19 13:15:00,38.666668,44.333332,28.41508,77.04353,Nischal
2018-05-19 13:30:00,40.0,44.0,28.41508,77.04353,Nischal
2018-05-19 13:45:00,42.0,45.333332,28.41508,77.04353,Nischal
2018-05-19 14:00:00,41.333332,46.666668,28.41508,77.04353,Nischal
2018-05-19 14:15:00,52.66666800000001,58.66666800000001,28.41508,77.04353,Nischal
2018-05-19 14:30:00,54.33333199999999,60.0,28.41508,77.04353,Nischal
2018-05-19 14:45:00,53.0,59.0,28.41508,77.04353,Nischal
2018-05-19 15:00:00,50.666668,57.66666800000001,28.41508,77.04353,Nischal
2018-05-19 15:15:00,51.0,60.0,28.41508,77.04353,Nischal
2018-05-19 15:30:00,49.666668,55.0,28.41508,77.04353,Nischal
2018-05-19 15:45:00,50.0,55.0,28.41508,77.04353,Nischal
2018-05-19 16:00:00,56.0,61.33333199999999,28.41508,77.04353,Nischal
2018-05-19 16:15:00,59.66666800000001,65.666664,28.41508,77.04353,Nischal
2018-05-19 16:30:00,60.33333199999999,67.333336,28.41508,77.04353,Nischal
2018-05-19 16:45:00,63.0,69.0,28.41508,77.04353,Nischal
2018-05-19 17:00:00,75.0,86.666664,28.41508,77.04353,Nischal
2018-05-19 17:15:00,77.666664,86.666664,28.41508,77.04353,Nischal
2018-05-19 17:30:00,86.666664,97.666664,28.41508,77.04353,Nischal
2018-05-19 17:45:00,94.666664,106.33333600000002,28.41508,77.04353,Nischal
2018-05-19 18:00:00,96.666664,109.66666399999998,28.41508,77.04353,Nischal
2018-05-19 18:15:00,99.0,115.33333600000002,28.41508,77.04353,Nischal
2018-05-19 18:30:00,88.0,98.0,28.41508,77.04353,Nischal
2018-05-19 18:45:00,76.0,83.333336,28.41508,77.04353,Nischal
2018-05-19 19:00:00,57.33333199999999,61.66666800000001,28.41508,77.04353,Nischal
2018-05-19 19:15:00,52.333332,58.0,28.41508,77.04353,Nischal
2018-05-19 19:30:00,74.5,82.5,28.41508,77.04353,Nischal
2018-05-19 19:45:00,72.666664,81.666664,28.41508,77.04353,Nischal
2018-05-19 20:00:00,65.333336,71.666664,28.41508,77.04353,Nischal
2018-05-19 20:15:00,62.66666800000001,68.0,28.41508,77.04353,Nischal
2018-05-19 20:30:00,56.66666800000001,60.33333199999999,28.41508,77.04353,Nischal
2018-05-19 20:45:00,56.0,61.33333199999999,28.41508,77.04353,Nischal
2018-05-19 21:00:00,76.666664,85.333336,28.41508,77.04353,Nischal
2018-05-19 21:15:00,77.666664,85.666664,28.41508,77.04353,Nischal
2018-05-19 21:30:00,66.333336,73.0,28.41508,77.04353,Nischal
2018-05-19 21:45:00,55.0,58.33333199999999,28.41508,77.04353,Nischal
2018-05-19 22:00:00,52.333332,57.33333199999999,28.41508,77.04353,Nischal
2018-05-19 22:15:00,53.66666800000001,62.0,28.41508,77.04353,Nischal
2018-05-19 22:30:00,57.66666800000001,66.666664,28.41508,77.04353,Nischal
2018-05-19 22:45:00,59.33333199999999,68.333336,28.41508,77.04353,Nischal
2018-05-19 23:00:00,63.0,71.333336,28.41508,77.04353,Nischal
2018-05-19 23:15:00,61.0,69.333336,28.41508,77.04353,Nischal
2018-05-19 23:30:00,63.0,70.333336,28.41508,77.04353,Nischal
2018-05-19 23:45:00,64.333336,73.0,28.41508,77.04353,Nischal
2018-05-20 00:00:00,63.0,69.666664,28.41508,77.04353,Nischal
2018-05-20 00:15:00,59.66666800000001,66.0,28.41508,77.04353,Nischal
2018-05-20 00:30:00,58.0,63.66666800000001,28.41508,77.04353,Nischal
2018-05-20 00:45:00,62.33333199999999,68.666664,28.41508,77.04353,Nischal
2018-05-20 01:00:00,59.33333199999999,66.0,28.41508,77.04353,Nischal
2018-05-20 01:15:00,59.0,66.0,28.41508,77.04353,Nischal
2018-05-20 01:30:00,64.333336,69.666664,28.41508,77.04353,Nischal
2018-05-20 01:45:00,82.0,96.0,28.41508,77.04353,Nischal
2018-05-20 02:00:00,119.33333600000002,133.66666999999998,28.41508,77.04353,Nischal
2018-05-20 02:15:00,145.33333000000002,167.0,28.41508,77.04353,Nischal
2018-05-20 02:30:00,142.0,161.66666999999998,28.41508,77.04353,Nischal
2018-05-20 02:45:00,131.0,150.33333000000002,28.41508,77.04353,Nischal
2018-05-20 03:00:00,119.0,135.66666999999998,28.41508,77.04353,Nischal
2018-05-20 03:15:00,109.33333600000002,125.66666399999998,28.41508,77.04353,Nischal
2018-05-20 03:30:00,97.0,113.66666399999998,28.41508,77.04353,Nischal
2018-05-20 03:45:00,87.666664,101.0,28.41508,77.04353,Nischal
2018-05-20 04:00:00,79.333336,92.666664,28.41508,77.04353,Nischal
2018-05-20 04:15:00,80.0,90.666664,28.41508,77.04353,Nischal
2018-05-20 04:30:00,91.333336,102.666664,28.41508,77.04353,Nischal
2018-05-20 04:45:00,86.0,97.333336,28.41508,77.04353,Nischal
2018-05-20 05:00:00,58.0,66.5,28.41508,77.04353,Nischal
2018-05-20 05:15:00,61.0,70.333336,28.41508,77.04353,Nischal
2018-05-20 05:30:00,74.333336,85.0,28.41508,77.04353,Nischal
2018-05-20 05:45:00,71.666664,83.666664,28.41508,77.04353,Nischal
2018-05-20 06:00:00,59.33333199999999,65.666664,28.41508,77.04353,Nischal
2018-05-20 06:15:00,45.666668,51.0,28.41508,77.04353,Nischal
2018-05-20 06:30:00,44.666668,49.666668,28.41508,77.04353,Nischal
2018-05-20 06:45:00,43.0,47.0,28.41508,77.04353,Nischal
2018-05-20 07:00:00,189.33333000000002,213.33333,28.41508,77.04353,Nischal
2018-05-20 07:15:00,55.0,61.66666800000001,28.41508,77.04353,Nischal
2018-05-20 07:30:00,35.333332,40.333332,28.41508,77.04353,Nischal
2018-05-20 07:45:00,31.0,34.333332,28.41508,77.04353,Nischal
2018-05-20 08:00:00,155.33333000000002,182.66666999999998,28.41508,77.04353,Nischal
2018-05-20 08:15:00,338.5,405.0,28.41508,77.04353,Nischal
2018-05-20 08:30:00,62.0,69.5,28.41508,77.04353,Nischal
2018-05-20 08:45:00,32.0,34.0,28.41508,77.04353,Nischal
2018-05-20 09:00:00,30.0,33.333332,28.41508,77.04353,Nischal
2018-05-20 09:15:00,30.5,33.0,28.41508,77.04353,Nischal
2018-05-20 09:30:00,29.666665999999996,32.333332,28.41508,77.04353,Nischal
2018-05-20 09:45:00,28.333334000000004,30.333334000000004,28.41508,77.04353,Nischal
2018-05-20 10:00:00,26.333334000000004,28.0,28.41508,77.04353,Nischal
2018-05-20 10:15:00,163.33333000000002,191.0,28.41508,77.04353,Nischal
2018-05-20 10:30:00,37.666668,42.0,28.41508,77.04353,Nischal
2018-05-20 10:45:00,26.333334000000004,28.333334000000004,28.41508,77.04353,Nischal
2018-05-20 11:00:00,25.666666,29.0,28.41508,77.04353,Nischal
2018-05-20 11:15:00,26.0,29.0,28.41508,77.04353,Nischal
2018-05-20 11:30:00,26.0,27.0,28.41508,77.04353,Nischal
2018-05-20 11:45:00,26.333334000000004,28.666665999999996,28.41508,77.04353,Nischal
2018-05-20 12:00:00,22.333334,24.666666,28.41508,77.04353,Nischal
2018-05-20 12:15:00,23.666666,26.666665999999996,28.41508,77.04353,Nischal
2018-05-20 12:30:00,26.666665999999996,28.333334000000004,28.41508,77.04353,Nischal
2018-05-20 12:45:00,31.666665999999996,35.666668,28.41508,77.04353,Nischal
2018-05-20 13:00:00,64.0,71.666664,28.41508,77.04353,Nischal
2018-05-20 13:15:00,51.666668,57.33333199999999,28.41508,77.04353,Nischal
2018-05-20 13:30:00,33.333332,37.333332,28.41508,77.04353,Nischal
2018-05-20 13:45:00,34.666668,39.333332,28.41508,77.04353,Nischal
2018-05-20 14:00:00,40.333332,44.0,28.41508,77.04353,Nischal
2018-05-20 14:15:00,35.666668,41.333332,28.41508,77.04353,Nischal
2018-05-20 14:30:00,31.666665999999996,35.666668,28.41508,77.04353,Nischal
2018-05-20 14:45:00,34.0,36.333332,28.41508,77.04353,Nischal
2018-05-20 15:00:00,41.0,45.0,28.41508,77.04353,Nischal
2018-05-20 15:15:00,55.5,62.5,28.41508,77.04353,Nischal
2018-05-20 15:30:00,58.33333199999999,65.666664,28.41508,77.04353,Nischal
2018-05-20 15:45:00,59.33333199999999,66.333336,28.41508,77.04353,Nischal
2018-05-20 16:00:00,62.33333199999999,72.0,28.41508,77.04353,Nischal
2018-05-20 16:15:00,70.666664,79.333336,28.41508,77.04353,Nischal
2018-05-20 16:30:00,74.333336,85.0,28.41508,77.04353,Nischal
2018-05-20 16:45:00,78.333336,92.333336,28.41508,77.04353,Nischal
2018-05-20 17:00:00,88.333336,100.666664,28.41508,77.04353,Nischal
2018-05-20 17:15:00,77.0,88.666664,28.41508,77.04353,Nischal
2018-05-20 17:30:00,81.666664,93.0,28.41508,77.04353,Nischal
2018-05-20 17:45:00,83.0,94.666664,28.41508,77.04353,Nischal
2018-05-20 18:00:00,82.0,90.333336,28.41508,77.04353,Nischal
2018-05-20 18:15:00,78.666664,88.333336,28.41508,77.04353,Nischal
2018-05-20 18:30:00,69.666664,75.0,28.41508,77.04353,Nischal
2018-05-20 18:45:00,62.33333199999999,68.0,28.41508,77.04353,Nischal
2018-05-20 19:00:00,58.33333199999999,63.0,28.41508,77.04353,Nischal
2018-05-20 19:15:00,57.66666800000001,64.0,28.41508,77.04353,Nischal
2018-05-20 19:30:00,55.66666800000001,62.0,28.41508,77.04353,Nischal
2018-05-20 19:45:00,55.66666800000001,63.33333199999999,28.41508,77.04353,Nischal
2018-05-20 20:00:00,49.0,52.333332,28.41508,77.04353,Nischal
2018-05-20 20:15:00,44.0,48.666668,28.41508,77.04353,Nischal
2018-05-20 20:30:00,41.333332,46.0,28.41508,77.04353,Nischal
2018-05-20 20:45:00,38.0,40.333332,28.41508,77.04353,Nischal
2018-05-20 21:00:00,34.333332,36.666668,28.41508,77.04353,Nischal
2018-05-20 21:15:00,34.333332,37.333332,28.41508,77.04353,Nischal
2018-05-20 21:30:00,32.666668,36.0,28.41508,77.04353,Nischal
2018-05-20 21:45:00,34.666668,37.333332,28.41508,77.04353,Nischal
2018-05-20 22:00:00,34.666668,37.666668,28.41508,77.04353,Nischal
2018-05-20 22:15:00,35.333332,39.666668,28.41508,77.04353,Nischal
2018-05-20 22:30:00,34.333332,37.0,28.41508,77.04353,Nischal
2018-05-20 22:45:00,33.333332,37.0,28.41508,77.04353,Nischal
2018-05-20 23:00:00,32.333332,34.333332,28.41508,77.04353,Nischal
2018-05-20 23:15:00,31.666665999999996,34.333332,28.41508,77.04353,Nischal
2018-05-20 23:30:00,33.0,38.0,28.41508,77.04353,Nischal
2018-05-20 23:45:00,35.0,38.666668,28.41508,77.04353,Nischal
2018-05-21 00:00:00,34.0,38.0,28.41508,77.04353,Nischal
2018-05-21 00:15:00,39.333332,41.666668,28.41508,77.04353,Nischal
2018-05-21 00:30:00,38.0,42.0,28.41508,77.04353,Nischal
2018-05-21 00:45:00,44.0,48.333332,28.41508,77.04353,Nischal
2018-05-21 01:00:00,50.0,55.0,28.41508,77.04353,Nischal
2018-05-21 01:15:00,55.0,58.66666800000001,28.41508,77.04353,Nischal
2018-05-21 01:30:00,64.666664,69.666664,28.41508,77.04353,Nischal
2018-05-21 01:45:00,68.666664,74.333336,28.41508,77.04353,Nischal
2018-05-21 02:00:00,74.333336,81.666664,28.41508,77.04353,Nischal
2018-05-21 02:15:00,86.333336,93.0,28.41508,77.04353,Nischal
2018-05-21 02:30:00,87.666664,97.666664,28.41508,77.04353,Nischal
2018-05-21 02:45:00,89.0,97.333336,28.41508,77.04353,Nischal
2018-05-21 03:00:00,87.333336,95.0,28.41508,77.04353,Nischal
2018-05-21 03:15:00,78.666664,87.0,28.41508,77.04353,Nischal
2018-05-21 03:30:00,76.333336,86.0,28.41508,77.04353,Nischal
2018-05-21 03:45:00,72.0,80.5,28.41508,77.04353,Nischal
2018-05-21 04:00:00,70.0,76.333336,28.41508,77.04353,Nischal
2018-05-21 04:15:00,67.333336,72.333336,28.41508,77.04353,Nischal
2018-05-21 04:30:00,76.333336,87.0,28.41508,77.04353,Nischal
2018-05-21 04:45:00,,,28.41508,77.04353,Nischal
2018-05-21 05:00:00,49.333332,55.33333199999999,28.41508,77.04353,Nischal
2018-05-21 05:15:00,65.333336,75.0,28.41508,77.04353,Nischal
2018-05-21 05:30:00,49.0,56.0,28.41508,77.04353,Nischal
2018-05-21 05:45:00,38.666668,44.666668,28.41508,77.04353,Nischal
2018-05-21 06:00:00,33.666668,36.666668,28.41508,77.04353,Nischal
2018-05-21 06:15:00,33.333332,37.0,28.41508,77.04353,Nischal
2018-05-21 06:30:00,34.666668,38.0,28.41508,77.04353,Nischal
2018-05-21 06:45:00,33.0,38.666668,28.41508,77.04353,Nischal
2018-05-21 07:00:00,40.0,45.333332,28.41508,77.04353,Nischal
2018-05-21 07:15:00,38.333332,40.666668,28.41508,77.04353,Nischal
2018-05-21 07:30:00,44.0,49.333332,28.41508,77.04353,Nischal
2018-05-21 07:45:00,27.666665999999996,30.0,28.41508,77.04353,Nischal
2018-05-21 08:00:00,24.666666,29.666665999999996,28.41508,77.04353,Nischal
2018-05-21 08:15:00,23.666666,26.333334000000004,28.41508,77.04353,Nischal
2018-05-21 08:30:00,21.333334,24.0,28.41508,77.04353,Nischal
2018-05-21 08:45:00,20.333334,22.0,28.41508,77.04353,Nischal
2018-05-21 09:00:00,43.333332,53.0,28.41508,77.04353,Nischal
2018-05-21 09:15:00,69.666664,76.333336,28.41508,77.04353,Nischal
2018-05-21 09:30:00,32.666668,35.0,28.41508,77.04353,Nischal
2018-05-21 09:45:00,21.666666,24.666666,28.41508,77.04353,Nischal
2018-05-21 10:00:00,20.0,22.0,28.41508,77.04353,Nischal
2018-05-21 10:15:00,17.666666,20.0,28.41508,77.04353,Nischal
2018-05-21 10:30:00,20.0,23.0,28.41508,77.04353,Nischal
2018-05-21 10:45:00,19.0,21.666666,28.41508,77.04353,Nischal
2018-05-21 11:00:00,19.666666,21.666666,28.41508,77.04353,Nischal
2018-05-21 11:15:00,19.666666,22.333334,28.41508,77.04353,Nischal
2018-05-21 11:30:00,20.333334,25.0,28.41508,77.04353,Nischal
2018-05-21 11:45:00,22.666666,25.666666,28.41508,77.04353,Nischal
2018-05-21 12:00:00,21.333334,24.0,28.41508,77.04353,Nischal
2018-05-21 12:15:00,21.333334,23.666666,28.41508,77.04353,Nischal
2018-05-21 12:30:00,20.333334,23.0,28.41508,77.04353,Nischal
2018-05-21 12:45:00,23.666666,26.666665999999996,28.41508,77.04353,Nischal
2018-05-21 13:00:00,22.0,23.0,28.41508,77.04353,Nischal
2018-05-21 13:15:00,22.666666,26.333334000000004,28.41508,77.04353,Nischal
2018-05-21 13:30:00,24.0,27.333334000000004,28.41508,77.04353,Nischal
2018-05-21 13:45:00,27.666665999999996,32.666668,28.41508,77.04353,Nischal
2018-05-21 14:00:00,31.666665999999996,34.333332,28.41508,77.04353,Nischal
2018-05-21 14:15:00,31.5,33.5,28.41508,77.04353,Nischal
2018-05-21 14:30:00,38.666668,42.666668,28.41508,77.04353,Nischal
2018-05-21 14:45:00,42.666668,48.333332,28.41508,77.04353,Nischal
2018-05-21 15:00:00,48.0,52.333332,28.41508,77.04353,Nischal
2018-05-21 15:15:00,47.0,52.0,28.41508,77.04353,Nischal
2018-05-21 15:30:00,47.333332,53.66666800000001,28.41508,77.04353,Nischal
2018-05-21 15:45:00,50.333332,54.33333199999999,28.41508,77.04353,Nischal
2018-05-21 16:00:00,53.66666800000001,61.0,28.41508,77.04353,Nischal
2018-05-21 16:15:00,58.33333199999999,66.0,28.41508,77.04353,Nischal
2018-05-21 16:30:00,59.66666800000001,66.666664,28.41508,77.04353,Nischal
2018-05-21 16:45:00,64.666664,72.333336,28.41508,77.04353,Nischal
2018-05-21 17:00:00,67.666664,76.666664,28.41508,77.04353,Nischal
2018-05-21 17:15:00,57.66666800000001,66.0,28.41508,77.04353,Nischal
2018-05-21 17:30:00,57.0,62.33333199999999,28.41508,77.04353,Nischal
2018-05-21 17:45:00,54.0,60.0,28.41508,77.04353,Nischal
2018-05-21 18:00:00,54.33333199999999,62.0,28.41508,77.04353,Nischal
2018-05-21 18:15:00,43.333332,47.666668,28.41508,77.04353,Nischal
2018-05-21 18:30:00,38.0,42.666668,28.41508,77.04353,Nischal
2018-05-21 18:45:00,34.0,37.666668,28.41508,77.04353,Nischal
2018-05-21 19:00:00,36.333332,38.666668,28.41508,77.04353,Nischal
2018-05-21 19:15:00,35.0,38.666668,28.41508,77.04353,Nischal
2018-05-21 19:30:00,35.0,38.666668,28.41508,77.04353,Nischal
2018-05-21 19:45:00,36.0,40.666668,28.41508,77.04353,Nischal
2018-05-21 20:00:00,38.0,42.0,28.41508,77.04353,Nischal
2018-05-21 20:15:00,38.0,41.333332,28.41508,77.04353,Nischal
2018-05-21 20:30:00,36.333332,41.333332,28.41508,77.04353,Nischal
2018-05-21 20:45:00,36.0,39.333332,28.41508,77.04353,Nischal
2018-05-21 21:00:00,36.0,39.0,28.41508,77.04353,Nischal
2018-05-21 21:15:00,36.666668,40.333332,28.41508,77.04353,Nischal
2018-05-21 21:30:00,36.666668,40.0,28.41508,77.04353,Nischal
2018-05-21 21:45:00,39.666668,42.333332,28.41508,77.04353,Nischal
2018-05-21 22:00:00,40.0,44.666668,28.41508,77.04353,Nischal
2018-05-21 22:15:00,40.333332,44.333332,28.41508,77.04353,Nischal
2018-05-21 22:30:00,37.333332,39.0,28.41508,77.04353,Nischal
2018-05-21 22:45:00,38.0,44.333332,28.41508,77.04353,Nischal
2018-05-21 23:00:00,41.333332,45.333332,28.41508,77.04353,Nischal
2018-05-21 23:15:00,45.0,47.0,28.41508,77.04353,Nischal
2018-05-21 23:30:00,47.0,52.66666800000001,28.41508,77.04353,Nischal
2018-05-21 23:45:00,50.666668,57.0,28.41508,77.04353,Nischal
2018-05-22 00:00:00,64.0,71.0,28.41508,77.04353,Nischal
2018-05-22 00:15:00,82.0,90.666664,28.41508,77.04353,Nischal
2018-05-22 00:30:00,94.0,105.66666399999998,28.41508,77.04353,Nischal
2018-05-22 00:45:00,103.666664,113.66666399999998,28.41508,77.04353,Nischal
2018-05-22 01:00:00,97.333336,109.66666399999998,28.41508,77.04353,Nischal
2018-05-22 01:15:00,104.0,115.0,28.41508,77.04353,Nischal
2018-05-22 01:30:00,106.0,117.66666399999998,28.41508,77.04353,Nischal
2018-05-22 01:45:00,113.33333600000002,129.66666999999998,28.41508,77.04353,Nischal
2018-05-22 02:00:00,132.0,154.33333000000002,28.41508,77.04353,Nischal
2018-05-22 02:15:00,150.0,168.33333000000002,28.41508,77.04353,Nischal
2018-05-22 02:30:00,147.33333000000002,170.33333000000002,28.41508,77.04353,Nischal
2018-05-22 02:45:00,142.33333000000002,165.33333000000002,28.41508,77.04353,Nischal
2018-05-22 03:00:00,143.0,161.66666999999998,28.41508,77.04353,Nischal
2018-05-22 03:15:00,146.66666999999998,166.33333000000002,28.41508,77.04353,Nischal
2018-05-22 03:30:00,129.0,143.33333000000002,28.41508,77.04353,Nischal
2018-05-22 03:45:00,113.0,131.33333000000002,28.41508,77.04353,Nischal
2018-05-22 04:00:00,106.66666399999998,119.33333600000002,28.41508,77.04353,Nischal
2018-05-22 04:15:00,129.0,147.33333000000002,28.41508,77.04353,Nischal
2018-05-22 04:30:00,169.33333000000002,195.0,28.41508,77.04353,Nischal
2018-05-22 04:45:00,145.0,165.33333000000002,28.41508,77.04353,Nischal
2018-05-22 05:00:00,93.0,103.333336,28.41508,77.04353,Nischal
2018-05-22 05:15:00,80.333336,90.333336,28.41508,77.04353,Nischal
2018-05-22 05:30:00,81.333336,91.333336,28.41508,77.04353,Nischal
2018-05-22 05:45:00,77.666664,87.0,28.41508,77.04353,Nischal
2018-05-22 06:00:00,70.333336,78.0,28.41508,77.04353,Nischal
2018-05-22 06:15:00,61.66666800000001,71.0,28.41508,77.04353,Nischal
2018-05-22 06:30:00,51.0,55.33333199999999,28.41508,77.04353,Nischal
2018-05-22 06:45:00,44.666668,48.666668,28.41508,77.04353,Nischal
2018-05-22 07:00:00,43.333332,45.666668,28.41508,77.04353,Nischal
2018-05-22 07:15:00,41.0,45.0,28.41508,77.04353,Nischal
2018-05-22 07:30:00,43.666668,47.333332,28.41508,77.04353,Nischal
2018-05-22 07:45:00,41.333332,44.333332,28.41508,77.04353,Nischal
2018-05-22 08:00:00,44.0,49.0,28.41508,77.04353,Nischal
2018-05-22 08:15:00,44.666668,49.0,28.41508,77.04353,Nischal
2018-05-22 08:30:00,45.333332,50.333332,28.41508,77.04353,Nischal
2018-05-22 08:45:00,44.0,48.0,28.41508,77.04353,Nischal
2018-05-22 09:00:00,44.0,47.0,28.41508,77.04353,Nischal
2018-05-22 09:15:00,46.333332,50.666668,28.41508,77.04353,Nischal
2018-05-22 09:30:00,43.666668,47.666668,28.41508,77.04353,Nischal
2018-05-22 09:45:00,41.0,45.666668,28.41508,77.04353,Nischal
2018-05-22 10:00:00,44.666668,49.0,28.41508,77.04353,Nischal
2018-05-22 10:15:00,44.666668,48.333332,28.41508,77.04353,Nischal
2018-05-22 10:30:00,44.666668,49.0,28.41508,77.04353,Nischal
2018-05-22 10:45:00,45.666668,48.666668,28.41508,77.04353,Nischal
2018-05-22 11:00:00,45.0,51.0,28.41508,77.04353,Nischal
2018-05-22 11:15:00,46.0,49.333332,28.41508,77.04353,Nischal
2018-05-22 11:30:00,46.5,52.0,28.41508,77.04353,Nischal
2018-05-22 11:45:00,50.333332,56.66666800000001,28.41508,77.04353,Nischal
2018-05-22 12:00:00,45.333332,49.666668,28.41508,77.04353,Nischal
2018-05-22 12:15:00,46.0,49.333332,28.41508,77.04353,Nischal
2018-05-22 12:30:00,47.0,51.0,28.41508,77.04353,Nischal
2018-05-22 12:45:00,52.0,57.0,28.41508,77.04353,Nischal
2018-05-22 13:00:00,54.33333199999999,59.66666800000001,28.41508,77.04353,Nischal
2018-05-22 13:15:00,56.66666800000001,63.33333199999999,28.41508,77.04353,Nischal
2018-05-22 13:30:00,61.0,68.666664,28.41508,77.04353,Nischal
2018-05-22 13:45:00,63.0,68.666664,28.41508,77.04353,Nischal
2018-05-22 14:00:00,76.0,82.666664,28.41508,77.04353,Nischal
2018-05-22 14:15:00,65.0,75.0,28.41508,77.04353,Nischal
2018-05-22 14:30:00,77.0,84.0,28.41508,77.04353,Nischal
2018-05-22 14:45:00,78.666664,87.666664,28.41508,77.04353,Nischal
2018-05-22 15:00:00,79.333336,85.0,28.41508,77.04353,Nischal
2018-05-22 15:15:00,86.333336,95.0,28.41508,77.04353,Nischal
2018-05-22 15:30:00,82.333336,89.0,28.41508,77.04353,Nischal
2018-05-22 15:45:00,82.333336,89.333336,28.41508,77.04353,Nischal
2018-05-22 16:00:00,86.666664,97.333336,28.41508,77.04353,Nischal
2018-05-22 16:15:00,100.666664,111.0,28.41508,77.04353,Nischal
2018-05-22 16:30:00,89.0,98.666664,28.41508,77.04353,Nischal
2018-05-22 16:45:00,82.0,92.333336,28.41508,77.04353,Nischal
2018-05-22 17:00:00,84.333336,93.666664,28.41508,77.04353,Nischal
2018-05-22 17:15:00,86.666664,95.666664,28.41508,77.04353,Nischal
2018-05-22 17:30:00,89.0,100.333336,28.41508,77.04353,Nischal
2018-05-22 17:45:00,90.666664,100.666664,28.41508,77.04353,Nischal
2018-05-22 18:00:00,90.333336,102.666664,28.41508,77.04353,Nischal
2018-05-22 18:15:00,95.0,102.666664,28.41508,77.04353,Nischal
2018-05-22 18:30:00,102.333336,115.33333600000002,28.41508,77.04353,Nischal
2018-05-22 18:45:00,100.333336,108.0,28.41508,77.04353,Nischal
2018-05-22 19:00:00,103.0,113.33333600000002,28.41508,77.04353,Nischal
2018-05-22 19:15:00,107.0,118.66666399999998,28.41508,77.04353,Nischal
2018-05-22 19:30:00,101.0,110.66666399999998,28.41508,77.04353,Nischal
2018-05-22 19:45:00,108.33333600000002,121.33333600000002,28.41508,77.04353,Nischal
2018-05-22 20:00:00,107.33333600000002,114.33333600000002,28.41508,77.04353,Nischal
2018-05-22 20:15:00,110.66666399999998,120.0,28.41508,77.04353,Nischal
2018-05-22 20:30:00,115.0,127.66666399999998,28.41508,77.04353,Nischal
2018-05-22 20:45:00,118.0,128.0,28.41508,77.04353,Nischal
2018-05-22 21:00:00,112.66666399999998,125.66666399999998,28.41508,77.04353,Nischal
2018-05-22 21:15:00,109.66666399999998,121.0,28.41508,77.04353,Nischal
2018-05-22 21:30:00,113.66666399999998,125.33333600000002,28.41508,77.04353,Nischal
2018-05-22 21:45:00,122.66666399999998,134.0,28.41508,77.04353,Nischal
2018-05-22 22:00:00,123.0,140.33333000000002,28.41508,77.04353,Nischal
2018-05-22 22:15:00,126.0,142.0,28.41508,77.04353,Nischal
2018-05-22 22:30:00,124.33333600000002,139.66666999999998,28.41508,77.04353,Nischal
2018-05-22 22:45:00,121.0,139.0,28.41508,77.04353,Nischal
2018-05-22 23:00:00,119.33333600000002,132.33333000000002,28.41508,77.04353,Nischal
2018-05-22 23:15:00,121.66666399999998,132.33333000000002,28.41508,77.04353,Nischal
2018-05-22 23:30:00,124.33333600000002,138.66666999999998,28.41508,77.04353,Nischal
2018-05-22 23:45:00,121.33333600000002,133.33333000000002,28.41508,77.04353,Nischal
2018-05-23 00:00:00,124.66666399999998,136.33333000000002,28.41508,77.04353,Nischal
2018-05-23 00:15:00,126.0,138.33333000000002,28.41508,77.04353,Nischal
2018-05-23 00:30:00,129.0,140.0,28.41508,77.04353,Nischal
2018-05-23 00:45:00,135.33333000000002,151.33333000000002,28.41508,77.04353,Nischal
2018-05-23 01:00:00,139.66666999999998,158.0,28.41508,77.04353,Nischal
2018-05-23 01:15:00,147.66666999999998,166.66666999999998,28.41508,77.04353,Nischal
2018-05-23 01:30:00,158.66666999999998,180.66666999999998,28.41508,77.04353,Nischal
2018-05-23 01:45:00,164.66666999999998,185.33333000000002,28.41508,77.04353,Nischal
2018-05-23 02:00:00,159.0,176.0,28.41508,77.04353,Nischal
2018-05-23 02:15:00,173.33333000000002,194.33333000000002,28.41508,77.04353,Nischal
2018-05-23 02:30:00,175.33333000000002,194.66666999999998,28.41508,77.04353,Nischal
2018-05-23 02:45:00,187.66666999999998,215.66667,28.41508,77.04353,Nischal
2018-05-23 03:00:00,185.0,217.66667,28.41508,77.04353,Nischal
2018-05-23 03:15:00,170.0,192.33333000000002,28.41508,77.04353,Nischal
2018-05-23 03:30:00,155.33333000000002,171.66666999999998,28.41508,77.04353,Nischal
2018-05-23 03:45:00,136.0,154.66666999999998,28.41508,77.04353,Nischal
2018-05-23 04:00:00,126.66666399999998,146.0,28.41508,77.04353,Nischal
2018-05-23 04:15:00,117.33333600000002,132.0,28.41508,77.04353,Nischal
2018-05-23 04:30:00,114.0,127.33333600000002,28.41508,77.04353,Nischal
2018-05-23 04:45:00,126.0,137.33333000000002,28.41508,77.04353,Nischal
2018-05-23 05:00:00,137.0,152.33333000000002,28.41508,77.04353,Nischal
2018-05-23 05:15:00,157.66666999999998,174.0,28.41508,77.04353,Nischal
2018-05-23 05:30:00,141.0,155.33333000000002,28.41508,77.04353,Nischal
2018-05-23 05:45:00,132.33333000000002,145.0,28.41508,77.04353,Nischal
2018-05-23 06:00:00,127.0,140.0,28.41508,77.04353,Nischal
2018-05-23 06:15:00,129.66666999999998,143.0,28.41508,77.04353,Nischal
2018-05-23 06:30:00,101.333336,112.66666399999998,28.41508,77.04353,Nischal
2018-05-23 06:45:00,90.0,97.0,28.41508,77.04353,Nischal
2018-05-23 07:00:00,82.0,88.5,28.41508,77.04353,Nischal
2018-05-23 07:15:00,79.666664,85.666664,28.41508,77.04353,Nischal
2018-05-23 07:30:00,65.666664,73.0,28.41508,77.04353,Nischal
2018-05-23 07:45:00,62.66666800000001,69.666664,28.41508,77.04353,Nischal
2018-05-23 08:00:00,71.0,76.333336,28.41508,77.04353,Nischal
2018-05-23 08:15:00,69.333336,76.666664,28.41508,77.04353,Nischal
2018-05-23 08:30:00,92.666664,104.333336,28.41508,77.04353,Nischal
2018-05-23 08:45:00,101.0,111.66666399999998,28.41508,77.04353,Nischal
2018-05-23 09:00:00,107.66666399999998,119.33333600000002,28.41508,77.04353,Nischal
2018-05-23 09:15:00,97.0,106.5,28.41508,77.04353,Nischal
2018-05-23 09:30:00,85.666664,97.0,28.41508,77.04353,Nischal
2018-05-23 09:45:00,79.666664,86.333336,28.41508,77.04353,Nischal
2018-05-23 10:00:00,73.333336,84.0,28.41508,77.04353,Nischal
2018-05-23 10:15:00,72.333336,81.333336,28.41508,77.04353,Nischal
2018-05-23 10:30:00,67.666664,74.0,28.41508,77.04353,Nischal
2018-05-23 10:45:00,66.666664,73.0,28.41508,77.04353,Nischal
2018-05-23 11:00:00,62.0,68.0,28.41508,77.04353,Nischal
2018-05-23 11:15:00,57.0,63.0,28.41508,77.04353,Nischal
2018-05-23 11:30:00,59.0,64.666664,28.41508,77.04353,Nischal
2018-05-23 11:45:00,58.33333199999999,64.0,28.41508,77.04353,Nischal
2018-05-23 12:00:00,57.33333199999999,61.66666800000001,28.41508,77.04353,Nischal
2018-05-23 12:15:00,60.33333199999999,65.0,28.41508,77.04353,Nischal
2018-05-23 12:30:00,58.0,66.333336,28.41508,77.04353,Nischal
2018-05-23 12:45:00,60.0,67.0,28.41508,77.04353,Nischal
2018-05-23 13:00:00,56.33333199999999,61.0,28.41508,77.04353,Nischal
2018-05-23 13:15:00,59.33333199999999,68.333336,28.41508,77.04353,Nischal
2018-05-23 13:30:00,59.5,64.0,28.41508,77.04353,Nischal
2018-05-23 13:45:00,62.66666800000001,70.333336,28.41508,77.04353,Nischal
2018-05-23 14:00:00,65.666664,73.333336,28.41508,77.04353,Nischal
2018-05-23 14:15:00,67.666664,74.0,28.41508,77.04353,Nischal
2018-05-23 14:30:00,67.0,72.666664,28.41508,77.04353,Nischal
2018-05-23 14:45:00,70.666664,78.333336,28.41508,77.04353,Nischal
2018-05-23 15:00:00,68.333336,76.0,28.41508,77.04353,Nischal
2018-05-23 15:15:00,71.0,79.0,28.41508,77.04353,Nischal
2018-05-23 15:30:00,72.0,80.0,28.41508,77.04353,Nischal
2018-05-23 15:45:00,70.333336,80.0,28.41508,77.04353,Nischal
2018-05-23 16:00:00,73.666664,85.333336,28.41508,77.04353,Nischal
2018-05-23 16:15:00,71.666664,78.666664,28.41508,77.04353,Nischal
2018-05-23 16:30:00,69.333336,79.333336,28.41508,77.04353,Nischal
2018-05-23 16:45:00,75.333336,84.666664,28.41508,77.04353,Nischal
2018-05-23 17:00:00,78.666664,87.333336,28.41508,77.04353,Nischal
2018-05-23 17:15:00,72.0,79.666664,28.41508,77.04353,Nischal
2018-05-23 17:30:00,57.0,62.66666800000001,28.41508,77.04353,Nischal
2018-05-23 17:45:00,59.66666800000001,64.0,28.41508,77.04353,Nischal
2018-05-23 18:00:00,73.333336,80.666664,28.41508,77.04353,Nischal
2018-05-23 18:15:00,96.666664,108.0,28.41508,77.04353,Nischal
2018-05-23 18:30:00,108.33333600000002,124.0,28.41508,77.04353,Nischal
2018-05-23 18:45:00,96.0,104.666664,28.41508,77.04353,Nischal
2018-05-23 19:00:00,92.666664,103.0,28.41508,77.04353,Nischal
2018-05-23 19:15:00,95.666664,104.666664,28.41508,77.04353,Nischal
2018-05-23 19:30:00,101.333336,112.33333600000002,28.41508,77.04353,Nischal
2018-05-23 19:45:00,100.333336,112.33333600000002,28.41508,77.04353,Nischal
2018-05-23 20:00:00,100.666664,111.0,28.41508,77.04353,Nischal
2018-05-23 20:15:00,93.0,103.333336,28.41508,77.04353,Nischal
2018-05-23 20:30:00,92.666664,101.0,28.41508,77.04353,Nischal
2018-05-23 20:45:00,86.333336,95.0,28.41508,77.04353,Nischal
2018-05-23 21:00:00,81.666664,91.333336,28.41508,77.04353,Nischal
2018-05-23 21:15:00,75.666664,82.333336,28.41508,77.04353,Nischal
2018-05-23 21:30:00,75.0,85.333336,28.41508,77.04353,Nischal
2018-05-23 21:45:00,73.333336,82.333336,28.41508,77.04353,Nischal
2018-05-23 22:00:00,72.333336,80.0,28.41508,77.04353,Nischal
2018-05-23 22:15:00,70.333336,76.0,28.41508,77.04353,Nischal
2018-05-23 22:30:00,72.333336,78.0,28.41508,77.04353,Nischal
2018-05-23 22:45:00,67.666664,72.666664,28.41508,77.04353,Nischal
2018-05-23 23:00:00,69.0,76.0,28.41508,77.04353,Nischal
2018-05-23 23:15:00,66.0,71.666664,28.41508,77.04353,Nischal
2018-05-23 23:30:00,67.0,74.0,28.41508,77.04353,Nischal
2018-05-23 23:45:00,69.0,77.0,28.41508,77.04353,Nischal
2018-05-24 00:00:00,78.666664,86.0,28.41508,77.04353,Nischal
2018-05-24 00:15:00,91.666664,102.666664,28.41508,77.04353,Nischal
2018-05-24 00:30:00,101.666664,114.33333600000002,28.41508,77.04353,Nischal
2018-05-24 00:45:00,103.333336,121.33333600000002,28.41508,77.04353,Nischal
2018-05-24 01:00:00,116.33333600000002,139.66666999999998,28.41508,77.04353,Nischal
2018-05-24 01:15:00,115.66666399999998,135.66666999999998,28.41508,77.04353,Nischal
2018-05-24 01:30:00,120.33333600000002,140.33333000000002,28.41508,77.04353,Nischal
2018-05-24 01:45:00,124.66666399999998,140.33333000000002,28.41508,77.04353,Nischal
2018-05-24 02:00:00,122.66666399999998,139.0,28.41508,77.04353,Nischal
2018-05-24 02:15:00,123.0,139.33333000000002,28.41508,77.04353,Nischal
2018-05-24 02:30:00,141.66666999999998,167.33333000000002,28.41508,77.04353,Nischal
2018-05-24 02:45:00,134.66666999999998,162.33333000000002,28.41508,77.04353,Nischal
2018-05-24 03:00:00,132.33333000000002,155.66666999999998,28.41508,77.04353,Nischal
2018-05-24 03:15:00,130.0,153.0,28.41508,77.04353,Nischal
2018-05-24 03:30:00,144.0,169.66666999999998,28.41508,77.04353,Nischal
2018-05-24 03:45:00,136.66666999999998,160.66666999999998,28.41508,77.04353,Nischal
2018-05-24 04:00:00,127.66666399999998,147.0,28.41508,77.04353,Nischal
2018-05-24 04:15:00,131.33333000000002,151.0,28.41508,77.04353,Nischal
2018-05-24 04:30:00,128.0,144.33333000000002,28.41508,77.04353,Nischal
2018-05-24 04:45:00,137.33333000000002,154.66666999999998,28.41508,77.04353,Nischal
2018-05-24 05:00:00,150.0,170.66666999999998,28.41508,77.04353,Nischal
2018-05-24 05:15:00,155.66666999999998,178.66666999999998,28.41508,77.04353,Nischal
2018-05-24 05:30:00,159.33333000000002,182.33333000000002,28.41508,77.04353,Nischal
2018-05-24 05:45:00,137.33333000000002,153.33333000000002,28.41508,77.04353,Nischal
2018-05-24 06:00:00,130.66666999999998,143.66666999999998,28.41508,77.04353,Nischal
2018-05-24 06:15:00,106.0,118.0,28.41508,77.04353,Nischal
2018-05-24 06:30:00,90.666664,102.666664,28.41508,77.04353,Nischal
2018-05-24 06:45:00,71.0,78.666664,28.41508,77.04353,Nischal
2018-05-24 07:00:00,50.333332,56.0,28.41508,77.04353,Nischal
2018-05-24 07:15:00,39.666668,42.333332,28.41508,77.04353,Nischal
2018-05-24 07:30:00,48.666668,53.33333199999999,28.41508,77.04353,Nischal
2018-05-24 07:45:00,59.66666800000001,66.666664,28.41508,77.04353,Nischal
2018-05-24 08:00:00,65.0,72.0,28.41508,77.04353,Nischal
2018-05-24 08:15:00,67.666664,74.666664,28.41508,77.04353,Nischal
2018-05-24 08:30:00,71.333336,76.666664,28.41508,77.04353,Nischal
2018-05-24 08:45:00,72.333336,78.0,28.41508,77.04353,Nischal
2018-05-24 09:00:00,56.0,60.66666800000001,28.41508,77.04353,Nischal
2018-05-24 09:15:00,46.0,48.333332,28.41508,77.04353,Nischal
2018-05-24 09:30:00,41.0,44.666668,28.41508,77.04353,Nischal
2018-05-24 09:45:00,36.0,40.333332,28.41508,77.04353,Nischal
2018-05-24 10:00:00,35.0,40.0,28.41508,77.04353,Nischal
2018-05-24 10:15:00,33.333332,37.666668,28.41508,77.04353,Nischal
2018-05-24 10:30:00,35.0,40.0,28.41508,77.04353,Nischal
2018-05-24 10:45:00,35.666668,37.666668,28.41508,77.04353,Nischal
2018-05-24 11:00:00,31.666665999999996,34.333332,28.41508,77.04353,Nischal
2018-05-24 11:15:00,33.666668,36.666668,28.41508,77.04353,Nischal
2018-05-24 11:30:00,33.0,35.0,28.41508,77.04353,Nischal
2018-05-24 11:45:00,32.0,36.333332,28.41508,77.04353,Nischal
2018-05-24 12:00:00,38.333332,42.0,28.41508,77.04353,Nischal
2018-05-24 12:15:00,44.666668,47.0,28.41508,77.04353,Nischal
2018-05-24 12:30:00,36.0,38.333332,28.41508,77.04353,Nischal
2018-05-24 12:45:00,37.666668,41.666668,28.41508,77.04353,Nischal
2018-05-24 13:00:00,38.0,41.0,28.41508,77.04353,Nischal
2018-05-24 13:15:00,34.0,36.666668,28.41508,77.04353,Nischal
2018-05-24 13:30:00,34.333332,38.666668,28.41508,77.04353,Nischal
2018-05-24 13:45:00,38.666668,43.666668,28.41508,77.04353,Nischal
2018-05-24 14:00:00,43.333332,47.333332,28.41508,77.04353,Nischal
2018-05-24 14:15:00,44.333332,46.666668,28.41508,77.04353,Nischal
2018-05-24 14:30:00,46.333332,51.333332,28.41508,77.04353,Nischal
2018-05-24 14:45:00,45.333332,50.0,28.41508,77.04353,Nischal
2018-05-24 15:00:00,45.333332,47.333332,28.41508,77.04353,Nischal
2018-05-24 15:15:00,48.0,52.0,28.41508,77.04353,Nischal
2018-05-24 15:30:00,47.0,54.0,28.41508,77.04353,Nischal
2018-05-24 15:45:00,43.333332,50.333332,28.41508,77.04353,Nischal
2018-05-24 16:00:00,36.666668,40.333332,28.41508,77.04353,Nischal
2018-05-24 16:15:00,31.333334000000004,33.0,28.41508,77.04353,Nischal
2018-05-24 16:30:00,30.333334000000004,32.0,28.41508,77.04353,Nischal
2018-05-24 16:45:00,31.0,33.666668,28.41508,77.04353,Nischal
2018-05-24 17:00:00,30.666665999999996,34.0,28.41508,77.04353,Nischal
2018-05-24 17:15:00,32.0,34.0,28.41508,77.04353,Nischal
2018-05-24 17:30:00,36.333332,39.0,28.41508,77.04353,Nischal
2018-05-24 17:45:00,38.333332,41.333332,28.41508,77.04353,Nischal
2018-05-24 18:00:00,40.666668,43.333332,28.41508,77.04353,Nischal
2018-05-24 18:15:00,37.0,43.333332,28.41508,77.04353,Nischal
2018-05-24 18:30:00,42.666668,45.666668,28.41508,77.04353,Nischal
2018-05-24 18:45:00,51.0,54.33333199999999,28.41508,77.04353,Nischal
2018-05-24 19:00:00,54.33333199999999,61.33333199999999,28.41508,77.04353,Nischal
2018-05-24 19:15:00,53.33333199999999,56.66666800000001,28.41508,77.04353,Nischal
2018-05-24 19:30:00,55.33333199999999,59.66666800000001,28.41508,77.04353,Nischal
2018-05-24 19:45:00,55.0,61.66666800000001,28.41508,77.04353,Nischal
2018-05-24 20:00:00,53.0,59.33333199999999,28.41508,77.04353,Nischal
2018-05-24 20:15:00,54.66666800000001,61.33333199999999,28.41508,77.04353,Nischal
2018-05-24 20:30:00,51.666668,57.0,28.41508,77.04353,Nischal
2018-05-24 20:45:00,51.333332,57.66666800000001,28.41508,77.04353,Nischal
2018-05-24 21:00:00,53.66666800000001,60.0,28.41508,77.04353,Nischal
2018-05-24 21:15:00,53.66666800000001,58.33333199999999,28.41508,77.04353,Nischal
2018-05-24 21:30:00,54.33333199999999,57.66666800000001,28.41508,77.04353,Nischal
2018-05-24 21:45:00,57.66666800000001,63.0,28.41508,77.04353,Nischal
2018-05-24 22:00:00,57.0,63.0,28.41508,77.04353,Nischal
2018-05-24 22:15:00,59.66666800000001,64.0,28.41508,77.04353,Nischal
2018-05-24 22:30:00,56.0,62.0,28.41508,77.04353,Nischal
2018-05-24 22:45:00,56.66666800000001,60.33333199999999,28.41508,77.04353,Nischal
2018-05-24 23:00:00,52.66666800000001,56.66666800000001,28.41508,77.04353,Nischal
2018-05-24 23:15:00,53.66666800000001,57.0,28.41508,77.04353,Nischal
2018-05-24 23:30:00,55.0,59.0,28.41508,77.04353,Nischal
2018-05-24 23:45:00,59.0,63.0,28.41508,77.04353,Nischal
2018-05-25 00:00:00,62.66666800000001,70.666664,28.41508,77.04353,Nischal
2018-05-25 00:15:00,73.666664,82.666664,28.41508,77.04353,Nischal
2018-05-25 00:30:00,99.666664,110.66666399999998,28.41508,77.04353,Nischal
2018-05-25 00:45:00,111.33333600000002,123.0,28.41508,77.04353,Nischal
2018-05-25 01:00:00,119.0,133.66666999999998,28.41508,77.04353,Nischal
2018-05-25 01:15:00,128.33333000000002,143.33333000000002,28.41508,77.04353,Nischal
2018-05-25 01:30:00,125.0,140.33333000000002,28.41508,77.04353,Nischal
2018-05-25 01:45:00,118.66666399999998,131.0,28.41508,77.04353,Nischal
2018-05-25 02:00:00,119.33333600000002,133.66666999999998,28.41508,77.04353,Nischal
2018-05-25 02:15:00,114.66666399999998,129.0,28.41508,77.04353,Nischal
2018-05-25 02:30:00,115.0,133.33333000000002,28.41508,77.04353,Nischal
2018-05-25 02:45:00,125.33333600000002,141.0,28.41508,77.04353,Nischal
2018-05-25 03:00:00,123.66666399999998,142.66666999999998,28.41508,77.04353,Nischal
2018-05-25 03:15:00,121.0,138.0,28.41508,77.04353,Nischal
2018-05-25 03:30:00,117.66666399999998,136.33333000000002,28.41508,77.04353,Nischal
2018-05-25 03:45:00,113.0,127.33333600000002,28.41508,77.04353,Nischal
2018-05-25 04:00:00,109.0,125.66666399999998,28.41508,77.04353,Nischal
2018-05-25 04:15:00,106.33333600000002,116.0,28.41508,77.04353,Nischal
2018-05-25 04:30:00,91.666664,106.0,28.41508,77.04353,Nischal
2018-05-25 04:45:00,78.0,88.333336,28.41508,77.04353,Nischal
2018-05-25 05:00:00,71.333336,76.666664,28.41508,77.04353,Nischal
2018-05-25 05:15:00,67.333336,72.0,28.41508,77.04353,Nischal
2018-05-25 05:30:00,59.0,63.66666800000001,28.41508,77.04353,Nischal
2018-05-25 05:45:00,47.0,52.0,28.41508,77.04353,Nischal
2018-05-25 06:00:00,43.0,44.0,28.41508,77.04353,Nischal
2018-05-25 06:15:00,41.0,45.0,28.41508,77.04353,Nischal
2018-05-25 06:30:00,39.333332,43.333332,28.41508,77.04353,Nischal
2018-05-25 06:45:00,40.0,42.333332,28.41508,77.04353,Nischal
2018-05-25 07:00:00,37.0,40.0,28.41508,77.04353,Nischal
2018-05-25 07:15:00,35.0,38.0,28.41508,77.04353,Nischal
2018-05-25 07:30:00,30.333334000000004,32.666668,28.41508,77.04353,Nischal
2018-05-25 07:45:00,25.333334,27.666665999999996,28.41508,77.04353,Nischal
2018-05-25 08:00:00,32.333332,35.333332,28.41508,77.04353,Nischal
2018-05-25 08:15:00,27.333334000000004,28.666665999999996,28.41508,77.04353,Nischal
2018-05-25 08:30:00,24.666666,26.0,28.41508,77.04353,Nischal
2018-05-25 08:45:00,22.0,25.666666,28.41508,77.04353,Nischal
2018-05-25 09:00:00,23.0,24.666666,28.41508,77.04353,Nischal
2018-05-25 09:15:00,24.0,26.666665999999996,28.41508,77.04353,Nischal
2018-05-25 09:30:00,18.666666,19.333334,28.41508,77.04353,Nischal
2018-05-25 09:45:00,19.666666,22.0,28.41508,77.04353,Nischal
2018-05-25 10:00:00,19.333334,21.666666,28.41508,77.04353,Nischal
2018-05-25 10:15:00,21.0,22.333334,28.41508,77.04353,Nischal
2018-05-25 10:30:00,19.333334,21.666666,28.41508,77.04353,Nischal
2018-05-25 10:45:00,18.333334,20.0,28.41508,77.04353,Nischal
2018-05-25 11:00:00,19.0,21.333334,28.41508,77.04353,Nischal
2018-05-25 11:15:00,18.666666,20.333334,28.41508,77.04353,Nischal
2018-05-25 11:30:00,19.666666,20.666666,28.41508,77.04353,Nischal
2018-05-25 11:45:00,19.333334,21.666666,28.41508,77.04353,Nischal
2018-05-25 12:00:00,20.5,22.5,28.41508,77.04353,Nischal
2018-05-25 12:15:00,22.666666,24.666666,28.41508,77.04353,Nischal
2018-05-25 12:30:00,23.5,25.5,28.41508,77.04353,Nischal
2018-05-25 12:45:00,24.666666,28.333334000000004,28.41508,77.04353,Nischal
2018-05-25 13:00:00,25.666666,27.666665999999996,28.41508,77.04353,Nischal
2018-05-25 13:15:00,25.666666,29.0,28.41508,77.04353,Nischal
2018-05-25 13:30:00,29.0,31.666665999999996,28.41508,77.04353,Nischal
2018-05-25 13:45:00,76.666664,88.333336,28.41508,77.04353,Nischal
2018-05-25 14:00:00,58.33333199999999,64.333336,28.41508,77.04353,Nischal
2018-05-25 14:15:00,49.666668,52.66666800000001,28.41508,77.04353,Nischal
2018-05-25 14:30:00,44.0,48.666668,28.41508,77.04353,Nischal
2018-05-25 14:45:00,40.333332,43.666668,28.41508,77.04353,Nischal
2018-05-25 15:00:00,43.0,47.0,28.41508,77.04353,Nischal
2018-05-25 15:15:00,39.666668,43.333332,28.41508,77.04353,Nischal
2018-05-25 15:30:00,41.0,46.0,28.41508,77.04353,Nischal
2018-05-25 15:45:00,46.333332,52.0,28.41508,77.04353,Nischal
2018-05-25 16:00:00,49.0,53.0,28.41508,77.04353,Nischal
2018-05-25 16:15:00,51.0,56.33333199999999,28.41508,77.04353,Nischal
2018-05-25 16:30:00,56.33333199999999,63.33333199999999,28.41508,77.04353,Nischal
2018-05-25 16:45:00,65.0,71.333336,28.41508,77.04353,Nischal
2018-05-25 17:00:00,67.0,74.0,28.41508,77.04353,Nischal
2018-05-25 17:15:00,60.66666800000001,66.333336,28.41508,77.04353,Nischal
2018-05-25 17:30:00,58.33333199999999,64.333336,28.41508,77.04353,Nischal
2018-05-25 17:45:00,59.33333199999999,64.333336,28.41508,77.04353,Nischal
2018-05-25 18:00:00,59.66666800000001,66.666664,28.41508,77.04353,Nischal
2018-05-25 18:15:00,61.0,70.333336,28.41508,77.04353,Nischal
2018-05-25 18:30:00,70.0,78.666664,28.41508,77.04353,Nischal
2018-05-25 18:45:00,65.666664,71.333336,28.41508,77.04353,Nischal
2018-05-25 19:00:00,65.0,70.333336,28.41508,77.04353,Nischal
2018-05-25 19:15:00,61.66666800000001,65.333336,28.41508,77.04353,Nischal
2018-05-25 19:30:00,66.666664,71.666664,28.41508,77.04353,Nischal
2018-05-25 19:45:00,70.0,76.333336,28.41508,77.04353,Nischal
2018-05-25 20:00:00,68.333336,75.333336,28.41508,77.04353,Nischal
2018-05-25 20:15:00,67.666664,74.0,28.41508,77.04353,Nischal
2018-05-25 20:30:00,65.333336,74.333336,28.41508,77.04353,Nischal
2018-05-25 20:45:00,65.0,71.0,28.41508,77.04353,Nischal
2018-05-25 21:00:00,64.0,72.666664,28.41508,77.04353,Nischal
2018-05-25 21:15:00,68.0,77.333336,28.41508,77.04353,Nischal
2018-05-25 21:30:00,72.333336,79.333336,28.41508,77.04353,Nischal
2018-05-25 21:45:00,89.0,98.333336,28.41508,77.04353,Nischal
2018-05-25 22:00:00,107.33333600000002,117.33333600000002,28.41508,77.04353,Nischal
2018-05-25 22:15:00,111.33333600000002,129.0,28.41508,77.04353,Nischal
2018-05-25 22:30:00,109.0,119.66666399999998,28.41508,77.04353,Nischal
2018-05-25 22:45:00,108.66666399999998,123.33333600000002,28.41508,77.04353,Nischal
2018-05-25 23:00:00,117.0,131.66666999999998,28.41508,77.04353,Nischal
2018-05-25 23:15:00,120.66666399999998,137.66666999999998,28.41508,77.04353,Nischal
2018-05-25 23:30:00,152.0,170.66666999999998,28.41508,77.04353,Nischal
2018-05-25 23:45:00,166.66666999999998,195.33333000000002,28.41508,77.04353,Nischal
2018-05-26 00:00:00,161.33333000000002,189.0,28.41508,77.04353,Nischal
2018-05-26 00:15:00,152.33333000000002,172.33333000000002,28.41508,77.04353,Nischal
2018-05-26 00:30:00,130.33333000000002,151.66666999999998,28.41508,77.04353,Nischal
2018-05-26 00:45:00,118.33333600000002,138.66666999999998,28.41508,77.04353,Nischal
2018-05-26 01:00:00,128.66666999999998,143.33333000000002,28.41508,77.04353,Nischal
2018-05-26 01:15:00,133.0,151.33333000000002,28.41508,77.04353,Nischal
2018-05-26 01:30:00,131.0,148.66666999999998,28.41508,77.04353,Nischal
2018-05-26 01:45:00,121.33333600000002,137.33333000000002,28.41508,77.04353,Nischal
2018-05-26 02:00:00,116.0,131.0,28.41508,77.04353,Nischal
2018-05-26 02:15:00,105.0,119.0,28.41508,77.04353,Nischal
2018-05-26 02:30:00,113.0,125.66666399999998,28.41508,77.04353,Nischal
2018-05-26 02:45:00,119.0,135.33333000000002,28.41508,77.04353,Nischal
2018-05-26 03:00:00,117.0,133.33333000000002,28.41508,77.04353,Nischal
2018-05-26 03:15:00,106.66666399999998,123.33333600000002,28.41508,77.04353,Nischal
2018-05-26 03:30:00,94.666664,111.33333600000002,28.41508,77.04353,Nischal
2018-05-26 03:45:00,98.5,112.5,28.41508,77.04353,Nischal
2018-05-26 04:00:00,129.66666999999998,150.66666999999998,28.41508,77.04353,Nischal
2018-05-26 04:15:00,144.33333000000002,165.66666999999998,28.41508,77.04353,Nischal
2018-05-26 04:30:00,111.0,125.33333600000002,28.41508,77.04353,Nischal
2018-05-26 04:45:00,111.0,122.33333600000002,28.41508,77.04353,Nischal
2018-05-26 05:00:00,86.0,93.666664,28.41508,77.04353,Nischal
2018-05-26 05:15:00,74.333336,81.0,28.41508,77.04353,Nischal
2018-05-26 05:30:00,55.33333199999999,60.33333199999999,28.41508,77.04353,Nischal
2018-05-26 05:45:00,64.0,69.0,28.41508,77.04353,Nischal
2018-05-26 06:00:00,68.5,80.0,28.41508,77.04353,Nischal
2018-05-26 06:15:00,63.0,70.333336,28.41508,77.04353,Nischal
2018-05-26 06:30:00,61.0,69.5,28.41508,77.04353,Nischal
2018-05-26 06:45:00,43.666668,47.0,28.41508,77.04353,Nischal
2018-05-26 07:00:00,37.0,39.333332,28.41508,77.04353,Nischal
2018-05-26 07:15:00,32.0,35.0,28.41508,77.04353,Nischal
2018-05-26 07:30:00,30.0,33.0,28.41508,77.04353,Nischal
2018-05-26 07:45:00,30.333334000000004,32.666668,28.41508,77.04353,Nischal
2018-05-26 08:00:00,26.333334000000004,29.333334000000004,28.41508,77.04353,Nischal
2018-05-26 08:15:00,24.666666,26.666665999999996,28.41508,77.04353,Nischal
2018-05-26 08:30:00,25.333334,28.666665999999996,28.41508,77.04353,Nischal
2018-05-26 08:45:00,24.0,26.0,28.41508,77.04353,Nischal
2018-05-26 09:00:00,21.666666,23.666666,28.41508,77.04353,Nischal
2018-05-26 09:15:00,20.333334,22.333334,28.41508,77.04353,Nischal
2018-05-26 09:30:00,19.333334,21.333334,28.41508,77.04353,Nischal
2018-05-26 09:45:00,20.333334,21.0,28.41508,77.04353,Nischal
2018-05-26 10:00:00,18.0,18.666666,28.41508,77.04353,Nischal
2018-05-26 10:15:00,16.333334,18.666666,28.41508,77.04353,Nischal
2018-05-26 10:30:00,16.666666,17.666666,28.41508,77.04353,Nischal
2018-05-26 10:45:00,16.666666,17.333334,28.41508,77.04353,Nischal
2018-05-26 11:00:00,17.0,18.666666,28.41508,77.04353,Nischal
2018-05-26 11:15:00,15.333332999999998,17.0,28.41508,77.04353,Nischal
2018-05-26 11:30:00,17.333334,18.0,28.41508,77.04353,Nischal
2018-05-26 11:45:00,17.333334,19.666666,28.41508,77.04353,Nischal
2018-05-26 12:00:00,17.333334,19.0,28.41508,77.04353,Nischal
2018-05-26 12:15:00,17.666666,20.0,28.41508,77.04353,Nischal
2018-05-26 12:30:00,18.0,20.666666,28.41508,77.04353,Nischal
2018-05-26 12:45:00,17.0,17.333334,28.41508,77.04353,Nischal
2018-05-26 13:00:00,16.666666,18.333334,28.41508,77.04353,Nischal
2018-05-26 13:15:00,17.666666,17.666666,28.41508,77.04353,Nischal
2018-05-26 13:30:00,26.0,29.0,28.41508,77.04353,Nischal
2018-05-26 13:45:00,26.666665999999996,29.333334000000004,28.41508,77.04353,Nischal
2018-05-26 14:00:00,26.666665999999996,30.0,28.41508,77.04353,Nischal
2018-05-26 14:15:00,32.0,35.5,28.41508,77.04353,Nischal
2018-05-26 14:30:00,33.0,36.0,28.41508,77.04353,Nischal
2018-05-26 14:45:00,35.666668,38.666668,28.41508,77.04353,Nischal
2018-05-26 15:00:00,34.666668,38.333332,28.41508,77.04353,Nischal
2018-05-26 15:15:00,42.666668,48.666668,28.41508,77.04353,Nischal
2018-05-26 15:30:00,48.0,52.333332,28.41508,77.04353,Nischal
2018-05-26 15:45:00,54.33333199999999,60.66666800000001,28.41508,77.04353,Nischal
2018-05-26 16:00:00,64.666664,71.666664,28.41508,77.04353,Nischal
2018-05-26 16:15:00,61.66666800000001,69.666664,28.41508,77.04353,Nischal
2018-05-26 16:30:00,63.0,67.333336,28.41508,77.04353,Nischal
2018-05-26 16:45:00,66.666664,72.666664,28.41508,77.04353,Nischal
2018-05-26 17:00:00,68.0,74.0,28.41508,77.04353,Nischal
2018-05-26 17:15:00,69.333336,77.333336,28.41508,77.04353,Nischal
2018-05-26 17:30:00,74.0,81.666664,28.41508,77.04353,Nischal
2018-05-26 17:45:00,70.666664,77.666664,28.41508,77.04353,Nischal
2018-05-26 18:00:00,65.333336,74.0,28.41508,77.04353,Nischal
2018-05-26 18:15:00,69.0,77.333336,28.41508,77.04353,Nischal
2018-05-26 18:30:00,66.666664,72.0,28.41508,77.04353,Nischal
2018-05-26 18:45:00,70.333336,78.666664,28.41508,77.04353,Nischal
2018-05-26 19:00:00,66.666664,73.666664,28.41508,77.04353,Nischal
2018-05-26 19:15:00,65.333336,73.333336,28.41508,77.04353,Nischal
2018-05-26 19:30:00,66.666664,73.333336,28.41508,77.04353,Nischal
2018-05-26 19:45:00,66.333336,72.333336,28.41508,77.04353,Nischal
2018-05-26 20:00:00,65.666664,70.333336,28.41508,77.04353,Nischal
2018-05-26 20:15:00,67.666664,76.666664,28.41508,77.04353,Nischal
2018-05-26 20:30:00,71.0,79.333336,28.41508,77.04353,Nischal
2018-05-26 20:45:00,69.666664,76.333336,28.41508,77.04353,Nischal
2018-05-26 21:00:00,67.666664,73.666664,28.41508,77.04353,Nischal
2018-05-26 21:15:00,60.66666800000001,68.0,28.41508,77.04353,Nischal
2018-05-26 21:30:00,57.0,62.33333199999999,28.41508,77.04353,Nischal
2018-05-26 21:45:00,54.0,63.66666800000001,28.41508,77.04353,Nischal
2018-05-26 22:00:00,53.33333199999999,60.0,28.41508,77.04353,Nischal
2018-05-26 22:15:00,50.666668,56.66666800000001,28.41508,77.04353,Nischal
2018-05-26 22:30:00,47.0,51.666668,28.41508,77.04353,Nischal
2018-05-26 22:45:00,46.0,51.0,28.41508,77.04353,Nischal
2018-05-26 23:00:00,42.0,47.0,28.41508,77.04353,Nischal
2018-05-26 23:15:00,42.333332,48.666668,28.41508,77.04353,Nischal
2018-05-26 23:30:00,40.666668,46.0,28.41508,77.04353,Nischal
2018-05-26 23:45:00,38.0,43.0,28.41508,77.04353,Nischal
2018-05-27 00:00:00,36.333332,41.333332,28.41508,77.04353,Nischal
2018-05-27 00:15:00,36.666668,41.666668,28.41508,77.04353,Nischal
2018-05-27 00:30:00,35.0,39.333332,28.41508,77.04353,Nischal
2018-05-27 00:45:00,34.333332,38.0,28.41508,77.04353,Nischal
2018-05-27 01:00:00,35.333332,39.0,28.41508,77.04353,Nischal
2018-05-27 01:15:00,38.0,44.333332,28.41508,77.04353,Nischal
2018-05-27 01:30:00,43.0,47.0,28.41508,77.04353,Nischal
2018-05-27 01:45:00,47.333332,56.33333199999999,28.41508,77.04353,Nischal
2018-05-27 02:00:00,49.333332,57.0,28.41508,77.04353,Nischal
2018-05-27 02:15:00,46.666668,55.33333199999999,28.41508,77.04353,Nischal
2018-05-27 02:30:00,52.0,61.33333199999999,28.41508,77.04353,Nischal
2018-05-27 02:45:00,74.0,87.0,28.41508,77.04353,Nischal
2018-05-27 03:00:00,62.66666800000001,72.333336,28.41508,77.04353,Nischal
2018-05-27 03:15:00,53.0,67.0,28.41508,77.04353,Nischal
2018-05-27 03:30:00,44.666668,53.66666800000001,28.41508,77.04353,Nischal
2018-05-27 03:45:00,44.666668,51.333332,28.41508,77.04353,Nischal
2018-05-27 04:00:00,42.666668,47.666668,28.41508,77.04353,Nischal
2018-05-27 04:15:00,37.333332,43.0,28.41508,77.04353,Nischal
2018-05-27 04:30:00,36.0,38.666668,28.41508,77.04353,Nischal
2018-05-27 04:45:00,32.0,35.666668,28.41508,77.04353,Nischal
2018-05-27 05:00:00,27.666665999999996,32.0,28.41508,77.04353,Nischal
2018-05-27 05:15:00,21.666666,25.333334,28.41508,77.04353,Nischal
2018-05-27 05:30:00,23.333334,28.666665999999996,28.41508,77.04353,Nischal
2018-05-27 05:45:00,17.0,23.666666,28.41508,77.04353,Nischal
2018-05-27 06:00:00,15.5,18.0,28.41508,77.04353,Nischal
2018-05-27 06:15:00,15.666667000000002,17.0,28.41508,77.04353,Nischal
2018-05-27 06:30:00,14.333332999999998,17.333334,28.41508,77.04353,Nischal
2018-05-27 06:45:00,13.0,15.0,28.41508,77.04353,Nischal
2018-05-27 07:00:00,12.666667,15.0,28.41508,77.04353,Nischal
2018-05-27 07:15:00,12.666667,15.333332999999998,28.41508,77.04353,Nischal
2018-05-27 07:30:00,14.0,18.0,28.41508,77.04353,Nischal
2018-05-27 07:45:00,13.333332999999998,18.333334,28.41508,77.04353,Nischal
2018-05-27 08:00:00,12.333333,14.666667000000002,28.41508,77.04353,Nischal
2018-05-27 08:15:00,10.666667,12.0,28.41508,77.04353,Nischal
2018-05-27 08:30:00,12.0,12.666667,28.41508,77.04353,Nischal
2018-05-27 08:45:00,12.666667,14.666667000000002,28.41508,77.04353,Nischal
2018-05-27 09:00:00,12.333333,14.333332999999998,28.41508,77.04353,Nischal
2018-05-27 09:15:00,12.0,15.666667000000002,28.41508,77.04353,Nischal
2018-05-27 09:30:00,13.0,17.333334,28.41508,77.04353,Nischal
2018-05-27 09:45:00,13.333332999999998,15.333332999999998,28.41508,77.04353,Nischal
2018-05-27 10:00:00,13.333332999999998,15.333332999999998,28.41508,77.04353,Nischal
2018-05-27 10:15:00,13.333332999999998,16.333334,28.41508,77.04353,Nischal
2018-05-27 10:30:00,12.666667,15.0,28.41508,77.04353,Nischal
2018-05-27 10:45:00,13.0,14.0,28.41508,77.04353,Nischal
2018-05-27 11:00:00,13.333332999999998,14.666667000000002,28.41508,77.04353,Nischal
2018-05-27 11:15:00,14.333332999999998,17.333334,28.41508,77.04353,Nischal
2018-05-27 11:30:00,13.666667000000002,16.333334,28.41508,77.04353,Nischal
2018-05-27 11:45:00,15.0,17.666666,28.41508,77.04353,Nischal
2018-05-27 12:00:00,14.666667000000002,18.333334,28.41508,77.04353,Nischal
2018-05-27 12:15:00,15.333332999999998,18.333334,28.41508,77.04353,Nischal
2018-05-27 12:30:00,15.5,17.5,28.41508,77.04353,Nischal
2018-05-27 12:45:00,16.333334,18.333334,28.41508,77.04353,Nischal
2018-05-27 13:00:00,19.0,22.0,28.41508,77.04353,Nischal
2018-05-27 13:15:00,19.666666,22.333334,28.41508,77.04353,Nischal
2018-05-27 13:30:00,23.0,27.333334000000004,28.41508,77.04353,Nischal
2018-05-27 13:45:00,25.666666,29.666665999999996,28.41508,77.04353,Nischal
2018-05-27 14:00:00,27.333334000000004,33.0,28.41508,77.04353,Nischal
2018-05-27 14:15:00,30.333334000000004,35.666668,28.41508,77.04353,Nischal
2018-05-27 14:30:00,32.333332,37.333332,28.41508,77.04353,Nischal
2018-05-27 14:45:00,32.333332,38.666668,28.41508,77.04353,Nischal
2018-05-27 15:00:00,32.333332,37.0,28.41508,77.04353,Nischal
2018-05-27 15:15:00,32.0,35.0,28.41508,77.04353,Nischal
2018-05-27 15:30:00,34.666668,40.666668,28.41508,77.04353,Nischal
2018-05-27 15:45:00,33.666668,36.666668,28.41508,77.04353,Nischal
2018-05-27 16:00:00,35.333332,41.0,28.41508,77.04353,Nischal
2018-05-27 16:15:00,40.333332,46.666668,28.41508,77.04353,Nischal
2018-05-27 16:30:00,46.0,50.333332,28.41508,77.04353,Nischal
2018-05-27 16:45:00,51.666668,60.33333199999999,28.41508,77.04353,Nischal
2018-05-27 17:00:00,56.0,65.666664,28.41508,77.04353,Nischal
2018-05-27 17:15:00,61.0,66.666664,28.41508,77.04353,Nischal
2018-05-27 17:30:00,58.66666800000001,68.666664,28.41508,77.04353,Nischal
2018-05-27 17:45:00,63.33333199999999,72.333336,28.41508,77.04353,Nischal
2018-05-27 18:00:00,79.666664,92.333336,28.41508,77.04353,Nischal
2018-05-27 18:15:00,81.666664,98.333336,28.41508,77.04353,Nischal
2018-05-27 18:30:00,81.666664,97.333336,28.41508,77.04353,Nischal
2018-05-27 18:45:00,83.0,95.333336,28.41508,77.04353,Nischal
2018-05-27 19:00:00,83.0,98.0,28.41508,77.04353,Nischal
2018-05-27 19:15:00,82.333336,94.666664,28.41508,77.04353,Nischal
2018-05-27 19:30:00,87.666664,97.666664,28.41508,77.04353,Nischal
2018-05-27 19:45:00,83.0,96.333336,28.41508,77.04353,Nischal
2018-05-27 20:00:00,79.666664,91.666664,28.41508,77.04353,Nischal
2018-05-27 20:15:00,85.666664,96.0,28.41508,77.04353,Nischal
2018-05-27 20:30:00,87.0,94.333336,28.41508,77.04353,Nischal
2018-05-27 20:45:00,90.0,104.333336,28.41508,77.04353,Nischal
2018-05-27 21:00:00,101.0,112.33333600000002,28.41508,77.04353,Nischal
2018-05-27 21:15:00,104.0,116.33333600000002,28.41508,77.04353,Nischal
2018-05-27 21:30:00,106.66666399999998,121.33333600000002,28.41508,77.04353,Nischal
2018-05-27 21:45:00,108.0,119.0,28.41508,77.04353,Nischal
2018-05-27 22:00:00,112.33333600000002,127.66666399999998,28.41508,77.04353,Nischal
2018-05-27 22:15:00,116.33333600000002,128.0,28.41508,77.04353,Nischal
2018-05-27 22:30:00,112.66666399999998,126.0,28.41508,77.04353,Nischal
2018-05-27 22:45:00,109.0,120.33333600000002,28.41508,77.04353,Nischal
2018-05-27 23:00:00,113.66666399999998,123.0,28.41508,77.04353,Nischal
2018-05-27 23:15:00,114.33333600000002,130.0,28.41508,77.04353,Nischal
2018-05-27 23:30:00,111.33333600000002,124.33333600000002,28.41508,77.04353,Nischal
2018-05-27 23:45:00,115.33333600000002,129.33333000000002,28.41508,77.04353,Nischal
2018-05-28 00:00:00,115.66666399999998,126.66666399999998,28.41508,77.04353,Nischal
2018-05-28 00:15:00,122.0,132.33333000000002,28.41508,77.04353,Nischal
2018-05-28 00:30:00,126.66666399999998,148.33333000000002,28.41508,77.04353,Nischal
2018-05-28 00:45:00,124.66666399999998,136.66666999999998,28.41508,77.04353,Nischal
2018-05-28 01:00:00,123.33333600000002,138.66666999999998,28.41508,77.04353,Nischal
2018-05-28 01:15:00,120.33333600000002,131.66666999999998,28.41508,77.04353,Nischal
2018-05-28 01:30:00,124.0,136.66666999999998,28.41508,77.04353,Nischal
2018-05-28 01:45:00,128.66666999999998,141.0,28.41508,77.04353,Nischal
2018-05-28 02:00:00,127.0,138.66666999999998,28.41508,77.04353,Nischal
2018-05-28 02:15:00,187.66666999999998,211.0,28.41508,77.04353,Nischal
2018-05-28 02:30:00,304.66666000000004,349.0,28.41508,77.04353,Nischal
2018-05-28 02:45:00,251.33333,283.33333999999996,28.41508,77.04353,Nischal
2018-05-28 03:00:00,172.33333000000002,190.66666999999998,28.41508,77.04353,Nischal
2018-05-28 03:15:00,137.33333000000002,155.0,28.41508,77.04353,Nischal
2018-05-28 03:30:00,126.0,141.66666999999998,28.41508,77.04353,Nischal
2018-05-28 03:45:00,123.0,135.66666999999998,28.41508,77.04353,Nischal
2018-05-28 04:00:00,120.0,132.33333000000002,28.41508,77.04353,Nischal
2018-05-28 04:15:00,118.33333600000002,131.0,28.41508,77.04353,Nischal
2018-05-28 04:30:00,114.0,124.33333600000002,28.41508,77.04353,Nischal
2018-05-28 04:45:00,109.66666399999998,118.66666399999998,28.41508,77.04353,Nischal
2018-05-28 05:00:00,125.66666399999998,140.66666999999998,28.41508,77.04353,Nischal
2018-05-28 05:15:00,125.5,140.5,28.41508,77.04353,Nischal
2018-05-28 05:30:00,115.25,127.25,28.41508,77.04353,Nischal
2018-05-28 05:45:00,116.33333600000002,127.0,28.41508,77.04353,Nischal
2018-05-28 06:00:00,114.5,127.0,28.41508,77.04353,Nischal
2018-05-28 06:15:00,126.33333600000002,142.0,28.41508,77.04353,Nischal
2018-05-28 06:30:00,137.33333000000002,153.66666999999998,28.41508,77.04353,Nischal
2018-05-28 06:45:00,132.66666999999998,148.0,28.41508,77.04353,Nischal
2018-05-28 07:00:00,116.66666399999998,129.0,28.41508,77.04353,Nischal
2018-05-28 07:15:00,106.0,117.33333600000002,28.41508,77.04353,Nischal
2018-05-28 07:30:00,84.666664,93.0,28.41508,77.04353,Nischal
2018-05-28 07:45:00,76.0,83.666664,28.41508,77.04353,Nischal
2018-05-28 08:00:00,77.0,85.666664,28.41508,77.04353,Nischal
2018-05-28 08:15:00,77.0,84.666664,28.41508,77.04353,Nischal
2018-05-28 08:30:00,77.0,87.333336,28.41508,77.04353,Nischal
2018-05-28 08:45:00,75.0,80.666664,28.41508,77.04353,Nischal
2018-05-28 09:00:00,77.333336,86.0,28.41508,77.04353,Nischal
2018-05-28 09:15:00,86.666664,93.666664,28.41508,77.04353,Nischal
2018-05-28 09:30:00,89.333336,95.333336,28.41508,77.04353,Nischal
2018-05-28 09:45:00,96.666664,107.33333600000002,28.41508,77.04353,Nischal
2018-05-28 10:00:00,105.66666399999998,116.0,28.41508,77.04353,Nischal
2018-05-28 10:15:00,108.33333600000002,121.33333600000002,28.41508,77.04353,Nischal
2018-05-28 10:30:00,108.66666399999998,122.0,28.41508,77.04353,Nischal
2018-05-28 10:45:00,95.666664,108.66666399999998,28.41508,77.04353,Nischal
2018-05-28 11:00:00,92.333336,99.0,28.41508,77.04353,Nischal
2018-05-28 11:15:00,85.333336,94.666664,28.41508,77.04353,Nischal
2018-05-28 11:30:00,86.333336,97.333336,28.41508,77.04353,Nischal
2018-05-28 11:45:00,87.333336,94.666664,28.41508,77.04353,Nischal
2018-05-28 12:00:00,89.666664,98.0,28.41508,77.04353,Nischal
2018-05-28 12:15:00,82.666664,91.333336,28.41508,77.04353,Nischal
2018-05-28 12:30:00,74.0,82.0,28.41508,77.04353,Nischal
2018-05-28 12:45:00,73.333336,77.666664,28.41508,77.04353,Nischal
2018-05-28 13:00:00,74.0,82.333336,28.41508,77.04353,Nischal
2018-05-28 13:15:00,68.0,76.333336,28.41508,77.04353,Nischal
2018-05-28 13:30:00,69.666664,79.0,28.41508,77.04353,Nischal
2018-05-28 13:45:00,80.333336,89.333336,28.41508,77.04353,Nischal
2018-05-28 14:00:00,84.0,88.666664,28.41508,77.04353,Nischal
2018-05-28 14:15:00,85.0,93.333336,28.41508,77.04353,Nischal
2018-05-28 14:30:00,96.333336,106.66666399999998,28.41508,77.04353,Nischal
2018-05-28 14:45:00,94.666664,102.0,28.41508,77.04353,Nischal
2018-05-28 15:00:00,88.666664,100.0,28.41508,77.04353,Nischal
2018-05-28 15:15:00,88.333336,99.333336,28.41508,77.04353,Nischal
2018-05-28 15:30:00,116.66666399999998,131.66666999999998,28.41508,77.04353,Nischal
2018-05-28 15:45:00,115.0,128.0,28.41508,77.04353,Nischal
2018-05-28 16:00:00,111.66666399999998,120.66666399999998,28.41508,77.04353,Nischal
2018-05-28 16:15:00,135.33333000000002,153.0,28.41508,77.04353,Nischal
2018-05-28 16:30:00,150.0,171.33333000000002,28.41508,77.04353,Nischal
2018-05-28 16:45:00,144.33333000000002,167.66666999999998,28.41508,77.04353,Nischal
2018-05-28 17:00:00,123.0,140.66666999999998,28.41508,77.04353,Nischal
2018-05-28 17:15:00,108.0,120.0,28.41508,77.04353,Nischal
2018-05-28 17:30:00,112.33333600000002,124.66666399999998,28.41508,77.04353,Nischal
2018-05-28 17:45:00,112.66666399999998,122.66666399999998,28.41508,77.04353,Nischal
2018-05-28 18:00:00,100.333336,109.66666399999998,28.41508,77.04353,Nischal
2018-05-28 18:15:00,91.0,97.0,28.41508,77.04353,Nischal
2018-05-28 18:30:00,86.666664,95.0,28.41508,77.04353,Nischal
2018-05-28 18:45:00,85.666664,95.333336,28.41508,77.04353,Nischal
2018-05-28 19:00:00,93.333336,101.333336,28.41508,77.04353,Nischal
2018-05-28 19:15:00,89.666664,100.333336,28.41508,77.04353,Nischal
2018-05-28 19:30:00,88.0,98.0,28.41508,77.04353,Nischal
2018-05-28 19:45:00,93.666664,105.0,28.41508,77.04353,Nischal
2018-05-28 20:00:00,92.666664,102.666664,28.41508,77.04353,Nischal
2018-05-28 20:15:00,94.666664,105.33333600000002,28.41508,77.04353,Nischal
2018-05-28 20:30:00,97.666664,107.66666399999998,28.41508,77.04353,Nischal
2018-05-28 20:45:00,94.333336,103.666664,28.41508,77.04353,Nischal
2018-05-28 21:00:00,95.0,108.33333600000002,28.41508,77.04353,Nischal
2018-05-28 21:15:00,93.333336,105.33333600000002,28.41508,77.04353,Nischal
2018-05-28 21:30:00,96.0,108.0,28.41508,77.04353,Nischal
2018-05-28 21:45:00,98.333336,107.0,28.41508,77.04353,Nischal
2018-05-28 22:00:00,94.0,104.666664,28.41508,77.04353,Nischal
2018-05-28 22:15:00,99.0,112.66666399999998,28.41508,77.04353,Nischal
2018-05-28 22:30:00,99.333336,112.33333600000002,28.41508,77.04353,Nischal
2018-05-28 22:45:00,101.333336,109.0,28.41508,77.04353,Nischal
2018-05-28 23:00:00,98.0,107.66666399999998,28.41508,77.04353,Nischal
2018-05-28 23:15:00,99.666664,112.33333600000002,28.41508,77.04353,Nischal
2018-05-28 23:30:00,101.333336,111.33333600000002,28.41508,77.04353,Nischal
2018-05-28 23:45:00,95.333336,104.0,28.41508,77.04353,Nischal
2018-05-29 00:00:00,94.666664,103.0,28.41508,77.04353,Nischal
2018-05-29 00:15:00,106.66666399999998,116.0,28.41508,77.04353,Nischal
2018-05-29 00:30:00,129.0,147.33333000000002,28.41508,77.04353,Nischal
2018-05-29 00:45:00,144.66666999999998,168.66666999999998,28.41508,77.04353,Nischal
2018-05-29 01:00:00,140.33333000000002,162.66666999999998,28.41508,77.04353,Nischal
2018-05-29 01:15:00,126.66666399999998,140.0,28.41508,77.04353,Nischal
2018-05-29 01:30:00,133.33333000000002,152.66666999999998,28.41508,77.04353,Nischal
2018-05-29 01:45:00,153.66666999999998,177.0,28.41508,77.04353,Nischal
2018-05-29 02:00:00,193.66666999999998,233.0,28.41508,77.04353,Nischal
2018-05-29 02:15:00,187.33333000000002,229.66667,28.41508,77.04353,Nischal
2018-05-29 02:30:00,194.33333000000002,234.0,28.41508,77.04353,Nischal
2018-05-29 02:45:00,201.0,240.33333,28.41508,77.04353,Nischal
2018-05-29 03:00:00,202.0,243.66667,28.41508,77.04353,Nischal
2018-05-29 03:15:00,190.33333000000002,227.33333,28.41508,77.04353,Nischal
2018-05-29 03:30:00,163.33333000000002,193.33333000000002,28.41508,77.04353,Nischal
2018-05-29 03:45:00,141.0,168.0,28.41508,77.04353,Nischal
2018-05-29 04:00:00,127.0,143.0,28.41508,77.04353,Nischal
2018-05-29 04:15:00,126.0,146.33333000000002,28.41508,77.04353,Nischal
2018-05-29 04:30:00,118.66666399999998,138.33333000000002,28.41508,77.04353,Nischal
2018-05-29 04:45:00,116.66666399999998,130.66666999999998,28.41508,77.04353,Nischal
2018-05-29 05:00:00,123.33333600000002,142.33333000000002,28.41508,77.04353,Nischal
2018-05-29 05:15:00,118.33333600000002,135.66666999999998,28.41508,77.04353,Nischal
2018-05-29 05:30:00,116.5,128.5,28.41508,77.04353,Nischal
2018-05-29 05:45:00,118.33333600000002,137.66666999999998,28.41508,77.04353,Nischal
2018-05-29 06:00:00,119.0,131.5,28.41508,77.04353,Nischal
2018-05-29 06:15:00,101.333336,114.66666399999998,28.41508,77.04353,Nischal
2018-05-29 06:30:00,90.333336,103.666664,28.41508,77.04353,Nischal
2018-05-29 06:45:00,86.333336,96.333336,28.41508,77.04353,Nischal
2018-05-29 07:00:00,77.0,83.666664,28.41508,77.04353,Nischal
2018-05-29 07:15:00,65.0,70.666664,28.41508,77.04353,Nischal
2018-05-29 07:30:00,54.0,60.66666800000001,28.41508,77.04353,Nischal
2018-05-29 07:45:00,50.333332,54.0,28.41508,77.04353,Nischal
2018-05-29 08:00:00,46.333332,50.666668,28.41508,77.04353,Nischal
2018-05-29 08:15:00,45.5,48.5,28.41508,77.04353,Nischal
2018-05-29 08:30:00,47.0,51.333332,28.41508,77.04353,Nischal
2018-05-29 08:45:00,44.0,49.333332,28.41508,77.04353,Nischal
2018-05-29 09:00:00,44.666668,48.0,28.41508,77.04353,Nischal
2018-05-29 09:15:00,40.0,45.333332,28.41508,77.04353,Nischal
2018-05-29 09:30:00,38.0,44.0,28.41508,77.04353,Nischal
2018-05-29 09:45:00,40.333332,44.333332,28.41508,77.04353,Nischal
2018-05-29 10:00:00,41.0,45.333332,28.41508,77.04353,Nischal
2018-05-29 10:15:00,40.0,44.333332,28.41508,77.04353,Nischal
2018-05-29 10:30:00,38.333332,42.333332,28.41508,77.04353,Nischal
2018-05-29 10:45:00,37.666668,42.333332,28.41508,77.04353,Nischal
2018-05-29 11:00:00,38.333332,42.666668,28.41508,77.04353,Nischal
2018-05-29 11:15:00,38.0,42.0,28.41508,77.04353,Nischal
2018-05-29 11:30:00,42.333332,49.333332,28.41508,77.04353,Nischal
2018-05-29 11:45:00,36.666668,40.333332,28.41508,77.04353,Nischal
2018-05-29 12:00:00,36.333332,40.666668,28.41508,77.04353,Nischal
2018-05-29 12:15:00,36.666668,41.666668,28.41508,77.04353,Nischal
2018-05-29 12:30:00,39.333332,44.333332,28.41508,77.04353,Nischal
2018-05-29 12:45:00,36.666668,39.333332,28.41508,77.04353,Nischal
2018-05-29 13:00:00,37.333332,43.0,28.41508,77.04353,Nischal
2018-05-29 13:15:00,40.0,43.0,28.41508,77.04353,Nischal
2018-05-29 13:30:00,42.333332,47.0,28.41508,77.04353,Nischal
2018-05-29 13:45:00,41.666668,44.666668,28.41508,77.04353,Nischal
2018-05-29 14:00:00,44.333332,48.333332,28.41508,77.04353,Nischal
2018-05-29 14:15:00,54.66666800000001,60.66666800000001,28.41508,77.04353,Nischal
2018-05-29 14:30:00,62.66666800000001,72.333336,28.41508,77.04353,Nischal
2018-05-29 14:45:00,72.0,80.0,28.41508,77.04353,Nischal
2018-05-29 15:00:00,82.0,89.0,28.41508,77.04353,Nischal
2018-05-29 15:15:00,91.333336,104.333336,28.41508,77.04353,Nischal
2018-05-29 15:30:00,100.333336,114.33333600000002,28.41508,77.04353,Nischal
2018-05-29 15:45:00,102.333336,115.0,28.41508,77.04353,Nischal
2018-05-29 16:00:00,94.0,103.333336,28.41508,77.04353,Nischal
2018-05-29 16:15:00,84.666664,94.333336,28.41508,77.04353,Nischal
2018-05-29 16:30:00,81.0,89.0,28.41508,77.04353,Nischal
2018-05-29 16:45:00,77.333336,88.333336,28.41508,77.04353,Nischal
2018-05-29 17:00:00,73.0,86.0,28.41508,77.04353,Nischal
2018-05-29 17:15:00,72.666664,81.333336,28.41508,77.04353,Nischal
2018-05-29 17:30:00,71.0,78.333336,28.41508,77.04353,Nischal
2018-05-29 17:45:00,71.333336,80.333336,28.41508,77.04353,Nischal
2018-05-29 18:00:00,71.333336,80.0,28.41508,77.04353,Nischal
2018-05-29 18:15:00,70.0,81.666664,28.41508,77.04353,Nischal
2018-05-29 18:30:00,67.0,78.666664,28.41508,77.04353,Nischal
2018-05-29 18:45:00,66.333336,76.666664,28.41508,77.04353,Nischal
2018-05-29 19:00:00,66.0,74.666664,28.41508,77.04353,Nischal
2018-05-29 19:15:00,61.33333199999999,71.333336,28.41508,77.04353,Nischal
2018-05-29 19:30:00,62.33333199999999,72.0,28.41508,77.04353,Nischal
2018-05-29 19:45:00,61.66666800000001,74.333336,28.41508,77.04353,Nischal
2018-05-29 20:00:00,59.0,66.333336,28.41508,77.04353,Nischal
2018-05-29 20:15:00,56.66666800000001,62.66666800000001,28.41508,77.04353,Nischal
2018-05-29 20:30:00,56.0,63.33333199999999,28.41508,77.04353,Nischal
2018-05-29 20:45:00,51.333332,60.0,28.41508,77.04353,Nischal
2018-05-29 21:00:00,53.66666800000001,62.0,28.41508,77.04353,Nischal
2018-05-29 21:15:00,51.666668,61.33333199999999,28.41508,77.04353,Nischal
2018-05-29 21:30:00,53.0,62.0,28.41508,77.04353,Nischal
2018-05-29 21:45:00,52.333332,59.66666800000001,28.41508,77.04353,Nischal
2018-05-29 22:00:00,50.666668,59.0,28.41508,77.04353,Nischal
2018-05-29 22:15:00,49.666668,56.66666800000001,28.41508,77.04353,Nischal
2018-05-29 22:30:00,47.666668,54.66666800000001,28.41508,77.04353,Nischal
2018-05-29 22:45:00,48.333332,52.66666800000001,28.41508,77.04353,Nischal
2018-05-29 23:00:00,50.333332,56.33333199999999,28.41508,77.04353,Nischal
2018-05-29 23:15:00,44.666668,48.333332,28.41508,77.04353,Nischal
2018-05-29 23:30:00,47.0,51.0,28.41508,77.04353,Nischal
2018-05-29 23:45:00,47.333332,53.33333199999999,28.41508,77.04353,Nischal
2018-05-30 00:00:00,46.0,48.666668,28.41508,77.04353,Nischal
2018-05-30 00:15:00,45.0,51.0,28.41508,77.04353,Nischal
2018-05-30 00:30:00,55.33333199999999,63.33333199999999,28.41508,77.04353,Nischal
2018-05-30 00:45:00,316.33333999999996,366.66666000000004,28.41508,77.04353,Nischal
2018-05-30 01:00:00,62.66666800000001,69.666664,28.41508,77.04353,Nischal
2018-05-30 01:15:00,53.66666800000001,61.0,28.41508,77.04353,Nischal
2018-05-30 01:30:00,54.0,60.66666800000001,28.41508,77.04353,Nischal
2018-05-30 01:45:00,57.66666800000001,63.66666800000001,28.41508,77.04353,Nischal
2018-05-30 02:00:00,55.66666800000001,61.33333199999999,28.41508,77.04353,Nischal
2018-05-30 02:15:00,56.33333199999999,62.66666800000001,28.41508,77.04353,Nischal
2018-05-30 02:30:00,52.0,57.66666800000001,28.41508,77.04353,Nischal
2018-05-30 02:45:00,53.66666800000001,60.33333199999999,28.41508,77.04353,Nischal
2018-05-30 03:00:00,56.33333199999999,61.66666800000001,28.41508,77.04353,Nischal
2018-05-30 03:15:00,57.33333199999999,66.666664,28.41508,77.04353,Nischal
2018-05-30 03:30:00,58.66666800000001,66.666664,28.41508,77.04353,Nischal
2018-05-30 03:45:00,60.66666800000001,69.666664,28.41508,77.04353,Nischal
2018-05-30 04:00:00,61.66666800000001,70.666664,28.41508,77.04353,Nischal
2018-05-30 04:15:00,63.0,71.666664,28.41508,77.04353,Nischal
2018-05-30 04:30:00,61.0,70.0,28.41508,77.04353,Nischal
2018-05-30 04:45:00,61.33333199999999,70.333336,28.41508,77.04353,Nischal
2018-05-30 05:00:00,63.66666800000001,73.0,28.41508,77.04353,Nischal
2018-05-30 05:15:00,62.0,68.333336,28.41508,77.04353,Nischal
2018-05-30 05:30:00,57.66666800000001,63.66666800000001,28.41508,77.04353,Nischal
2018-05-30 05:45:00,60.66666800000001,67.333336,28.41508,77.04353,Nischal
2018-05-30 06:00:00,57.33333199999999,65.333336,28.41508,77.04353,Nischal
2018-05-30 06:15:00,54.0,57.66666800000001,28.41508,77.04353,Nischal
2018-05-30 06:30:00,52.333332,58.66666800000001,28.41508,77.04353,Nischal
2018-05-30 06:45:00,52.66666800000001,61.66666800000001,28.41508,77.04353,Nischal
2018-05-30 07:00:00,53.66666800000001,60.66666800000001,28.41508,77.04353,Nischal
2018-05-30 07:15:00,54.66666800000001,64.333336,28.41508,77.04353,Nischal
2018-05-30 07:30:00,52.5,59.5,28.41508,77.04353,Nischal
2018-05-30 07:45:00,51.0,58.33333199999999,28.41508,77.04353,Nischal
2018-05-30 08:00:00,50.666668,57.33333199999999,28.41508,77.04353,Nischal
2018-05-30 08:15:00,50.0,57.33333199999999,28.41508,77.04353,Nischal
2018-05-30 08:30:00,49.666668,54.66666800000001,28.41508,77.04353,Nischal
2018-05-30 08:45:00,48.666668,54.33333199999999,28.41508,77.04353,Nischal
2018-05-30 09:00:00,50.333332,56.66666800000001,28.41508,77.04353,Nischal
2018-05-30 09:15:00,48.0,55.0,28.41508,77.04353,Nischal
2018-05-30 09:30:00,49.0,58.33333199999999,28.41508,77.04353,Nischal
2018-05-30 09:45:00,49.0,58.33333199999999,28.41508,77.04353,Nischal
2018-05-30 10:00:00,46.666668,53.33333199999999,28.41508,77.04353,Nischal
2018-05-30 10:15:00,45.333332,50.333332,28.41508,77.04353,Nischal
2018-05-30 10:30:00,46.666668,49.666668,28.41508,77.04353,Nischal
2018-05-30 10:45:00,44.0,48.666668,28.41508,77.04353,Nischal
2018-05-30 11:00:00,44.0,50.333332,28.41508,77.04353,Nischal
2018-05-30 11:15:00,45.0,50.0,28.41508,77.04353,Nischal
2018-05-30 11:30:00,43.666668,50.666668,28.41508,77.04353,Nischal
2018-05-30 11:45:00,57.0,61.66666800000001,28.41508,77.04353,Nischal
2018-05-30 12:00:00,60.33333199999999,68.333336,28.41508,77.04353,Nischal
2018-05-30 12:15:00,66.333336,75.0,28.41508,77.04353,Nischal
2018-05-30 12:30:00,79.666664,89.333336,28.41508,77.04353,Nischal
2018-05-30 12:45:00,68.333336,76.666664,28.41508,77.04353,Nischal
2018-05-30 13:00:00,63.66666800000001,75.666664,28.41508,77.04353,Nischal
2018-05-30 13:15:00,59.0,66.5,28.41508,77.04353,Nischal
2018-05-30 13:30:00,60.5,67.5,28.41508,77.04353,Nischal
2018-05-30 13:45:00,65.0,74.0,28.41508,77.04353,Nischal
2018-05-30 14:00:00,58.0,64.666664,28.41508,77.04353,Nischal
2018-05-30 14:15:00,58.0,65.333336,28.41508,77.04353,Nischal
2018-05-30 14:30:00,50.333332,56.0,28.41508,77.04353,Nischal
2018-05-30 14:45:00,43.0,49.666668,28.41508,77.04353,Nischal
2018-05-30 15:00:00,35.0,41.333332,28.41508,77.04353,Nischal
2018-05-30 15:15:00,24.0,29.666665999999996,28.41508,77.04353,Nischal
2018-05-30 15:30:00,21.0,25.333334,28.41508,77.04353,Nischal
2018-05-30 15:45:00,21.0,25.666666,28.41508,77.04353,Nischal
2018-05-30 16:00:00,22.0,24.0,28.41508,77.04353,Nischal
2018-05-30 16:15:00,28.333334000000004,32.333332,28.41508,77.04353,Nischal
2018-05-30 16:30:00,31.0,34.333332,28.41508,77.04353,Nischal
2018-05-30 16:45:00,28.666665999999996,33.0,28.41508,77.04353,Nischal
2018-05-30 17:00:00,26.0,29.0,28.41508,77.04353,Nischal
2018-05-30 17:15:00,23.666666,28.666665999999996,28.41508,77.04353,Nischal
2018-05-30 17:30:00,24.333334,27.333334000000004,28.41508,77.04353,Nischal
2018-05-30 17:45:00,21.666666,26.333334000000004,28.41508,77.04353,Nischal
2018-05-30 18:00:00,21.333334,28.0,28.41508,77.04353,Nischal
2018-05-30 18:15:00,20.333334,24.333334,28.41508,77.04353,Nischal
2018-05-30 18:30:00,22.333334,26.333334000000004,28.41508,77.04353,Nischal
2018-05-30 18:45:00,28.666665999999996,33.666668,28.41508,77.04353,Nischal
2018-05-30 19:00:00,38.0,44.333332,28.41508,77.04353,Nischal
2018-05-30 19:15:00,45.0,50.666668,28.41508,77.04353,Nischal
2018-05-30 19:30:00,48.0,52.66666800000001,28.41508,77.04353,Nischal
2018-05-30 19:45:00,54.0,62.33333199999999,28.41508,77.04353,Nischal
2018-05-30 20:00:00,54.0,63.66666800000001,28.41508,77.04353,Nischal
2018-05-30 20:15:00,59.66666800000001,65.0,28.41508,77.04353,Nischal
2018-05-30 20:30:00,57.0,68.0,28.41508,77.04353,Nischal
2018-05-30 20:45:00,60.33333199999999,68.333336,28.41508,77.04353,Nischal
2018-05-30 21:00:00,66.333336,75.666664,28.41508,77.04353,Nischal
2018-05-30 21:15:00,69.0,76.666664,28.41508,77.04353,Nischal
2018-05-30 21:30:00,67.666664,78.0,28.41508,77.04353,Nischal
2018-05-30 21:45:00,68.0,76.0,28.41508,77.04353,Nischal
2018-05-30 22:00:00,74.666664,85.666664,28.41508,77.04353,Nischal
2018-05-30 22:15:00,76.333336,86.333336,28.41508,77.04353,Nischal
2018-05-30 22:30:00,78.333336,88.0,28.41508,77.04353,Nischal
2018-05-30 22:45:00,78.333336,88.0,28.41508,77.04353,Nischal
2018-05-30 23:00:00,80.0,88.666664,28.41508,77.04353,Nischal
2018-05-30 23:15:00,82.666664,94.0,28.41508,77.04353,Nischal
2018-05-30 23:30:00,86.0,98.333336,28.41508,77.04353,Nischal
2018-05-30 23:45:00,93.666664,107.33333600000002,28.41508,77.04353,Nischal
2018-05-31 00:00:00,94.0,102.0,28.41508,77.04353,Nischal
2018-05-31 00:15:00,99.333336,109.66666399999998,28.41508,77.04353,Nischal
2018-05-31 00:30:00,99.666664,116.0,28.41508,77.04353,Nischal
2018-05-31 00:45:00,104.0,119.66666399999998,28.41508,77.04353,Nischal
2018-05-31 01:00:00,108.0,119.66666399999998,28.41508,77.04353,Nischal
2018-05-31 01:15:00,116.33333600000002,130.66666999999998,28.41508,77.04353,Nischal
2018-05-31 01:30:00,119.33333600000002,134.0,28.41508,77.04353,Nischal
2018-05-31 01:45:00,156.0,179.33333000000002,28.41508,77.04353,Nischal
2018-05-31 02:00:00,169.0,190.66666999999998,28.41508,77.04353,Nischal
2018-05-31 02:15:00,123.33333600000002,138.66666999999998,28.41508,77.04353,Nischal
2018-05-31 02:30:00,114.0,127.66666399999998,28.41508,77.04353,Nischal
2018-05-31 02:45:00,116.0,130.0,28.41508,77.04353,Nischal
2018-05-31 03:00:00,125.33333600000002,140.33333000000002,28.41508,77.04353,Nischal
2018-05-31 03:15:00,116.66666399999998,129.33333000000002,28.41508,77.04353,Nischal
2018-05-31 03:30:00,127.0,142.66666999999998,28.41508,77.04353,Nischal
2018-05-31 03:45:00,130.33333000000002,143.66666999999998,28.41508,77.04353,Nischal
2018-05-31 04:00:00,112.66666399999998,129.0,28.41508,77.04353,Nischal
2018-05-31 04:15:00,76.666664,89.333336,28.41508,77.04353,Nischal
2018-05-31 04:30:00,62.66666800000001,71.666664,28.41508,77.04353,Nischal
2018-05-31 04:45:00,55.66666800000001,62.66666800000001,28.41508,77.04353,Nischal
2018-05-31 05:00:00,52.66666800000001,60.33333199999999,28.41508,77.04353,Nischal
2018-05-31 05:15:00,48.333332,52.0,28.41508,77.04353,Nischal
2018-05-31 05:30:00,49.666668,54.33333199999999,28.41508,77.04353,Nischal
2018-05-31 05:45:00,42.333332,48.333332,28.41508,77.04353,Nischal
2018-05-31 06:00:00,43.666668,49.666668,28.41508,77.04353,Nischal
2018-05-31 06:15:00,39.333332,43.666668,28.41508,77.04353,Nischal
2018-05-31 06:30:00,37.333332,40.333332,28.41508,77.04353,Nischal
2018-05-31 06:45:00,35.333332,40.333332,28.41508,77.04353,Nischal
2018-05-31 07:00:00,36.666668,40.0,28.41508,77.04353,Nischal
2018-05-31 07:15:00,32.0,36.0,28.41508,77.04353,Nischal
2018-05-31 07:30:00,31.333334000000004,35.333332,28.41508,77.04353,Nischal
2018-05-31 07:45:00,30.0,34.333332,28.41508,77.04353,Nischal
2018-05-31 08:00:00,30.333334000000004,34.0,28.41508,77.04353,Nischal
2018-05-31 08:15:00,27.666665999999996,32.666668,28.41508,77.04353,Nischal
2018-05-31 08:30:00,27.0,31.666665999999996,28.41508,77.04353,Nischal
2018-05-31 08:45:00,26.0,31.666665999999996,28.41508,77.04353,Nischal
2018-05-31 09:00:00,28.0,33.666668,28.41508,77.04353,Nischal
2018-05-31 09:15:00,26.0,32.333332,28.41508,77.04353,Nischal
2018-05-31 09:30:00,25.666666,29.0,28.41508,77.04353,Nischal
2018-05-31 09:45:00,23.666666,27.333334000000004,28.41508,77.04353,Nischal
2018-05-31 10:00:00,24.333334,28.333334000000004,28.41508,77.04353,Nischal
2018-05-31 10:15:00,22.666666,26.333334000000004,28.41508,77.04353,Nischal
2018-05-31 10:30:00,22.0,25.666666,28.41508,77.04353,Nischal
2018-05-31 10:45:00,24.333334,31.333334000000004,28.41508,77.04353,Nischal
2018-05-31 11:00:00,24.666666,30.333334000000004,28.41508,77.04353,Nischal
2018-05-31 11:15:00,25.666666,31.0,28.41508,77.04353,Nischal
2018-05-31 11:30:00,22.333334,25.666666,28.41508,77.04353,Nischal
2018-05-31 11:45:00,21.666666,25.666666,28.41508,77.04353,Nischal
2018-05-31 12:00:00,57.66666800000001,64.0,28.41508,77.04353,Nischal
2018-05-31 12:15:00,52.0,57.66666800000001,28.41508,77.04353,Nischal
2018-05-31 12:30:00,39.666668,45.666668,28.41508,77.04353,Nischal
2018-05-31 12:45:00,28.333334000000004,35.333332,28.41508,77.04353,Nischal
2018-05-31 13:00:00,26.333334000000004,34.666668,28.41508,77.04353,Nischal
2018-05-31 13:15:00,32.0,39.0,28.41508,77.04353,Nischal
2018-05-31 13:30:00,34.0,39.666668,28.41508,77.04353,Nischal
2018-05-31 13:45:00,34.333332,40.666668,28.41508,77.04353,Nischal
2018-05-31 14:00:00,30.333334000000004,34.333332,28.41508,77.04353,Nischal
2018-05-31 14:15:00,31.333334000000004,37.0,28.41508,77.04353,Nischal
2018-05-31 14:30:00,32.666668,39.333332,28.41508,77.04353,Nischal
2018-05-31 14:45:00,32.333332,36.0,28.41508,77.04353,Nischal
2018-05-31 15:00:00,33.666668,40.0,28.41508,77.04353,Nischal
2018-05-31 15:15:00,34.333332,41.0,28.41508,77.04353,Nischal
2018-05-31 15:30:00,39.0,44.0,28.41508,77.04353,Nischal
2018-05-31 15:45:00,40.333332,46.333332,28.41508,77.04353,Nischal
2018-05-31 16:00:00,40.333332,47.666668,28.41508,77.04353,Nischal
2018-05-31 16:15:00,52.333332,61.33333199999999,28.41508,77.04353,Nischal
2018-05-31 16:30:00,65.666664,76.666664,28.41508,77.04353,Nischal
2018-05-31 16:45:00,73.666664,83.333336,28.41508,77.04353,Nischal
2018-05-31 17:00:00,70.0,81.0,28.41508,77.04353,Nischal
2018-05-31 17:15:00,64.333336,74.0,28.41508,77.04353,Nischal
2018-05-31 17:30:00,62.66666800000001,71.0,28.41508,77.04353,Nischal
2018-05-31 17:45:00,59.66666800000001,67.666664,28.41508,77.04353,Nischal
2018-05-31 18:00:00,56.0,62.66666800000001,28.41508,77.04353,Nischal
2018-05-31 18:15:00,56.0,61.0,28.41508,77.04353,Nischal
2018-05-31 18:30:00,57.33333199999999,67.333336,28.41508,77.04353,Nischal
2018-05-31 18:45:00,55.66666800000001,64.333336,28.41508,77.04353,Nischal
2018-05-31 19:00:00,60.66666800000001,70.0,28.41508,77.04353,Nischal
2018-05-31 19:15:00,62.66666800000001,70.333336,28.41508,77.04353,Nischal
2018-05-31 19:30:00,62.33333199999999,71.333336,28.41508,77.04353,Nischal
2018-05-31 19:45:00,63.0,69.333336,28.41508,77.04353,Nischal
2018-05-31 20:00:00,65.666664,75.0,28.41508,77.04353,Nischal
2018-05-31 20:15:00,69.333336,76.666664,28.41508,77.04353,Nischal
2018-05-31 20:30:00,67.666664,77.0,28.41508,77.04353,Nischal
2018-05-31 20:45:00,69.666664,80.333336,28.41508,77.04353,Nischal
2018-05-31 21:00:00,67.0,80.666664,28.41508,77.04353,Nischal
2018-05-31 21:15:00,69.0,77.666664,28.41508,77.04353,Nischal
2018-05-31 21:30:00,71.0,79.666664,28.41508,77.04353,Nischal
2018-05-31 21:45:00,71.333336,80.666664,28.41508,77.04353,Nischal
2018-05-31 22:00:00,74.0,85.666664,28.41508,77.04353,Nischal
2018-05-31 22:15:00,77.333336,86.666664,28.41508,77.04353,Nischal
2018-05-31 22:30:00,83.333336,93.0,28.41508,77.04353,Nischal
2018-05-31 22:45:00,83.0,94.333336,28.41508,77.04353,Nischal
2018-05-31 23:00:00,87.0,98.333336,28.41508,77.04353,Nischal
2018-05-31 23:15:00,93.666664,105.66666399999998,28.41508,77.04353,Nischal
2018-05-31 23:30:00,94.666664,105.33333600000002,28.41508,77.04353,Nischal
2018-05-31 23:45:00,106.33333600000002,119.66666399999998,28.41508,77.04353,Nischal
2018-06-01 00:00:00,108.0,120.0,28.41508,77.04353,Nischal
2018-06-01 00:15:00,111.33333600000002,124.66666399999998,28.41508,77.04353,Nischal
2018-06-01 00:30:00,110.66666399999998,125.0,28.41508,77.04353,Nischal
2018-06-01 00:45:00,111.66666399999998,126.33333600000002,28.41508,77.04353,Nischal
2018-06-01 01:00:00,109.33333600000002,123.66666399999998,28.41508,77.04353,Nischal
2018-06-01 01:15:00,104.666664,116.33333600000002,28.41508,77.04353,Nischal
2018-06-01 01:30:00,103.666664,115.66666399999998,28.41508,77.04353,Nischal
2018-06-01 01:45:00,96.333336,105.66666399999998,28.41508,77.04353,Nischal
2018-06-01 02:00:00,99.666664,109.66666399999998,28.41508,77.04353,Nischal
2018-06-01 02:15:00,92.666664,108.0,28.41508,77.04353,Nischal
2018-06-01 02:30:00,89.0,96.666664,28.41508,77.04353,Nischal
2018-06-01 02:45:00,92.666664,104.333336,28.41508,77.04353,Nischal
2018-06-01 03:00:00,88.666664,98.333336,28.41508,77.04353,Nischal
2018-06-01 03:15:00,89.0,99.333336,28.41508,77.04353,Nischal
2018-06-01 03:30:00,88.0,96.333336,28.41508,77.04353,Nischal
2018-06-01 03:45:00,87.666664,101.333336,28.41508,77.04353,Nischal
2018-06-01 04:00:00,87.0,95.333336,28.41508,77.04353,Nischal
2018-06-01 04:15:00,86.0,95.666664,28.41508,77.04353,Nischal
2018-06-01 04:30:00,82.666664,90.666664,28.41508,77.04353,Nischal
2018-06-01 04:45:00,86.0,99.0,28.41508,77.04353,Nischal
2018-06-01 05:00:00,82.0,94.333336,28.41508,77.04353,Nischal
2018-06-01 05:15:00,82.0,91.666664,28.41508,77.04353,Nischal
2018-06-01 05:30:00,77.666664,84.666664,28.41508,77.04353,Nischal
2018-06-01 05:45:00,77.666664,87.0,28.41508,77.04353,Nischal
2018-06-01 06:00:00,75.0,84.666664,28.41508,77.04353,Nischal
2018-06-01 06:15:00,77.666664,85.666664,28.41508,77.04353,Nischal
2018-06-01 06:30:00,72.666664,82.333336,28.41508,77.04353,Nischal
2018-06-01 06:45:00,73.666664,81.666664,28.41508,77.04353,Nischal
2018-06-01 07:00:00,72.0,80.0,28.41508,77.04353,Nischal
2018-06-01 07:15:00,70.0,78.0,28.41508,77.04353,Nischal
2018-06-01 07:30:00,69.0,74.0,28.41508,77.04353,Nischal
2018-06-01 07:45:00,67.333336,75.333336,28.41508,77.04353,Nischal
2018-06-01 08:00:00,68.5,75.5,28.41508,77.04353,Nischal
2018-06-01 08:15:00,67.333336,75.333336,28.41508,77.04353,Nischal
2018-06-01 08:30:00,64.5,72.0,28.41508,77.04353,Nischal
2018-06-01 08:45:00,64.5,71.0,28.41508,77.04353,Nischal
2018-06-01 09:00:00,64.333336,72.666664,28.41508,77.04353,Nischal
2018-06-01 09:15:00,65.666664,73.666664,28.41508,77.04353,Nischal
2018-06-01 09:30:00,62.66666800000001,70.0,28.41508,77.04353,Nischal
2018-06-01 09:45:00,59.33333199999999,66.333336,28.41508,77.04353,Nischal
2018-06-01 10:00:00,60.0,65.666664,28.41508,77.04353,Nischal
2018-06-01 10:15:00,63.0,70.333336,28.41508,77.04353,Nischal
2018-06-01 10:30:00,60.33333199999999,69.0,28.41508,77.04353,Nischal
2018-06-01 10:45:00,55.66666800000001,60.33333199999999,28.41508,77.04353,Nischal
2018-06-01 11:00:00,57.66666800000001,66.0,28.41508,77.04353,Nischal
2018-06-01 11:15:00,57.33333199999999,61.33333199999999,28.41508,77.04353,Nischal
2018-06-01 11:30:00,54.33333199999999,61.0,28.41508,77.04353,Nischal
2018-06-01 11:45:00,57.33333199999999,61.66666800000001,28.41508,77.04353,Nischal
2018-06-01 12:00:00,55.33333199999999,64.333336,28.41508,77.04353,Nischal
2018-06-01 12:15:00,56.66666800000001,63.0,28.41508,77.04353,Nischal
2018-06-01 12:30:00,59.0,65.0,28.41508,77.04353,Nischal
2018-06-01 12:45:00,59.33333199999999,62.66666800000001,28.41508,77.04353,Nischal
2018-06-01 13:00:00,59.0,69.0,28.41508,77.04353,Nischal
2018-06-01 13:15:00,61.33333199999999,69.666664,28.41508,77.04353,Nischal
2018-06-01 13:30:00,58.66666800000001,67.333336,28.41508,77.04353,Nischal
2018-06-01 13:45:00,62.66666800000001,72.0,28.41508,77.04353,Nischal
2018-06-01 14:00:00,67.666664,73.0,28.41508,77.04353,Nischal
2018-06-01 14:15:00,65.666664,73.333336,28.41508,77.04353,Nischal
2018-06-01 14:30:00,64.333336,71.666664,28.41508,77.04353,Nischal
2018-06-01 14:45:00,68.666664,77.0,28.41508,77.04353,Nischal
2018-06-01 15:00:00,67.666664,78.0,28.41508,77.04353,Nischal
2018-06-01 15:15:00,96.666664,136.33333000000002,28.41508,77.04353,Nischal
2018-06-01 15:30:00,96.666664,142.66666999999998,28.41508,77.04353,Nischal
2018-06-01 15:45:00,69.0,91.0,28.41508,77.04353,Nischal
2018-06-01 16:00:00,55.33333199999999,68.333336,28.41508,77.04353,Nischal
2018-06-01 16:15:00,43.0,48.666668,28.41508,77.04353,Nischal
2018-06-01 16:30:00,39.333332,45.0,28.41508,77.04353,Nischal
2018-06-01 16:45:00,37.0,39.666668,28.41508,77.04353,Nischal
2018-06-01 17:00:00,33.666668,38.666668,28.41508,77.04353,Nischal
2018-06-01 17:15:00,31.333334000000004,34.0,28.41508,77.04353,Nischal
2018-06-01 17:30:00,33.666668,37.666668,28.41508,77.04353,Nischal
2018-06-01 17:45:00,31.333334000000004,33.333332,28.41508,77.04353,Nischal
2018-06-01 18:00:00,29.0,34.0,28.41508,77.04353,Nischal
2018-06-01 18:15:00,29.333334000000004,33.0,28.41508,77.04353,Nischal
2018-06-01 18:30:00,26.0,30.0,28.41508,77.04353,Nischal
2018-06-01 18:45:00,27.666665999999996,29.333334000000004,28.41508,77.04353,Nischal
2018-06-01 19:00:00,26.0,29.0,28.41508,77.04353,Nischal
2018-06-01 19:15:00,27.0,31.0,28.41508,77.04353,Nischal
2018-06-01 19:30:00,25.333334,29.333334000000004,28.41508,77.04353,Nischal
2018-06-01 19:45:00,23.666666,25.333334,28.41508,77.04353,Nischal
2018-06-01 20:00:00,23.333334,25.333334,28.41508,77.04353,Nischal
2018-06-01 20:15:00,22.0,24.0,28.41508,77.04353,Nischal
2018-06-01 20:30:00,22.0,24.666666,28.41508,77.04353,Nischal
2018-06-01 20:45:00,22.666666,26.666665999999996,28.41508,77.04353,Nischal
2018-06-01 21:00:00,21.333334,23.666666,28.41508,77.04353,Nischal
2018-06-01 21:15:00,21.0,22.666666,28.41508,77.04353,Nischal
2018-06-01 21:30:00,23.0,26.0,28.41508,77.04353,Nischal
2018-06-01 21:45:00,25.0,30.0,28.41508,77.04353,Nischal
2018-06-01 22:00:00,27.0,30.0,28.41508,77.04353,Nischal
2018-06-01 22:15:00,27.0,32.333332,28.41508,77.04353,Nischal
2018-06-01 22:30:00,30.0,34.666668,28.41508,77.04353,Nischal
2018-06-01 22:45:00,32.333332,38.666668,28.41508,77.04353,Nischal
2018-06-01 23:00:00,34.0,40.666668,28.41508,77.04353,Nischal
2018-06-01 23:15:00,36.666668,43.0,28.41508,77.04353,Nischal
2018-06-01 23:30:00,33.666668,39.0,28.41508,77.04353,Nischal
2018-06-01 23:45:00,32.0,36.0,28.41508,77.04353,Nischal
2018-06-02 00:00:00,33.666668,41.0,28.41508,77.04353,Nischal
2018-06-02 00:15:00,36.0,40.666668,28.41508,77.04353,Nischal
2018-06-02 00:30:00,34.0,40.0,28.41508,77.04353,Nischal
2018-06-02 00:45:00,35.0,41.666668,28.41508,77.04353,Nischal
2018-06-02 01:00:00,40.333332,48.0,28.41508,77.04353,Nischal
2018-06-02 01:15:00,35.666668,42.0,28.41508,77.04353,Nischal
2018-06-02 01:30:00,37.0,45.0,28.41508,77.04353,Nischal
2018-06-02 01:45:00,36.0,39.333332,28.41508,77.04353,Nischal
2018-06-02 02:00:00,46.0,52.66666800000001,28.41508,77.04353,Nischal
2018-06-02 02:15:00,50.0,57.33333199999999,28.41508,77.04353,Nischal
2018-06-02 02:30:00,52.0,60.33333199999999,28.41508,77.04353,Nischal
2018-06-02 02:45:00,56.33333199999999,65.0,28.41508,77.04353,Nischal
2018-06-02 03:00:00,56.33333199999999,75.0,28.41508,77.04353,Nischal
2018-06-02 03:15:00,58.66666800000001,67.333336,28.41508,77.04353,Nischal
2018-06-02 03:30:00,58.66666800000001,66.0,28.41508,77.04353,Nischal
2018-06-02 03:45:00,57.33333199999999,65.0,28.41508,77.04353,Nischal
2018-06-02 04:00:00,44.333332,49.333332,28.41508,77.04353,Nischal
2018-06-02 04:15:00,41.0,47.333332,28.41508,77.04353,Nischal
2018-06-02 04:30:00,54.0,63.66666800000001,28.41508,77.04353,Nischal
2018-06-02 04:45:00,43.333332,50.333332,28.41508,77.04353,Nischal
2018-06-02 05:00:00,42.666668,50.0,28.41508,77.04353,Nischal
2018-06-02 05:15:00,44.333332,50.666668,28.41508,77.04353,Nischal
2018-06-02 05:30:00,42.0,46.0,28.41508,77.04353,Nischal
2018-06-02 05:45:00,48.333332,54.0,28.41508,77.04353,Nischal
2018-06-02 06:00:00,42.666668,48.666668,28.41508,77.04353,Nischal
2018-06-02 06:15:00,51.666668,57.66666800000001,28.41508,77.04353,Nischal
2018-06-02 06:30:00,53.0,58.33333199999999,28.41508,77.04353,Nischal
2018-06-02 06:45:00,48.333332,55.66666800000001,28.41508,77.04353,Nischal
2018-06-02 07:00:00,43.333332,49.333332,28.41508,77.04353,Nischal
2018-06-02 07:15:00,40.333332,46.0,28.41508,77.04353,Nischal
2018-06-02 07:30:00,41.666668,47.666668,28.41508,77.04353,Nischal
2018-06-02 07:45:00,40.333332,45.333332,28.41508,77.04353,Nischal
2018-06-02 08:00:00,39.333332,44.333332,28.41508,77.04353,Nischal
2018-06-02 08:15:00,41.666668,47.0,28.41508,77.04353,Nischal
2018-06-02 08:30:00,40.333332,45.0,28.41508,77.04353,Nischal
2018-06-02 08:45:00,40.0,48.0,28.41508,77.04353,Nischal
2018-06-02 09:00:00,42.333332,50.0,28.41508,77.04353,Nischal
2018-06-02 09:15:00,42.666668,48.333332,28.41508,77.04353,Nischal
2018-06-02 09:30:00,43.666668,49.666668,28.41508,77.04353,Nischal
2018-06-02 09:45:00,44.333332,49.333332,28.41508,77.04353,Nischal
2018-06-02 10:00:00,43.666668,48.666668,28.41508,77.04353,Nischal
2018-06-02 10:15:00,44.333332,48.333332,28.41508,77.04353,Nischal
2018-06-02 10:30:00,45.666668,50.0,28.41508,77.04353,Nischal
2018-06-02 10:45:00,41.0,45.333332,28.41508,77.04353,Nischal
2018-06-02 11:00:00,44.0,47.666668,28.41508,77.04353,Nischal
2018-06-02 11:15:00,44.333332,49.666668,28.41508,77.04353,Nischal
2018-06-02 11:30:00,43.666668,51.666668,28.41508,77.04353,Nischal
2018-06-02 11:45:00,46.5,50.5,28.41508,77.04353,Nischal
2018-06-02 12:00:00,44.666668,53.0,28.41508,77.04353,Nischal
2018-06-02 12:15:00,43.333332,49.333332,28.41508,77.04353,Nischal
2018-06-02 12:30:00,43.666668,48.666668,28.41508,77.04353,Nischal
2018-06-02 12:45:00,44.0,49.333332,28.41508,77.04353,Nischal
2018-06-02 13:00:00,46.333332,53.0,28.41508,77.04353,Nischal
2018-06-02 13:15:00,45.666668,49.333332,28.41508,77.04353,Nischal
2018-06-02 13:30:00,47.333332,52.66666800000001,28.41508,77.04353,Nischal
2018-06-02 13:45:00,49.333332,54.33333199999999,28.41508,77.04353,Nischal
2018-06-02 14:00:00,48.0,53.66666800000001,28.41508,77.04353,Nischal
2018-06-02 14:15:00,47.666668,54.33333199999999,28.41508,77.04353,Nischal
2018-06-02 14:30:00,47.5,53.5,28.41508,77.04353,Nischal
2018-06-02 14:45:00,49.0,55.0,28.41508,77.04353,Nischal
2018-06-02 15:00:00,51.666668,57.33333199999999,28.41508,77.04353,Nischal
2018-06-02 15:15:00,55.66666800000001,59.0,28.41508,77.04353,Nischal
2018-06-02 15:30:00,58.0,64.666664,28.41508,77.04353,Nischal
2018-06-02 15:45:00,60.33333199999999,66.666664,28.41508,77.04353,Nischal
2018-06-02 16:00:00,54.33333199999999,59.66666800000001,28.41508,77.04353,Nischal
2018-06-02 16:15:00,50.333332,57.33333199999999,28.41508,77.04353,Nischal
2018-06-02 16:30:00,46.666668,55.0,28.41508,77.04353,Nischal
2018-06-02 16:45:00,44.5,48.0,28.41508,77.04353,Nischal
2018-06-02 17:00:00,49.666668,54.66666800000001,28.41508,77.04353,Nischal
2018-06-02 17:15:00,49.333332,54.33333199999999,28.41508,77.04353,Nischal
2018-06-02 17:30:00,50.333332,55.66666800000001,28.41508,77.04353,Nischal
2018-06-02 17:45:00,52.333332,55.33333199999999,28.41508,77.04353,Nischal
2018-06-02 18:00:00,52.0,56.0,28.41508,77.04353,Nischal
2018-06-02 18:15:00,50.666668,55.33333199999999,28.41508,77.04353,Nischal
2018-06-02 18:30:00,48.0,51.666668,28.41508,77.04353,Nischal
2018-06-02 18:45:00,45.333332,49.666668,28.41508,77.04353,Nischal
2018-06-02 19:00:00,46.333332,52.333332,28.41508,77.04353,Nischal
2018-06-02 19:15:00,46.666668,50.0,28.41508,77.04353,Nischal
2018-06-02 19:30:00,44.0,49.0,28.41508,77.04353,Nischal
2018-06-02 19:45:00,46.333332,52.66666800000001,28.41508,77.04353,Nischal
2018-06-02 20:00:00,44.333332,50.333332,28.41508,77.04353,Nischal
2018-06-02 20:15:00,49.666668,53.33333199999999,28.41508,77.04353,Nischal
2018-06-02 20:30:00,53.0,58.0,28.41508,77.04353,Nischal
2018-06-02 20:45:00,52.66666800000001,59.66666800000001,28.41508,77.04353,Nischal
2018-06-02 21:00:00,49.0,53.0,28.41508,77.04353,Nischal
2018-06-02 21:15:00,51.0,57.0,28.41508,77.04353,Nischal
2018-06-02 21:30:00,54.0,60.33333199999999,28.41508,77.04353,Nischal
2018-06-02 21:45:00,51.0,57.66666800000001,28.41508,77.04353,Nischal
2018-06-02 22:00:00,52.0,57.0,28.41508,77.04353,Nischal
2018-06-02 22:15:00,53.0,61.66666800000001,28.41508,77.04353,Nischal
2018-06-02 22:30:00,55.66666800000001,64.666664,28.41508,77.04353,Nischal
2018-06-02 22:45:00,62.0,66.333336,28.41508,77.04353,Nischal
2018-06-02 23:00:00,62.0,68.666664,28.41508,77.04353,Nischal
2018-06-02 23:15:00,63.0,71.666664,28.41508,77.04353,Nischal
2018-06-02 23:30:00,61.0,67.333336,28.41508,77.04353,Nischal
2018-06-02 23:45:00,64.333336,71.0,28.41508,77.04353,Nischal
2018-06-03 00:00:00,59.33333199999999,67.333336,28.41508,77.04353,Nischal
2018-06-03 00:15:00,61.33333199999999,69.666664,28.41508,77.04353,Nischal
2018-06-03 00:30:00,60.66666800000001,69.333336,28.41508,77.04353,Nischal
2018-06-03 00:45:00,65.333336,74.0,28.41508,77.04353,Nischal
2018-06-03 01:00:00,66.666664,73.0,28.41508,77.04353,Nischal
2018-06-03 01:15:00,73.0,82.333336,28.41508,77.04353,Nischal
2018-06-03 01:30:00,76.333336,85.333336,28.41508,77.04353,Nischal
2018-06-03 01:45:00,80.0,87.666664,28.41508,77.04353,Nischal
2018-06-03 02:00:00,78.666664,89.666664,28.41508,77.04353,Nischal
2018-06-03 02:15:00,79.0,91.333336,28.41508,77.04353,Nischal
2018-06-03 02:30:00,95.333336,106.0,28.41508,77.04353,Nischal
2018-06-03 02:45:00,101.666664,114.66666399999998,28.41508,77.04353,Nischal
2018-06-03 03:00:00,96.0,104.666664,28.41508,77.04353,Nischal
2018-06-03 03:15:00,92.333336,102.333336,28.41508,77.04353,Nischal
2018-06-03 03:30:00,86.333336,98.333336,28.41508,77.04353,Nischal
2018-06-03 03:45:00,85.666664,98.333336,28.41508,77.04353,Nischal
2018-06-03 04:00:00,84.666664,94.0,28.41508,77.04353,Nischal
2018-06-03 04:15:00,83.333336,93.666664,28.41508,77.04353,Nischal
2018-06-03 04:30:00,82.333336,91.0,28.41508,77.04353,Nischal
2018-06-03 04:45:00,81.333336,90.333336,28.41508,77.04353,Nischal
2018-06-03 05:00:00,81.333336,91.333336,28.41508,77.04353,Nischal
2018-06-03 05:15:00,78.333336,87.0,28.41508,77.04353,Nischal
2018-06-03 05:30:00,74.666664,81.333336,28.41508,77.04353,Nischal
2018-06-03 05:45:00,74.333336,86.0,28.41508,77.04353,Nischal
2018-06-03 06:00:00,72.666664,79.0,28.41508,77.04353,Nischal
2018-06-03 06:15:00,75.333336,84.0,28.41508,77.04353,Nischal
2018-06-03 06:30:00,72.333336,80.666664,28.41508,77.04353,Nischal
2018-06-03 06:45:00,71.0,77.666664,28.41508,77.04353,Nischal
2018-06-03 07:00:00,69.333336,77.333336,28.41508,77.04353,Nischal
2018-06-03 07:15:00,66.666664,73.666664,28.41508,77.04353,Nischal
2018-06-03 07:30:00,69.0,75.666664,28.41508,77.04353,Nischal
2018-06-03 07:45:00,65.0,72.333336,28.41508,77.04353,Nischal
2018-06-03 08:00:00,64.666664,71.0,28.41508,77.04353,Nischal
2018-06-03 08:15:00,65.333336,69.0,28.41508,77.04353,Nischal
2018-06-03 08:30:00,64.666664,71.333336,28.41508,77.04353,Nischal
2018-06-03 08:45:00,66.0,74.333336,28.41508,77.04353,Nischal
2018-06-03 09:00:00,67.333336,75.333336,28.41508,77.04353,Nischal
2018-06-03 09:15:00,63.66666800000001,71.0,28.41508,77.04353,Nischal
2018-06-03 09:30:00,69.0,78.333336,28.41508,77.04353,Nischal
2018-06-03 09:45:00,79.333336,86.0,28.41508,77.04353,Nischal
2018-06-03 10:00:00,104.333336,122.0,28.41508,77.04353,Nischal
2018-06-03 10:15:00,73.333336,82.0,28.41508,77.04353,Nischal
2018-06-03 10:30:00,72.0,81.0,28.41508,77.04353,Nischal
2018-06-03 10:45:00,69.666664,76.333336,28.41508,77.04353,Nischal
2018-06-03 11:00:00,68.0,74.0,28.41508,77.04353,Nischal
2018-06-03 11:15:00,66.0,72.666664,28.41508,77.04353,Nischal
2018-06-03 11:30:00,64.666664,71.333336,28.41508,77.04353,Nischal
2018-06-03 11:45:00,66.0,75.666664,28.41508,77.04353,Nischal
2018-06-03 12:00:00,62.33333199999999,67.666664,28.41508,77.04353,Nischal
2018-06-03 12:15:00,67.333336,76.0,28.41508,77.04353,Nischal
2018-06-03 12:30:00,66.0,74.666664,28.41508,77.04353,Nischal
2018-06-03 12:45:00,66.666664,72.333336,28.41508,77.04353,Nischal
2018-06-03 13:00:00,63.66666800000001,70.0,28.41508,77.04353,Nischal
2018-06-03 13:15:00,64.0,71.0,28.41508,77.04353,Nischal
2018-06-03 13:30:00,65.0,71.666664,28.41508,77.04353,Nischal
2018-06-03 13:45:00,65.666664,71.666664,28.41508,77.04353,Nischal
2018-06-03 14:00:00,64.666664,68.666664,28.41508,77.04353,Nischal
2018-06-03 14:15:00,63.66666800000001,70.333336,28.41508,77.04353,Nischal
2018-06-03 14:30:00,62.0,68.333336,28.41508,77.04353,Nischal
2018-06-03 14:45:00,63.66666800000001,70.333336,28.41508,77.04353,Nischal
2018-06-03 15:00:00,63.66666800000001,70.333336,28.41508,77.04353,Nischal
2018-06-03 15:15:00,62.0,69.666664,28.41508,77.04353,Nischal
2018-06-03 15:30:00,66.0,73.333336,28.41508,77.04353,Nischal
2018-06-03 15:45:00,66.0,75.333336,28.41508,77.04353,Nischal
2018-06-03 16:00:00,68.666664,78.666664,28.41508,77.04353,Nischal
2018-06-03 16:15:00,68.333336,75.0,28.41508,77.04353,Nischal
2018-06-03 16:30:00,67.0,71.333336,28.41508,77.04353,Nischal
2018-06-03 16:45:00,68.666664,74.333336,28.41508,77.04353,Nischal
2018-06-03 17:00:00,71.0,77.333336,28.41508,77.04353,Nischal
2018-06-03 17:15:00,70.0,77.333336,28.41508,77.04353,Nischal
2018-06-03 17:30:00,72.666664,79.333336,28.41508,77.04353,Nischal
2018-06-03 17:45:00,72.333336,79.666664,28.41508,77.04353,Nischal
2018-06-03 18:00:00,72.0,80.666664,28.41508,77.04353,Nischal
2018-06-03 18:15:00,75.333336,85.0,28.41508,77.04353,Nischal
2018-06-03 18:30:00,74.0,82.0,28.41508,77.04353,Nischal
2018-06-03 18:45:00,73.666664,81.333336,28.41508,77.04353,Nischal
2018-06-03 19:00:00,74.666664,83.333336,28.41508,77.04353,Nischal
2018-06-03 19:15:00,72.333336,84.333336,28.41508,77.04353,Nischal
2018-06-03 19:30:00,73.0,81.0,28.41508,77.04353,Nischal
2018-06-03 19:45:00,75.0,86.0,28.41508,77.04353,Nischal
2018-06-03 20:00:00,71.333336,77.0,28.41508,77.04353,Nischal
2018-06-03 20:15:00,70.0,77.0,28.41508,77.04353,Nischal
2018-06-03 20:30:00,69.333336,75.666664,28.41508,77.04353,Nischal
2018-06-03 20:45:00,71.666664,83.0,28.41508,77.04353,Nischal
2018-06-03 21:00:00,71.333336,78.666664,28.41508,77.04353,Nischal
2018-06-03 21:15:00,70.0,76.333336,28.41508,77.04353,Nischal
2018-06-03 21:30:00,69.0,77.333336,28.41508,77.04353,Nischal
2018-06-03 21:45:00,67.333336,72.666664,28.41508,77.04353,Nischal
2018-06-03 22:00:00,69.333336,76.666664,28.41508,77.04353,Nischal
2018-06-03 22:15:00,69.0,76.666664,28.41508,77.04353,Nischal
2018-06-03 22:30:00,70.333336,79.666664,28.41508,77.04353,Nischal
2018-06-03 22:45:00,76.333336,86.666664,28.41508,77.04353,Nischal
2018-06-03 23:00:00,73.0,86.333336,28.41508,77.04353,Nischal
2018-06-03 23:15:00,74.0,84.0,28.41508,77.04353,Nischal
2018-06-03 23:30:00,72.333336,81.666664,28.41508,77.04353,Nischal
2018-06-03 23:45:00,68.333336,74.0,28.41508,77.04353,Nischal
2018-06-04 00:00:00,67.333336,74.333336,28.41508,77.04353,Nischal
2018-06-04 00:15:00,69.666664,76.0,28.41508,77.04353,Nischal
2018-06-04 00:30:00,68.0,76.0,28.41508,77.04353,Nischal
2018-06-04 00:45:00,66.666664,76.333336,28.41508,77.04353,Nischal
2018-06-04 01:00:00,70.666664,78.0,28.41508,77.04353,Nischal
2018-06-04 01:15:00,67.0,72.666664,28.41508,77.04353,Nischal
2018-06-04 01:30:00,67.5,77.5,28.41508,77.04353,Nischal
2018-06-04 01:45:00,68.333336,75.333336,28.41508,77.04353,Nischal
2018-06-04 02:00:00,74.0,82.0,28.41508,77.04353,Nischal
2018-06-04 02:15:00,71.333336,80.333336,28.41508,77.04353,Nischal
2018-06-04 02:30:00,70.0,77.333336,28.41508,77.04353,Nischal
2018-06-04 02:45:00,68.666664,75.333336,28.41508,77.04353,Nischal
2018-06-04 03:00:00,65.5,71.0,28.41508,77.04353,Nischal
2018-06-04 03:15:00,72.666664,80.666664,28.41508,77.04353,Nischal
2018-06-04 03:30:00,73.666664,82.666664,28.41508,77.04353,Nischal
2018-06-04 03:45:00,75.333336,81.666664,28.41508,77.04353,Nischal
2018-06-04 04:00:00,72.333336,77.666664,28.41508,77.04353,Nischal
2018-06-04 04:15:00,80.333336,88.0,28.41508,77.04353,Nischal
2018-06-04 04:30:00,89.333336,97.333336,28.41508,77.04353,Nischal
2018-06-04 04:45:00,85.333336,94.0,28.41508,77.04353,Nischal
2018-06-04 05:00:00,82.333336,90.666664,28.41508,77.04353,Nischal
2018-06-04 05:15:00,84.333336,92.333336,28.41508,77.04353,Nischal
2018-06-04 05:30:00,93.333336,102.666664,28.41508,77.04353,Nischal
2018-06-04 05:45:00,90.333336,98.333336,28.41508,77.04353,Nischal
2018-06-04 06:00:00,84.333336,92.333336,28.41508,77.04353,Nischal
2018-06-04 06:15:00,82.333336,90.666664,28.41508,77.04353,Nischal
2018-06-04 06:30:00,74.333336,82.666664,28.41508,77.04353,Nischal
2018-06-04 06:45:00,69.333336,76.0,28.41508,77.04353,Nischal
2018-06-04 07:00:00,64.333336,71.0,28.41508,77.04353,Nischal
2018-06-04 07:15:00,61.66666800000001,67.333336,28.41508,77.04353,Nischal
2018-06-04 07:30:00,60.33333199999999,67.0,28.41508,77.04353,Nischal
2018-06-04 07:45:00,464.66666,614.0,28.41508,77.04353,Nischal
2018-06-04 08:00:00,80.0,91.666664,28.41508,77.04353,Nischal
2018-06-04 08:15:00,68.333336,75.666664,28.41508,77.04353,Nischal
2018-06-04 08:30:00,56.0,63.66666800000001,28.41508,77.04353,Nischal
2018-06-04 08:45:00,55.33333199999999,61.33333199999999,28.41508,77.04353,Nischal
2018-06-04 09:00:00,62.33333199999999,69.666664,28.41508,77.04353,Nischal
2018-06-04 09:15:00,63.33333199999999,72.0,28.41508,77.04353,Nischal
2018-06-04 09:30:00,63.66666800000001,71.333336,28.41508,77.04353,Nischal
2018-06-04 09:45:00,62.33333199999999,69.666664,28.41508,77.04353,Nischal
2018-06-04 10:00:00,65.666664,73.0,28.41508,77.04353,Nischal
2018-06-04 10:15:00,63.33333199999999,72.0,28.41508,77.04353,Nischal
2018-06-04 10:30:00,62.33333199999999,69.666664,28.41508,77.04353,Nischal
2018-06-04 10:45:00,55.0,63.0,28.41508,77.04353,Nischal
2018-06-04 11:00:00,51.0,55.66666800000001,28.41508,77.04353,Nischal
2018-06-04 11:15:00,51.666668,56.0,28.41508,77.04353,Nischal
2018-06-04 11:30:00,52.0,59.0,28.41508,77.04353,Nischal
2018-06-04 11:45:00,60.66666800000001,68.0,28.41508,77.04353,Nischal
2018-06-04 12:00:00,61.0,66.333336,28.41508,77.04353,Nischal
2018-06-04 12:15:00,66.0,73.0,28.41508,77.04353,Nischal
2018-06-04 12:30:00,68.333336,79.0,28.41508,77.04353,Nischal
2018-06-04 12:45:00,64.666664,75.333336,28.41508,77.04353,Nischal
2018-06-04 13:00:00,73.666664,82.666664,28.41508,77.04353,Nischal
2018-06-04 13:15:00,76.333336,85.666664,28.41508,77.04353,Nischal
2018-06-04 13:30:00,72.666664,82.333336,28.41508,77.04353,Nischal
2018-06-04 13:45:00,74.333336,82.666664,28.41508,77.04353,Nischal
2018-06-04 14:00:00,70.5,78.5,28.41508,77.04353,Nischal
2018-06-04 14:15:00,74.333336,84.333336,28.41508,77.04353,Nischal
2018-06-04 14:30:00,74.666664,82.666664,28.41508,77.04353,Nischal
2018-06-04 14:45:00,78.0,85.666664,28.41508,77.04353,Nischal
2018-06-04 15:00:00,80.0,90.333336,28.41508,77.04353,Nischal
2018-06-04 15:15:00,79.333336,88.0,28.41508,77.04353,Nischal
2018-06-04 15:30:00,79.0,85.666664,28.41508,77.04353,Nischal
2018-06-04 15:45:00,78.333336,83.333336,28.41508,77.04353,Nischal
2018-06-04 16:00:00,74.666664,82.666664,28.41508,77.04353,Nischal
2018-06-04 16:15:00,74.333336,86.0,28.41508,77.04353,Nischal
2018-06-04 16:30:00,78.333336,86.0,28.41508,77.04353,Nischal
2018-06-04 16:45:00,74.333336,81.0,28.41508,77.04353,Nischal
2018-06-04 17:00:00,76.333336,82.666664,28.41508,77.04353,Nischal
2018-06-04 17:15:00,74.333336,83.0,28.41508,77.04353,Nischal
2018-06-04 17:30:00,74.0,81.0,28.41508,77.04353,Nischal
2018-06-04 17:45:00,75.0,82.666664,28.41508,77.04353,Nischal
2018-06-04 18:00:00,61.0,66.0,28.41508,77.04353,Nischal
2018-06-04 18:15:00,59.33333199999999,64.333336,28.41508,77.04353,Nischal
2018-06-04 18:30:00,54.66666800000001,58.0,28.41508,77.04353,Nischal
2018-06-04 18:45:00,53.33333199999999,57.33333199999999,28.41508,77.04353,Nischal
2018-06-04 19:00:00,53.0,58.33333199999999,28.41508,77.04353,Nischal
2018-06-04 19:15:00,51.666668,56.66666800000001,28.41508,77.04353,Nischal
2018-06-04 19:30:00,54.66666800000001,58.66666800000001,28.41508,77.04353,Nischal
2018-06-04 19:45:00,53.66666800000001,57.66666800000001,28.41508,77.04353,Nischal
2018-06-04 20:00:00,54.0,60.33333199999999,28.41508,77.04353,Nischal
2018-06-04 20:15:00,53.0,58.0,28.41508,77.04353,Nischal
2018-06-04 20:30:00,51.333332,55.33333199999999,28.41508,77.04353,Nischal
2018-06-04 20:45:00,51.666668,55.66666800000001,28.41508,77.04353,Nischal
2018-06-04 21:00:00,55.0,59.0,28.41508,77.04353,Nischal
2018-06-04 21:15:00,53.0,58.66666800000001,28.41508,77.04353,Nischal
2018-06-04 21:30:00,50.0,53.33333199999999,28.41508,77.04353,Nischal
2018-06-04 21:45:00,50.666668,56.0,28.41508,77.04353,Nischal
2018-06-04 22:00:00,50.0,54.0,28.41508,77.04353,Nischal
2018-06-04 22:15:00,49.666668,52.66666800000001,28.41508,77.04353,Nischal
2018-06-04 22:30:00,48.333332,54.33333199999999,28.41508,77.04353,Nischal
2018-06-04 22:45:00,47.333332,52.0,28.41508,77.04353,Nischal
2018-06-04 23:00:00,47.666668,54.33333199999999,28.41508,77.04353,Nischal
2018-06-04 23:15:00,46.333332,52.66666800000001,28.41508,77.04353,Nischal
2018-06-04 23:30:00,47.666668,52.0,28.41508,77.04353,Nischal
2018-06-04 23:45:00,45.333332,52.0,28.41508,77.04353,Nischal
2018-06-05 00:00:00,46.333332,50.0,28.41508,77.04353,Nischal
2018-06-05 00:15:00,46.0,49.666668,28.41508,77.04353,Nischal
2018-06-05 00:30:00,47.0,50.333332,28.41508,77.04353,Nischal
2018-06-05 00:45:00,48.666668,53.33333199999999,28.41508,77.04353,Nischal
2018-06-05 01:00:00,48.666668,51.666668,28.41508,77.04353,Nischal
2018-06-05 01:15:00,49.666668,53.33333199999999,28.41508,77.04353,Nischal
2018-06-05 01:30:00,56.33333199999999,63.0,28.41508,77.04353,Nischal
2018-06-05 01:45:00,57.66666800000001,66.333336,28.41508,77.04353,Nischal
2018-06-05 02:00:00,52.66666800000001,58.66666800000001,28.41508,77.04353,Nischal
2018-06-05 02:15:00,54.33333199999999,61.33333199999999,28.41508,77.04353,Nischal
2018-06-05 02:30:00,50.666668,56.66666800000001,28.41508,77.04353,Nischal
2018-06-05 02:45:00,54.66666800000001,63.0,28.41508,77.04353,Nischal
2018-06-05 03:00:00,52.0,59.0,28.41508,77.04353,Nischal
2018-06-05 03:15:00,60.33333199999999,66.666664,28.41508,77.04353,Nischal
2018-06-05 03:30:00,66.0,74.333336,28.41508,77.04353,Nischal
2018-06-05 03:45:00,91.666664,104.0,28.41508,77.04353,Nischal
2018-06-05 04:00:00,72.333336,77.666664,28.41508,77.04353,Nischal
2018-06-05 04:15:00,78.333336,90.0,28.41508,77.04353,Nischal
2018-06-05 04:30:00,69.0,75.333336,28.41508,77.04353,Nischal
2018-06-05 04:45:00,64.333336,73.666664,28.41508,77.04353,Nischal
2018-06-05 05:00:00,70.0,77.333336,28.41508,77.04353,Nischal
2018-06-05 05:15:00,496.5,623.0,28.41508,77.04353,Nischal
2018-06-05 05:30:00,123.5,142.0,28.41508,77.04353,Nischal
2018-06-05 05:45:00,82.666664,93.0,28.41508,77.04353,Nischal
2018-06-05 06:00:00,71.666664,80.666664,28.41508,77.04353,Nischal
2018-06-05 06:15:00,60.33333199999999,69.333336,28.41508,77.04353,Nischal
2018-06-05 06:30:00,69.333336,77.0,28.41508,77.04353,Nischal
2018-06-05 06:45:00,73.666664,83.666664,28.41508,77.04353,Nischal
2018-06-05 07:00:00,76.666664,83.0,28.41508,77.04353,Nischal
2018-06-05 07:15:00,68.333336,76.666664,28.41508,77.04353,Nischal
2018-06-05 07:30:00,67.0,73.333336,28.41508,77.04353,Nischal
2018-06-05 07:45:00,67.333336,74.666664,28.41508,77.04353,Nischal
2018-06-05 08:00:00,65.0,72.333336,28.41508,77.04353,Nischal
2018-06-05 08:15:00,66.0,72.333336,28.41508,77.04353,Nischal
2018-06-05 08:30:00,69.0,76.0,28.41508,77.04353,Nischal
2018-06-05 08:45:00,343.33333999999996,426.33334,28.41508,77.04353,Nischal
2018-06-05 09:00:00,79.666664,86.333336,28.41508,77.04353,Nischal
2018-06-05 09:15:00,75.333336,87.333336,28.41508,77.04353,Nischal
2018-06-05 09:30:00,76.666664,83.0,28.41508,77.04353,Nischal
2018-06-05 09:45:00,73.666664,81.333336,28.41508,77.04353,Nischal
2018-06-05 10:00:00,63.33333199999999,70.666664,28.41508,77.04353,Nischal
2018-06-05 10:15:00,65.333336,71.666664,28.41508,77.04353,Nischal
2018-06-05 10:30:00,64.666664,70.0,28.41508,77.04353,Nischal
2018-06-05 10:45:00,65.333336,70.666664,28.41508,77.04353,Nischal
2018-06-05 11:00:00,64.333336,70.333336,28.41508,77.04353,Nischal
2018-06-05 11:15:00,65.0,70.666664,28.41508,77.04353,Nischal
2018-06-05 11:30:00,76.333336,82.333336,28.41508,77.04353,Nischal
2018-06-05 11:45:00,71.333336,81.666664,28.41508,77.04353,Nischal
2018-06-05 12:00:00,70.0,75.666664,28.41508,77.04353,Nischal
2018-06-05 12:15:00,67.666664,76.666664,28.41508,77.04353,Nischal
2018-06-05 12:30:00,66.333336,74.0,28.41508,77.04353,Nischal
2018-06-05 12:45:00,69.666664,77.666664,28.41508,77.04353,Nischal
2018-06-05 13:00:00,74.0,83.333336,28.41508,77.04353,Nischal
2018-06-05 13:15:00,67.333336,74.333336,28.41508,77.04353,Nischal
2018-06-05 13:30:00,67.666664,75.333336,28.41508,77.04353,Nischal
2018-06-05 13:45:00,66.0,70.333336,28.41508,77.04353,Nischal
2018-06-05 14:00:00,69.666664,75.666664,28.41508,77.04353,Nischal
2018-06-05 14:15:00,68.0,75.333336,28.41508,77.04353,Nischal
2018-06-05 14:30:00,66.333336,72.333336,28.41508,77.04353,Nischal
2018-06-05 14:45:00,66.666664,72.0,28.41508,77.04353,Nischal
2018-06-05 15:00:00,68.333336,75.666664,28.41508,77.04353,Nischal
2018-06-05 15:15:00,64.333336,69.0,28.41508,77.04353,Nischal
2018-06-05 15:30:00,62.66666800000001,70.666664,28.41508,77.04353,Nischal
2018-06-05 15:45:00,64.0,69.666664,28.41508,77.04353,Nischal
2018-06-05 16:00:00,65.666664,70.333336,28.41508,77.04353,Nischal
2018-06-05 16:15:00,66.666664,72.0,28.41508,77.04353,Nischal
2018-06-05 16:30:00,70.666664,78.0,28.41508,77.04353,Nischal
2018-06-05 16:45:00,74.333336,83.333336,28.41508,77.04353,Nischal
2018-06-05 17:00:00,72.666664,77.666664,28.41508,77.04353,Nischal
2018-06-05 17:15:00,64.333336,71.0,28.41508,77.04353,Nischal
2018-06-05 17:30:00,68.666664,75.0,28.41508,77.04353,Nischal
2018-06-05 17:45:00,81.0,89.0,28.41508,77.04353,Nischal
2018-06-05 18:00:00,78.0,89.0,28.41508,77.04353,Nischal
2018-06-05 18:15:00,70.666664,75.666664,28.41508,77.04353,Nischal
2018-06-05 18:30:00,67.666664,74.666664,28.41508,77.04353,Nischal
2018-06-05 18:45:00,71.666664,78.666664,28.41508,77.04353,Nischal
2018-06-05 19:00:00,76.0,83.0,28.41508,77.04353,Nischal
2018-06-05 19:15:00,77.0,88.0,28.41508,77.04353,Nischal
2018-06-05 19:30:00,75.666664,83.333336,28.41508,77.04353,Nischal
2018-06-05 19:45:00,78.0,84.666664,28.41508,77.04353,Nischal
2018-06-05 20:00:00,78.666664,88.666664,28.41508,77.04353,Nischal
2018-06-05 20:15:00,79.0,87.666664,28.41508,77.04353,Nischal
2018-06-05 20:30:00,79.0,88.666664,28.41508,77.04353,Nischal
2018-06-05 20:45:00,79.0,89.333336,28.41508,77.04353,Nischal
2018-06-05 21:00:00,77.666664,85.333336,28.41508,77.04353,Nischal
2018-06-05 21:15:00,77.0,86.333336,28.41508,77.04353,Nischal
2018-06-05 21:30:00,76.666664,85.0,28.41508,77.04353,Nischal
2018-06-05 21:45:00,76.0,83.666664,28.41508,77.04353,Nischal
2018-06-05 22:00:00,74.666664,86.333336,28.41508,77.04353,Nischal
2018-06-05 22:15:00,74.333336,83.0,28.41508,77.04353,Nischal
2018-06-05 22:30:00,71.0,80.0,28.41508,77.04353,Nischal
2018-06-05 22:45:00,74.666664,84.333336,28.41508,77.04353,Nischal
2018-06-05 23:00:00,72.0,82.333336,28.41508,77.04353,Nischal
2018-06-05 23:15:00,73.333336,82.333336,28.41508,77.04353,Nischal
2018-06-05 23:30:00,74.666664,84.333336,28.41508,77.04353,Nischal
2018-06-05 23:45:00,80.333336,90.666664,28.41508,77.04353,Nischal
2018-06-06 00:00:00,85.666664,94.0,28.41508,77.04353,Nischal
2018-06-06 00:15:00,87.0,97.333336,28.41508,77.04353,Nischal
2018-06-06 00:30:00,76.0,84.333336,28.41508,77.04353,Nischal
2018-06-06 00:45:00,64.0,70.333336,28.41508,77.04353,Nischal
2018-06-06 01:00:00,56.66666800000001,63.66666800000001,28.41508,77.04353,Nischal
2018-06-06 01:15:00,60.33333199999999,65.0,28.41508,77.04353,Nischal
2018-06-06 01:30:00,59.33333199999999,65.0,28.41508,77.04353,Nischal
2018-06-06 01:45:00,65.0,75.0,28.41508,77.04353,Nischal
2018-06-06 02:00:00,67.666664,76.0,28.41508,77.04353,Nischal
2018-06-06 02:15:00,68.0,75.333336,28.41508,77.04353,Nischal
2018-06-06 02:30:00,68.666664,74.333336,28.41508,77.04353,Nischal
2018-06-06 02:45:00,67.666664,76.0,28.41508,77.04353,Nischal
2018-06-06 03:00:00,71.666664,80.0,28.41508,77.04353,Nischal
2018-06-06 03:15:00,84.0,95.5,28.41508,77.04353,Nischal
2018-06-06 03:30:00,88.333336,100.333336,28.41508,77.04353,Nischal
2018-06-06 03:45:00,92.333336,103.666664,28.41508,77.04353,Nischal
2018-06-06 04:00:00,114.33333600000002,128.66666999999998,28.41508,77.04353,Nischal
2018-06-06 04:15:00,75.666664,82.666664,28.41508,77.04353,Nischal
2018-06-06 04:30:00,62.66666800000001,69.666664,28.41508,77.04353,Nischal
2018-06-06 04:45:00,61.66666800000001,68.666664,28.41508,77.04353,Nischal
2018-06-06 05:00:00,69.666664,75.0,28.41508,77.04353,Nischal
2018-06-06 05:15:00,71.5,79.5,28.41508,77.04353,Nischal
2018-06-06 05:30:00,71.333336,79.666664,28.41508,77.04353,Nischal
2018-06-06 05:45:00,70.0,77.0,28.41508,77.04353,Nischal
2018-06-06 06:00:00,72.666664,81.0,28.41508,77.04353,Nischal
2018-06-06 06:15:00,72.333336,79.666664,28.41508,77.04353,Nischal
2018-06-06 06:30:00,74.666664,86.333336,28.41508,77.04353,Nischal
2018-06-06 06:45:00,77.333336,86.666664,28.41508,77.04353,Nischal
2018-06-06 07:00:00,82.666664,91.0,28.41508,77.04353,Nischal
2018-06-06 07:15:00,83.333336,90.666664,28.41508,77.04353,Nischal
2018-06-06 07:30:00,85.0,93.666664,28.41508,77.04353,Nischal
2018-06-06 07:45:00,83.666664,93.0,28.41508,77.04353,Nischal
2018-06-06 08:00:00,83.666664,93.666664,28.41508,77.04353,Nischal
2018-06-06 08:15:00,84.0,91.5,28.41508,77.04353,Nischal
2018-06-06 08:30:00,83.666664,91.333336,28.41508,77.04353,Nischal
2018-06-06 08:45:00,85.666664,94.666664,28.41508,77.04353,Nischal
2018-06-06 09:00:00,85.666664,95.333336,28.41508,77.04353,Nischal
2018-06-06 09:15:00,89.0,97.666664,28.41508,77.04353,Nischal
2018-06-06 09:30:00,88.0,100.666664,28.41508,77.04353,Nischal
2018-06-06 09:45:00,89.333336,100.666664,28.41508,77.04353,Nischal
2018-06-06 10:00:00,84.333336,96.666664,28.41508,77.04353,Nischal
2018-06-06 10:15:00,79.333336,85.666664,28.41508,77.04353,Nischal
2018-06-06 10:30:00,81.333336,90.0,28.41508,77.04353,Nischal
2018-06-06 10:45:00,79.333336,89.333336,28.41508,77.04353,Nischal
2018-06-06 11:00:00,79.0,88.666664,28.41508,77.04353,Nischal
2018-06-06 11:15:00,78.0,86.0,28.41508,77.04353,Nischal
2018-06-06 11:30:00,79.333336,88.333336,28.41508,77.04353,Nischal
2018-06-06 11:45:00,77.666664,84.0,28.41508,77.04353,Nischal
2018-06-06 12:00:00,77.0,87.0,28.41508,77.04353,Nischal
2018-06-06 12:15:00,81.333336,91.666664,28.41508,77.04353,Nischal
2018-06-06 12:30:00,85.0,91.333336,28.41508,77.04353,Nischal
2018-06-06 12:45:00,87.333336,99.0,28.41508,77.04353,Nischal
2018-06-06 13:00:00,87.333336,95.333336,28.41508,77.04353,Nischal
2018-06-06 13:15:00,91.333336,100.333336,28.41508,77.04353,Nischal
2018-06-06 13:30:00,85.0,94.0,28.41508,77.04353,Nischal
2018-06-06 13:45:00,81.333336,90.0,28.41508,77.04353,Nischal
2018-06-06 14:00:00,85.0,96.333336,28.41508,77.04353,Nischal
2018-06-06 14:15:00,94.666664,103.666664,28.41508,77.04353,Nischal
2018-06-06 14:30:00,88.666664,98.666664,28.41508,77.04353,Nischal
2018-06-06 14:45:00,81.0,92.0,28.41508,77.04353,Nischal
2018-06-06 15:00:00,79.333336,88.666664,28.41508,77.04353,Nischal
2018-06-06 15:15:00,76.0,83.333336,28.41508,77.04353,Nischal
2018-06-06 15:30:00,75.666664,84.666664,28.41508,77.04353,Nischal
2018-06-06 15:45:00,77.0,84.666664,28.41508,77.04353,Nischal
2018-06-06 16:00:00,76.666664,83.333336,28.41508,77.04353,Nischal
2018-06-06 16:15:00,79.333336,90.333336,28.41508,77.04353,Nischal
2018-06-06 16:30:00,81.333336,88.0,28.41508,77.04353,Nischal
2018-06-06 16:45:00,84.333336,91.666664,28.41508,77.04353,Nischal
2018-06-06 17:00:00,74.666664,83.0,28.41508,77.04353,Nischal
2018-06-06 17:15:00,69.0,76.666664,28.41508,77.04353,Nischal
2018-06-06 17:30:00,63.66666800000001,70.666664,28.41508,77.04353,Nischal
2018-06-06 17:45:00,59.0,62.66666800000001,28.41508,77.04353,Nischal
2018-06-06 18:00:00,85.0,95.0,28.41508,77.04353,Nischal
2018-06-06 18:15:00,74.666664,84.333336,28.41508,77.04353,Nischal
2018-06-06 18:30:00,65.0,75.333336,28.41508,77.04353,Nischal
2018-06-06 18:45:00,62.0,67.666664,28.41508,77.04353,Nischal
2018-06-06 19:00:00,62.66666800000001,68.666664,28.41508,77.04353,Nischal
2018-06-06 19:15:00,61.66666800000001,69.666664,28.41508,77.04353,Nischal
2018-06-06 19:30:00,59.33333199999999,68.666664,28.41508,77.04353,Nischal
2018-06-06 19:45:00,61.0,68.0,28.41508,77.04353,Nischal
2018-06-06 20:00:00,64.333336,70.0,28.41508,77.04353,Nischal
2018-06-06 20:15:00,64.0,72.0,28.41508,77.04353,Nischal
2018-06-06 20:30:00,70.333336,77.666664,28.41508,77.04353,Nischal
2018-06-06 20:45:00,67.666664,76.666664,28.41508,77.04353,Nischal
2018-06-06 21:00:00,70.666664,80.666664,28.41508,77.04353,Nischal
2018-06-06 21:15:00,66.0,76.0,28.41508,77.04353,Nischal
2018-06-06 21:30:00,66.0,71.333336,28.41508,77.04353,Nischal
2018-06-06 21:45:00,62.66666800000001,67.666664,28.41508,77.04353,Nischal
2018-06-06 22:00:00,61.33333199999999,65.333336,28.41508,77.04353,Nischal
2018-06-06 22:15:00,65.666664,75.333336,28.41508,77.04353,Nischal
2018-06-06 22:30:00,65.333336,72.666664,28.41508,77.04353,Nischal
2018-06-06 22:45:00,66.0,75.666664,28.41508,77.04353,Nischal
2018-06-06 23:00:00,64.666664,74.333336,28.41508,77.04353,Nischal
2018-06-06 23:15:00,61.33333199999999,65.666664,28.41508,77.04353,Nischal
2018-06-06 23:30:00,61.33333199999999,68.0,28.41508,77.04353,Nischal
2018-06-06 23:45:00,62.66666800000001,67.333336,28.41508,77.04353,Nischal
2018-06-07 00:00:00,59.33333199999999,64.666664,28.41508,77.04353,Nischal
2018-06-07 00:15:00,63.0,70.333336,28.41508,77.04353,Nischal
2018-06-07 00:30:00,65.666664,73.333336,28.41508,77.04353,Nischal
2018-06-07 00:45:00,71.0,80.666664,28.41508,77.04353,Nischal
2018-06-07 01:00:00,75.0,85.333336,28.41508,77.04353,Nischal
2018-06-07 01:15:00,77.333336,85.666664,28.41508,77.04353,Nischal
2018-06-07 01:30:00,74.333336,84.666664,28.41508,77.04353,Nischal
2018-06-07 01:45:00,72.666664,79.0,28.41508,77.04353,Nischal
2018-06-07 02:00:00,70.666664,79.333336,28.41508,77.04353,Nischal
2018-06-07 02:15:00,68.0,75.666664,28.41508,77.04353,Nischal
2018-06-07 02:30:00,67.0,72.666664,28.41508,77.04353,Nischal
2018-06-07 02:45:00,73.666664,80.333336,28.41508,77.04353,Nischal
2018-06-07 03:00:00,83.666664,94.333336,28.41508,77.04353,Nischal
2018-06-07 03:15:00,100.666664,116.33333600000002,28.41508,77.04353,Nischal
2018-06-07 03:30:00,96.0,107.66666399999998,28.41508,77.04353,Nischal
2018-06-07 03:45:00,89.333336,102.666664,28.41508,77.04353,Nischal
2018-06-07 04:00:00,98.666664,106.0,28.41508,77.04353,Nischal
2018-06-07 04:15:00,95.666664,108.66666399999998,28.41508,77.04353,Nischal
2018-06-07 04:30:00,83.666664,94.333336,28.41508,77.04353,Nischal
2018-06-07 04:45:00,86.5,97.0,28.41508,77.04353,Nischal
2018-06-07 05:00:00,89.0,101.0,28.41508,77.04353,Nischal
2018-06-07 05:15:00,89.666664,100.666664,28.41508,77.04353,Nischal
2018-06-07 05:30:00,104.0,119.33333600000002,28.41508,77.04353,Nischal
2018-06-07 05:45:00,92.666664,104.0,28.41508,77.04353,Nischal
2018-06-07 06:00:00,89.666664,99.333336,28.41508,77.04353,Nischal
2018-06-07 06:15:00,85.333336,99.0,28.41508,77.04353,Nischal
2018-06-07 06:30:00,88.666664,98.666664,28.41508,77.04353,Nischal
2018-06-07 06:45:00,89.0,99.0,28.41508,77.04353,Nischal
2018-06-07 07:00:00,97.0,105.66666399999998,28.41508,77.04353,Nischal
2018-06-07 07:15:00,93.0,103.0,28.41508,77.04353,Nischal
2018-06-07 07:30:00,93.333336,103.333336,28.41508,77.04353,Nischal
2018-06-07 07:45:00,94.0,102.0,28.41508,77.04353,Nischal
2018-06-07 08:00:00,89.333336,97.666664,28.41508,77.04353,Nischal
2018-06-07 08:15:00,84.666664,92.333336,28.41508,77.04353,Nischal
2018-06-07 08:30:00,87.0,97.333336,28.41508,77.04353,Nischal
2018-06-07 08:45:00,84.0,94.333336,28.41508,77.04353,Nischal
2018-06-07 09:00:00,80.0,90.333336,28.41508,77.04353,Nischal
2018-06-07 09:15:00,81.666664,90.333336,28.41508,77.04353,Nischal
2018-06-07 09:30:00,80.333336,87.333336,28.41508,77.04353,Nischal
2018-06-07 09:45:00,82.0,91.333336,28.41508,77.04353,Nischal
2018-06-07 10:00:00,76.333336,85.0,28.41508,77.04353,Nischal
2018-06-07 10:15:00,82.0,90.666664,28.41508,77.04353,Nischal
2018-06-07 10:30:00,79.333336,90.0,28.41508,77.04353,Nischal
2018-06-07 10:45:00,77.333336,87.0,28.41508,77.04353,Nischal
2018-06-07 11:00:00,78.666664,89.666664,28.41508,77.04353,Nischal
2018-06-07 11:15:00,72.0,81.0,28.41508,77.04353,Nischal
2018-06-07 11:30:00,73.666664,81.666664,28.41508,77.04353,Nischal
2018-06-07 11:45:00,78.666664,85.666664,28.41508,77.04353,Nischal
2018-06-07 12:00:00,76.0,86.333336,28.41508,77.04353,Nischal
2018-06-07 12:15:00,69.666664,75.666664,28.41508,77.04353,Nischal
2018-06-07 12:30:00,71.0,77.0,28.41508,77.04353,Nischal
2018-06-07 12:45:00,71.666664,79.666664,28.41508,77.04353,Nischal
2018-06-07 13:00:00,76.666664,88.666664,28.41508,77.04353,Nischal
2018-06-07 13:15:00,77.666664,87.666664,28.41508,77.04353,Nischal
2018-06-07 13:30:00,78.666664,88.333336,28.41508,77.04353,Nischal
2018-06-07 13:45:00,75.666664,87.0,28.41508,77.04353,Nischal
2018-06-07 14:00:00,76.666664,85.666664,28.41508,77.04353,Nischal
2018-06-07 14:15:00,72.333336,78.666664,28.41508,77.04353,Nischal
2018-06-07 14:30:00,80.0,89.666664,28.41508,77.04353,Nischal
2018-06-07 14:45:00,84.0,92.0,28.41508,77.04353,Nischal
2018-06-07 15:00:00,80.333336,87.0,28.41508,77.04353,Nischal
2018-06-07 15:15:00,74.333336,82.666664,28.41508,77.04353,Nischal
2018-06-07 15:30:00,71.333336,78.333336,28.41508,77.04353,Nischal
2018-06-07 15:45:00,74.0,79.0,28.41508,77.04353,Nischal
2018-06-07 16:00:00,74.666664,82.0,28.41508,77.04353,Nischal
2018-06-07 16:15:00,88.666664,98.333336,28.41508,77.04353,Nischal
2018-06-07 16:30:00,97.666664,110.0,28.41508,77.04353,Nischal
2018-06-07 16:45:00,100.0,113.0,28.41508,77.04353,Nischal
2018-06-07 17:00:00,97.0,110.33333600000002,28.41508,77.04353,Nischal
2018-06-07 17:15:00,93.0,102.666664,28.41508,77.04353,Nischal
2018-06-07 17:30:00,98.0,109.66666399999998,28.41508,77.04353,Nischal
2018-06-07 17:45:00,86.666664,94.666664,28.41508,77.04353,Nischal
2018-06-07 18:00:00,82.333336,93.333336,28.41508,77.04353,Nischal
2018-06-07 18:15:00,85.0,91.666664,28.41508,77.04353,Nischal
2018-06-07 18:30:00,82.0,89.666664,28.41508,77.04353,Nischal
2018-06-07 18:45:00,78.666664,85.666664,28.41508,77.04353,Nischal
2018-06-07 19:00:00,79.333336,87.333336,28.41508,77.04353,Nischal
2018-06-07 19:15:00,79.0,87.333336,28.41508,77.04353,Nischal
2018-06-07 19:30:00,79.0,87.666664,28.41508,77.04353,Nischal
2018-06-07 19:45:00,79.333336,85.666664,28.41508,77.04353,Nischal
2018-06-07 20:00:00,83.666664,93.0,28.41508,77.04353,Nischal
2018-06-07 20:15:00,79.666664,89.333336,28.41508,77.04353,Nischal
2018-06-07 20:30:00,81.0,89.333336,28.41508,77.04353,Nischal
2018-06-07 20:45:00,78.666664,87.333336,28.41508,77.04353,Nischal
2018-06-07 21:00:00,81.333336,91.0,28.41508,77.04353,Nischal
2018-06-07 21:15:00,78.333336,86.0,28.41508,77.04353,Nischal
2018-06-07 21:30:00,80.333336,88.0,28.41508,77.04353,Nischal
2018-06-07 21:45:00,79.333336,89.666664,28.41508,77.04353,Nischal
2018-06-07 22:00:00,80.333336,92.0,28.41508,77.04353,Nischal
2018-06-07 22:15:00,78.333336,86.333336,28.41508,77.04353,Nischal
2018-06-07 22:30:00,77.666664,86.666664,28.41508,77.04353,Nischal
2018-06-07 22:45:00,77.0,90.333336,28.41508,77.04353,Nischal
2018-06-07 23:00:00,78.333336,85.666664,28.41508,77.04353,Nischal
2018-06-07 23:15:00,76.0,83.666664,28.41508,77.04353,Nischal
2018-06-07 23:30:00,74.666664,81.666664,28.41508,77.04353,Nischal
2018-06-07 23:45:00,74.0,82.0,28.41508,77.04353,Nischal
2018-06-08 00:00:00,76.0,86.666664,28.41508,77.04353,Nischal
2018-06-08 00:15:00,76.0,87.0,28.41508,77.04353,Nischal
2018-06-08 00:30:00,78.333336,89.666664,28.41508,77.04353,Nischal
2018-06-08 00:45:00,83.0,92.0,28.41508,77.04353,Nischal
2018-06-08 01:00:00,79.666664,88.666664,28.41508,77.04353,Nischal
2018-06-08 01:15:00,,,28.41508,77.04353,Nischal
2018-06-08 01:30:00,,,28.41508,77.04353,Nischal
2018-06-08 01:45:00,,,28.41508,77.04353,Nischal
2018-06-08 02:00:00,,,28.41508,77.04353,Nischal
2018-06-08 02:15:00,,,28.41508,77.04353,Nischal
2018-06-08 02:30:00,,,28.41508,77.04353,Nischal
2018-06-08 02:45:00,,,28.41508,77.04353,Nischal
2018-06-08 03:00:00,,,28.41508,77.04353,Nischal
2018-06-08 03:15:00,,,28.41508,77.04353,Nischal
2018-06-08 03:30:00,,,28.41508,77.04353,Nischal
2018-06-08 03:45:00,99.333336,111.33333600000002,28.41508,77.04353,Nischal
2018-06-08 04:00:00,127.0,143.66666999999998,28.41508,77.04353,Nischal
2018-06-08 04:15:00,162.33333000000002,189.0,28.41508,77.04353,Nischal
2018-06-08 04:30:00,149.66666999999998,171.33333000000002,28.41508,77.04353,Nischal
2018-06-08 04:45:00,115.5,131.0,28.41508,77.04353,Nischal
2018-06-08 05:00:00,111.5,126.5,28.41508,77.04353,Nischal
2018-06-08 05:15:00,102.666664,115.33333600000002,28.41508,77.04353,Nischal
2018-06-08 05:30:00,101.666664,112.66666399999998,28.41508,77.04353,Nischal
2018-06-08 05:45:00,95.666664,109.0,28.41508,77.04353,Nischal
2018-06-08 06:00:00,87.0,99.0,28.41508,77.04353,Nischal
2018-06-08 06:15:00,83.0,92.333336,28.41508,77.04353,Nischal
2018-06-08 06:30:00,77.666664,85.0,28.41508,77.04353,Nischal
2018-06-08 06:45:00,77.5,83.5,28.41508,77.04353,Nischal
2018-06-08 07:00:00,76.0,88.0,28.41508,77.04353,Nischal
2018-06-08 07:15:00,77.333336,87.0,28.41508,77.04353,Nischal
2018-06-08 07:30:00,78.333336,86.0,28.41508,77.04353,Nischal
2018-06-08 07:45:00,79.0,91.0,28.41508,77.04353,Nischal
2018-06-08 08:00:00,97.333336,111.66666399999998,28.41508,77.04353,Nischal
2018-06-08 08:15:00,102.666664,116.33333600000002,28.41508,77.04353,Nischal
2018-06-08 08:30:00,105.66666399999998,115.0,28.41508,77.04353,Nischal
2018-06-08 08:45:00,106.5,119.5,28.41508,77.04353,Nischal
2018-06-08 09:00:00,104.333336,117.66666399999998,28.41508,77.04353,Nischal
2018-06-08 09:15:00,104.0,116.0,28.41508,77.04353,Nischal
2018-06-08 09:30:00,100.0,111.66666399999998,28.41508,77.04353,Nischal
2018-06-08 09:45:00,96.0,103.333336,28.41508,77.04353,Nischal
2018-06-08 10:00:00,91.666664,104.333336,28.41508,77.04353,Nischal
2018-06-08 10:15:00,86.666664,97.333336,28.41508,77.04353,Nischal
2018-06-08 10:30:00,85.333336,97.666664,28.41508,77.04353,Nischal
2018-06-08 10:45:00,89.666664,99.666664,28.41508,77.04353,Nischal
2018-06-08 11:00:00,78.0,89.666664,28.41508,77.04353,Nischal
2018-06-08 11:15:00,76.666664,84.666664,28.41508,77.04353,Nischal
2018-06-08 11:30:00,74.333336,82.666664,28.41508,77.04353,Nischal
2018-06-08 11:45:00,77.0,85.0,28.41508,77.04353,Nischal
2018-06-08 12:00:00,76.333336,83.0,28.41508,77.04353,Nischal
2018-06-08 12:15:00,78.666664,86.333336,28.41508,77.04353,Nischal
2018-06-08 12:30:00,78.666664,87.333336,28.41508,77.04353,Nischal
2018-06-08 12:45:00,81.333336,90.0,28.41508,77.04353,Nischal
2018-06-08 13:00:00,84.0,93.333336,28.41508,77.04353,Nischal
2018-06-08 13:15:00,85.666664,91.666664,28.41508,77.04353,Nischal
2018-06-08 13:30:00,87.0,98.333336,28.41508,77.04353,Nischal
2018-06-08 13:45:00,91.333336,99.666664,28.41508,77.04353,Nischal
2018-06-08 14:00:00,89.0,97.0,28.41508,77.04353,Nischal
2018-06-08 14:15:00,86.666664,93.666664,28.41508,77.04353,Nischal
2018-06-08 14:30:00,69.666664,76.666664,28.41508,77.04353,Nischal
2018-06-08 14:45:00,66.0,74.333336,28.41508,77.04353,Nischal
2018-06-08 15:00:00,62.66666800000001,70.333336,28.41508,77.04353,Nischal
2018-06-08 15:15:00,61.0,70.0,28.41508,77.04353,Nischal
2018-06-08 15:30:00,63.0,70.0,28.41508,77.04353,Nischal
2018-06-08 15:45:00,61.0,67.666664,28.41508,77.04353,Nischal
2018-06-08 16:00:00,69.333336,78.0,28.41508,77.04353,Nischal
2018-06-08 16:15:00,66.333336,72.666664,28.41508,77.04353,Nischal
2018-06-08 16:30:00,73.333336,83.0,28.41508,77.04353,Nischal
2018-06-08 16:45:00,81.666664,90.0,28.41508,77.04353,Nischal
2018-06-08 17:00:00,82.0,90.0,28.41508,77.04353,Nischal
2018-06-08 17:15:00,72.333336,81.333336,28.41508,77.04353,Nischal
2018-06-08 17:30:00,63.33333199999999,69.333336,28.41508,77.04353,Nischal
2018-06-08 17:45:00,64.333336,72.333336,28.41508,77.04353,Nischal
2018-06-08 18:00:00,64.0,69.0,28.41508,77.04353,Nischal
2018-06-08 18:15:00,58.66666800000001,66.0,28.41508,77.04353,Nischal
2018-06-08 18:30:00,56.66666800000001,62.0,28.41508,77.04353,Nischal
2018-06-08 18:45:00,59.66666800000001,64.333336,28.41508,77.04353,Nischal
2018-06-08 19:00:00,57.66666800000001,65.0,28.41508,77.04353,Nischal
2018-06-08 19:15:00,63.33333199999999,71.333336,28.41508,77.04353,Nischal
2018-06-08 19:30:00,62.0,68.666664,28.41508,77.04353,Nischal
2018-06-08 19:45:00,61.66666800000001,68.333336,28.41508,77.04353,Nischal
2018-06-08 20:00:00,58.0,66.333336,28.41508,77.04353,Nischal
2018-06-08 20:15:00,56.33333199999999,62.66666800000001,28.41508,77.04353,Nischal
2018-06-08 20:30:00,58.0,65.0,28.41508,77.04353,Nischal
2018-06-08 20:45:00,58.66666800000001,65.333336,28.41508,77.04353,Nischal
2018-06-08 21:00:00,59.0,65.0,28.41508,77.04353,Nischal
2018-06-08 21:15:00,58.0,65.0,28.41508,77.04353,Nischal
2018-06-08 21:30:00,58.0,64.666664,28.41508,77.04353,Nischal
2018-06-08 21:45:00,60.0,66.333336,28.41508,77.04353,Nischal
2018-06-08 22:00:00,57.0,65.0,28.41508,77.04353,Nischal
2018-06-08 22:15:00,62.33333199999999,67.666664,28.41508,77.04353,Nischal
2018-06-08 22:30:00,65.0,73.0,28.41508,77.04353,Nischal
2018-06-08 22:45:00,63.33333199999999,70.666664,28.41508,77.04353,Nischal
2018-06-08 23:00:00,69.666664,80.333336,28.41508,77.04353,Nischal
2018-06-08 23:15:00,67.333336,76.0,28.41508,77.04353,Nischal
2018-06-08 23:30:00,68.333336,77.666664,28.41508,77.04353,Nischal
2018-06-08 23:45:00,66.333336,75.666664,28.41508,77.04353,Nischal
2018-06-09 00:00:00,64.666664,73.666664,28.41508,77.04353,Nischal
2018-06-09 00:15:00,68.0,76.333336,28.41508,77.04353,Nischal
2018-06-09 00:30:00,74.333336,83.0,28.41508,77.04353,Nischal
2018-06-09 00:45:00,75.333336,83.333336,28.41508,77.04353,Nischal
2018-06-09 01:00:00,82.333336,92.0,28.41508,77.04353,Nischal
2018-06-09 01:15:00,87.333336,99.333336,28.41508,77.04353,Nischal
2018-06-09 01:30:00,88.666664,100.666664,28.41508,77.04353,Nischal
2018-06-09 01:45:00,90.666664,104.666664,28.41508,77.04353,Nischal
2018-06-09 02:00:00,82.333336,94.666664,28.41508,77.04353,Nischal
2018-06-09 02:15:00,77.333336,85.0,28.41508,77.04353,Nischal
2018-06-09 02:30:00,91.666664,104.0,28.41508,77.04353,Nischal
2018-06-09 02:45:00,93.666664,108.33333600000002,28.41508,77.04353,Nischal
2018-06-09 03:00:00,102.333336,113.0,28.41508,77.04353,Nischal
2018-06-09 03:15:00,104.666664,118.66666399999998,28.41508,77.04353,Nischal
2018-06-09 03:30:00,99.333336,112.0,28.41508,77.04353,Nischal
2018-06-09 03:45:00,100.333336,112.0,28.41508,77.04353,Nischal
2018-06-09 04:00:00,110.0,125.66666399999998,28.41508,77.04353,Nischal
2018-06-09 04:15:00,109.33333600000002,121.33333600000002,28.41508,77.04353,Nischal
2018-06-09 04:30:00,108.33333600000002,120.66666399999998,28.41508,77.04353,Nischal
2018-06-09 04:45:00,104.0,114.66666399999998,28.41508,77.04353,Nischal
2018-06-09 05:00:00,99.666664,109.33333600000002,28.41508,77.04353,Nischal
2018-06-09 05:15:00,90.666664,100.0,28.41508,77.04353,Nischal
2018-06-09 05:30:00,86.666664,92.666664,28.41508,77.04353,Nischal
2018-06-09 05:45:00,81.333336,91.0,28.41508,77.04353,Nischal
2018-06-09 06:00:00,77.333336,84.333336,28.41508,77.04353,Nischal
2018-06-09 06:15:00,74.333336,83.666664,28.41508,77.04353,Nischal
2018-06-09 06:30:00,70.666664,78.333336,28.41508,77.04353,Nischal
2018-06-09 06:45:00,68.333336,77.666664,28.41508,77.04353,Nischal
2018-06-09 07:00:00,66.5,72.5,28.41508,77.04353,Nischal
2018-06-09 07:15:00,69.666664,75.0,28.41508,77.04353,Nischal
2018-06-09 07:30:00,65.0,72.0,28.41508,77.04353,Nischal
2018-06-09 07:45:00,72.0,80.0,28.41508,77.04353,Nischal
2018-06-09 08:00:00,68.0,75.333336,28.41508,77.04353,Nischal
2018-06-09 08:15:00,62.0,68.666664,28.41508,77.04353,Nischal
2018-06-09 08:30:00,59.66666800000001,65.0,28.41508,77.04353,Nischal
2018-06-09 08:45:00,56.5,63.0,28.41508,77.04353,Nischal
2018-06-09 09:00:00,62.0,68.333336,28.41508,77.04353,Nischal
2018-06-09 09:15:00,69.0,77.333336,28.41508,77.04353,Nischal
2018-06-09 09:30:00,87.666664,93.0,28.41508,77.04353,Nischal
2018-06-09 09:45:00,87.333336,97.666664,28.41508,77.04353,Nischal
2018-06-09 10:00:00,81.666664,92.0,28.41508,77.04353,Nischal
2018-06-09 10:15:00,78.333336,85.666664,28.41508,77.04353,Nischal
2018-06-09 10:30:00,76.666664,82.666664,28.41508,77.04353,Nischal
2018-06-09 10:45:00,69.666664,76.0,28.41508,77.04353,Nischal
2018-06-09 11:00:00,68.666664,73.333336,28.41508,77.04353,Nischal
2018-06-09 11:15:00,74.0,79.666664,28.41508,77.04353,Nischal
2018-06-09 11:30:00,97.333336,168.0,28.41508,77.04353,Nischal
2018-06-09 11:45:00,37.666668,53.33333199999999,28.41508,77.04353,Nischal
2018-06-09 12:00:00,11.333333,16.0,28.41508,77.04353,Nischal
2018-06-09 12:15:00,13.0,14.666667000000002,28.41508,77.04353,Nischal
2018-06-09 12:30:00,18.666666,20.333334,28.41508,77.04353,Nischal
2018-06-09 12:45:00,26.333334000000004,30.333334000000004,28.41508,77.04353,Nischal
2018-06-09 13:00:00,25.666666,29.0,28.41508,77.04353,Nischal
2018-06-09 13:15:00,25.0,28.333334000000004,28.41508,77.04353,Nischal
2018-06-09 13:30:00,26.0,28.666665999999996,28.41508,77.04353,Nischal
2018-06-09 13:45:00,28.0,31.0,28.41508,77.04353,Nischal
2018-06-09 14:00:00,31.333334000000004,35.333332,28.41508,77.04353,Nischal
2018-06-09 14:15:00,32.666668,37.333332,28.41508,77.04353,Nischal
2018-06-09 14:30:00,34.666668,38.333332,28.41508,77.04353,Nischal
2018-06-09 14:45:00,34.666668,38.666668,28.41508,77.04353,Nischal
2018-06-09 15:00:00,38.666668,43.666668,28.41508,77.04353,Nischal
2018-06-09 15:15:00,42.0,46.666668,28.41508,77.04353,Nischal
2018-06-09 15:30:00,43.0,49.333332,28.41508,77.04353,Nischal
2018-06-09 15:45:00,40.333332,45.666668,28.41508,77.04353,Nischal
2018-06-09 16:00:00,38.0,42.0,28.41508,77.04353,Nischal
2018-06-09 16:15:00,39.666668,43.666668,28.41508,77.04353,Nischal
2018-06-09 16:30:00,47.0,53.33333199999999,28.41508,77.04353,Nischal
2018-06-09 16:45:00,50.666668,55.33333199999999,28.41508,77.04353,Nischal
2018-06-09 17:00:00,40.0,44.333332,28.41508,77.04353,Nischal
2018-06-09 17:15:00,36.666668,39.666668,28.41508,77.04353,Nischal
2018-06-09 17:30:00,37.0,39.333332,28.41508,77.04353,Nischal
2018-06-09 17:45:00,34.666668,38.0,28.41508,77.04353,Nischal
2018-06-09 18:00:00,37.333332,42.0,28.41508,77.04353,Nischal
2018-06-09 18:15:00,36.333332,38.333332,28.41508,77.04353,Nischal
2018-06-09 18:30:00,38.666668,42.666668,28.41508,77.04353,Nischal
2018-06-09 18:45:00,42.333332,46.333332,28.41508,77.04353,Nischal
2018-06-09 19:00:00,48.333332,54.0,28.41508,77.04353,Nischal
2018-06-09 19:15:00,49.666668,54.66666800000001,28.41508,77.04353,Nischal
2018-06-09 19:30:00,49.333332,53.66666800000001,28.41508,77.04353,Nischal
2018-06-09 19:45:00,44.0,50.0,28.41508,77.04353,Nischal
2018-06-09 20:00:00,42.666668,47.0,28.41508,77.04353,Nischal
2018-06-09 20:15:00,42.0,46.666668,28.41508,77.04353,Nischal
2018-06-09 20:30:00,42.666668,47.333332,28.41508,77.04353,Nischal
2018-06-09 20:45:00,38.0,43.666668,28.41508,77.04353,Nischal
2018-06-09 21:00:00,37.666668,41.333332,28.41508,77.04353,Nischal
2018-06-09 21:15:00,32.333332,36.333332,28.41508,77.04353,Nischal
2018-06-09 21:30:00,33.0,37.666668,28.41508,77.04353,Nischal
2018-06-09 21:45:00,33.333332,37.0,28.41508,77.04353,Nischal
2018-06-09 22:00:00,30.333334000000004,33.0,28.41508,77.04353,Nischal
2018-06-09 22:15:00,30.0,32.0,28.41508,77.04353,Nischal
2018-06-09 22:30:00,27.0,30.0,28.41508,77.04353,Nischal
2018-06-09 22:45:00,24.0,26.333334000000004,28.41508,77.04353,Nischal
2018-06-09 23:00:00,22.666666,25.333334,28.41508,77.04353,Nischal
2018-06-09 23:15:00,22.0,23.666666,28.41508,77.04353,Nischal
2018-06-09 23:30:00,21.0,24.0,28.41508,77.04353,Nischal
2018-06-09 23:45:00,21.666666,25.0,28.41508,77.04353,Nischal
2018-06-10 00:00:00,23.0,24.0,28.41508,77.04353,Nischal
2018-06-10 00:15:00,28.666665999999996,30.666665999999996,28.41508,77.04353,Nischal
2018-06-10 00:30:00,27.0,30.0,28.41508,77.04353,Nischal
2018-06-10 00:45:00,32.666668,37.333332,28.41508,77.04353,Nischal
2018-06-10 01:00:00,37.333332,41.666668,28.41508,77.04353,Nischal
2018-06-10 01:15:00,40.666668,45.333332,28.41508,77.04353,Nischal
2018-06-10 01:30:00,43.333332,47.333332,28.41508,77.04353,Nischal
2018-06-10 01:45:00,41.666668,46.333332,28.41508,77.04353,Nischal
2018-06-10 02:00:00,41.0,45.0,28.41508,77.04353,Nischal
2018-06-10 02:15:00,42.0,48.0,28.41508,77.04353,Nischal
2018-06-10 02:30:00,44.333332,48.666668,28.41508,77.04353,Nischal
2018-06-10 02:45:00,45.333332,51.0,28.41508,77.04353,Nischal
2018-06-10 03:00:00,43.0,51.666668,28.41508,77.04353,Nischal
2018-06-10 03:15:00,43.666668,48.0,28.41508,77.04353,Nischal
2018-06-10 03:30:00,48.0,54.66666800000001,28.41508,77.04353,Nischal
2018-06-10 03:45:00,52.333332,59.66666800000001,28.41508,77.04353,Nischal
2018-06-10 04:00:00,55.33333199999999,62.33333199999999,28.41508,77.04353,Nischal
2018-06-10 04:15:00,59.33333199999999,71.0,28.41508,77.04353,Nischal
2018-06-10 04:30:00,73.0,82.0,28.41508,77.04353,Nischal
2018-06-10 04:45:00,82.0,92.333336,28.41508,77.04353,Nischal
2018-06-10 05:00:00,72.333336,84.666664,28.41508,77.04353,Nischal
2018-06-10 05:15:00,89.0,104.333336,28.41508,77.04353,Nischal
2018-06-10 05:30:00,90.666664,106.33333600000002,28.41508,77.04353,Nischal
2018-06-10 05:45:00,72.0,84.333336,28.41508,77.04353,Nischal
2018-06-10 06:00:00,77.0,92.0,28.41508,77.04353,Nischal
2018-06-10 06:15:00,72.333336,84.333336,28.41508,77.04353,Nischal
2018-06-10 06:30:00,67.333336,79.0,28.41508,77.04353,Nischal
2018-06-10 06:45:00,65.0,74.333336,28.41508,77.04353,Nischal
2018-06-10 07:00:00,64.666664,70.666664,28.41508,77.04353,Nischal
2018-06-10 07:15:00,69.333336,76.333336,28.41508,77.04353,Nischal
2018-06-10 07:30:00,67.0,76.0,28.41508,77.04353,Nischal
2018-06-10 07:45:00,49.666668,54.66666800000001,28.41508,77.04353,Nischal
2018-06-10 08:00:00,47.666668,55.66666800000001,28.41508,77.04353,Nischal
2018-06-10 08:15:00,46.666668,54.66666800000001,28.41508,77.04353,Nischal
2018-06-10 08:30:00,51.0,55.66666800000001,28.41508,77.04353,Nischal
2018-06-10 08:45:00,53.33333199999999,60.0,28.41508,77.04353,Nischal
2018-06-10 09:00:00,55.0,61.66666800000001,28.41508,77.04353,Nischal
2018-06-10 09:15:00,52.0,58.0,28.41508,77.04353,Nischal
2018-06-10 09:30:00,50.666668,56.33333199999999,28.41508,77.04353,Nischal
2018-06-10 09:45:00,49.0,54.0,28.41508,77.04353,Nischal
2018-06-10 10:00:00,43.666668,47.666668,28.41508,77.04353,Nischal
2018-06-10 10:15:00,38.0,44.0,28.41508,77.04353,Nischal
2018-06-10 10:30:00,36.666668,42.666668,28.41508,77.04353,Nischal
2018-06-10 10:45:00,35.0,37.0,28.41508,77.04353,Nischal
2018-06-10 11:00:00,38.666668,45.0,28.41508,77.04353,Nischal
2018-06-10 11:15:00,65.666664,76.666664,28.41508,77.04353,Nischal
2018-06-10 11:30:00,67.666664,79.0,28.41508,77.04353,Nischal
2018-06-10 11:45:00,53.0,59.33333199999999,28.41508,77.04353,Nischal
2018-06-10 12:00:00,46.0,52.0,28.41508,77.04353,Nischal
2018-06-10 12:15:00,43.333332,49.0,28.41508,77.04353,Nischal
2018-06-10 12:30:00,40.0,47.666668,28.41508,77.04353,Nischal
2018-06-10 12:45:00,38.0,43.0,28.41508,77.04353,Nischal
2018-06-10 13:00:00,36.666668,40.0,28.41508,77.04353,Nischal
2018-06-10 13:15:00,36.666668,41.0,28.41508,77.04353,Nischal
2018-06-10 13:30:00,34.666668,38.0,28.41508,77.04353,Nischal
2018-06-10 13:45:00,35.666668,39.333332,28.41508,77.04353,Nischal
2018-06-10 14:00:00,39.0,42.666668,28.41508,77.04353,Nischal
2018-06-10 14:15:00,42.666668,47.666668,28.41508,77.04353,Nischal
2018-06-10 14:30:00,37.5,42.0,28.41508,77.04353,Nischal
2018-06-10 14:45:00,40.333332,44.0,28.41508,77.04353,Nischal
2018-06-10 15:00:00,46.333332,51.0,28.41508,77.04353,Nischal
2018-06-10 15:15:00,49.0,54.0,28.41508,77.04353,Nischal
2018-06-10 15:30:00,57.33333199999999,63.33333199999999,28.41508,77.04353,Nischal
2018-06-10 15:45:00,200.66666999999998,227.66667,28.41508,77.04353,Nischal
2018-06-10 16:00:00,196.0,227.0,28.41508,77.04353,Nischal
2018-06-10 16:15:00,123.66666399999998,142.66666999999998,28.41508,77.04353,Nischal
2018-06-10 16:30:00,90.333336,101.666664,28.41508,77.04353,Nischal
2018-06-10 16:45:00,79.0,89.333336,28.41508,77.04353,Nischal
2018-06-10 17:00:00,76.0,86.0,28.41508,77.04353,Nischal
2018-06-10 17:15:00,75.0,84.333336,28.41508,77.04353,Nischal
2018-06-10 17:30:00,66.666664,74.0,28.41508,77.04353,Nischal
2018-06-10 17:45:00,51.666668,57.33333199999999,28.41508,77.04353,Nischal
2018-06-10 18:00:00,43.0,45.666668,28.41508,77.04353,Nischal
2018-06-10 18:15:00,38.0,41.666668,28.41508,77.04353,Nischal
2018-06-10 18:30:00,36.0,41.333332,28.41508,77.04353,Nischal
2018-06-10 18:45:00,34.333332,40.0,28.41508,77.04353,Nischal
2018-06-10 19:00:00,39.0,42.333332,28.41508,77.04353,Nischal
2018-06-10 19:15:00,39.333332,45.0,28.41508,77.04353,Nischal
2018-06-10 19:30:00,40.0,46.0,28.41508,77.04353,Nischal
2018-06-10 19:45:00,46.666668,53.0,28.41508,77.04353,Nischal
2018-06-10 20:00:00,40.666668,44.666668,28.41508,77.04353,Nischal
2018-06-10 20:15:00,40.0,45.333332,28.41508,77.04353,Nischal
2018-06-10 20:30:00,41.666668,49.0,28.41508,77.04353,Nischal
2018-06-10 20:45:00,41.333332,45.666668,28.41508,77.04353,Nischal
2018-06-10 21:00:00,38.0,43.666668,28.41508,77.04353,Nischal
2018-06-10 21:15:00,37.0,41.0,28.41508,77.04353,Nischal
2018-06-10 21:30:00,37.0,42.0,28.41508,77.04353,Nischal
2018-06-10 21:45:00,35.666668,40.0,28.41508,77.04353,Nischal
2018-06-10 22:00:00,39.0,43.0,28.41508,77.04353,Nischal
2018-06-10 22:15:00,35.333332,37.666668,28.41508,77.04353,Nischal
2018-06-10 22:30:00,34.0,38.0,28.41508,77.04353,Nischal
2018-06-10 22:45:00,33.333332,37.333332,28.41508,77.04353,Nischal
2018-06-10 23:00:00,30.333334000000004,33.333332,28.41508,77.04353,Nischal
2018-06-10 23:15:00,30.0,33.333332,28.41508,77.04353,Nischal
2018-06-10 23:30:00,29.0,33.0,28.41508,77.04353,Nischal
2018-06-10 23:45:00,29.0,32.666668,28.41508,77.04353,Nischal
2018-06-11 00:00:00,29.0,33.666668,28.41508,77.04353,Nischal
2018-06-11 00:15:00,26.333334000000004,29.333334000000004,28.41508,77.04353,Nischal
2018-06-11 00:30:00,24.666666,27.666665999999996,28.41508,77.04353,Nischal
2018-06-11 00:45:00,27.666665999999996,32.333332,28.41508,77.04353,Nischal
2018-06-11 01:00:00,28.0,32.0,28.41508,77.04353,Nischal
2018-06-11 01:15:00,27.0,30.666665999999996,28.41508,77.04353,Nischal
2018-06-11 01:30:00,27.666665999999996,32.666668,28.41508,77.04353,Nischal
2018-06-11 01:45:00,26.333334000000004,32.333332,28.41508,77.04353,Nischal
2018-06-11 02:00:00,25.666666,30.666665999999996,28.41508,77.04353,Nischal
2018-06-11 02:15:00,24.333334,30.333334000000004,28.41508,77.04353,Nischal
2018-06-11 02:30:00,24.333334,29.666665999999996,28.41508,77.04353,Nischal
2018-06-11 02:45:00,27.0,31.666665999999996,28.41508,77.04353,Nischal
2018-06-11 03:00:00,23.666666,30.666665999999996,28.41508,77.04353,Nischal
2018-06-11 03:15:00,28.0,34.0,28.41508,77.04353,Nischal
2018-06-11 03:30:00,26.0,31.0,28.41508,77.04353,Nischal
2018-06-11 03:45:00,46.333332,55.33333199999999,28.41508,77.04353,Nischal
2018-06-11 04:00:00,225.0,264.66666000000004,28.41508,77.04353,Nischal
2018-06-11 04:15:00,223.0,268.66666000000004,28.41508,77.04353,Nischal
2018-06-11 04:30:00,191.33333000000002,231.66667,28.41508,77.04353,Nischal
2018-06-11 04:45:00,125.66666399999998,147.66666999999998,28.41508,77.04353,Nischal
2018-06-11 05:00:00,98.666664,112.0,28.41508,77.04353,Nischal
2018-06-11 05:15:00,97.333336,116.0,28.41508,77.04353,Nischal
2018-06-11 05:30:00,56.66666800000001,65.666664,28.41508,77.04353,Nischal
2018-06-11 05:45:00,41.0,49.333332,28.41508,77.04353,Nischal
2018-06-11 06:00:00,40.0,44.333332,28.41508,77.04353,Nischal
2018-06-11 06:15:00,33.666668,39.0,28.41508,77.04353,Nischal
2018-06-11 06:30:00,125.33333600000002,150.0,28.41508,77.04353,Nischal
2018-06-11 06:45:00,511.66666,629.3333,28.41508,77.04353,Nischal
2018-06-11 07:00:00,204.66666999999998,238.33333,28.41508,77.04353,Nischal
2018-06-11 07:15:00,90.333336,104.0,28.41508,77.04353,Nischal
2018-06-11 07:30:00,57.0,66.666664,28.41508,77.04353,Nischal
2018-06-11 07:45:00,46.333332,54.0,28.41508,77.04353,Nischal
2018-06-11 08:00:00,43.0,47.666668,28.41508,77.04353,Nischal
2018-06-11 08:15:00,44.0,48.666668,28.41508,77.04353,Nischal
2018-06-11 08:30:00,47.0,51.666668,28.41508,77.04353,Nischal
2018-06-11 08:45:00,43.333332,47.333332,28.41508,77.04353,Nischal
2018-06-11 09:00:00,40.666668,45.333332,28.41508,77.04353,Nischal
2018-06-11 09:15:00,46.333332,53.33333199999999,28.41508,77.04353,Nischal
2018-06-11 09:30:00,48.0,56.0,28.41508,77.04353,Nischal
2018-06-11 09:45:00,48.333332,53.33333199999999,28.41508,77.04353,Nischal
2018-06-11 10:00:00,47.333332,54.66666800000001,28.41508,77.04353,Nischal
2018-06-11 10:15:00,50.0,59.0,28.41508,77.04353,Nischal
2018-06-11 10:30:00,48.666668,55.0,28.41508,77.04353,Nischal
2018-06-11 10:45:00,49.333332,55.33333199999999,28.41508,77.04353,Nischal
2018-06-11 11:00:00,45.0,49.0,28.41508,77.04353,Nischal
2018-06-11 11:15:00,39.0,43.0,28.41508,77.04353,Nischal
2018-06-11 11:30:00,41.333332,46.666668,28.41508,77.04353,Nischal
2018-06-11 11:45:00,40.5,44.5,28.41508,77.04353,Nischal
2018-06-11 12:00:00,42.666668,51.666668,28.41508,77.04353,Nischal
2018-06-11 12:15:00,44.666668,54.66666800000001,28.41508,77.04353,Nischal
2018-06-11 12:30:00,43.333332,54.0,28.41508,77.04353,Nischal
2018-06-11 12:45:00,41.333332,52.66666800000001,28.41508,77.04353,Nischal
2018-06-11 13:00:00,47.333332,53.33333199999999,28.41508,77.04353,Nischal
2018-06-11 13:15:00,46.333332,61.0,28.41508,77.04353,Nischal
2018-06-11 13:30:00,49.0,59.33333199999999,28.41508,77.04353,Nischal
2018-06-11 13:45:00,50.0,58.66666800000001,28.41508,77.04353,Nischal
2018-06-11 14:00:00,50.0,60.0,28.41508,77.04353,Nischal
2018-06-11 14:15:00,55.0,68.333336,28.41508,77.04353,Nischal
2018-06-11 14:30:00,57.33333199999999,68.333336,28.41508,77.04353,Nischal
2018-06-11 14:45:00,65.666664,78.666664,28.41508,77.04353,Nischal
2018-06-11 15:00:00,80.0,95.333336,28.41508,77.04353,Nischal
2018-06-11 15:15:00,85.666664,100.333336,28.41508,77.04353,Nischal
2018-06-11 15:30:00,78.666664,91.333336,28.41508,77.04353,Nischal
2018-06-11 15:45:00,79.666664,94.666664,28.41508,77.04353,Nischal
2018-06-11 16:00:00,89.333336,109.0,28.41508,77.04353,Nischal
2018-06-11 16:15:00,108.5,129.5,28.41508,77.04353,Nischal
2018-06-11 16:30:00,111.33333600000002,132.66666999999998,28.41508,77.04353,Nischal
2018-06-11 16:45:00,123.0,149.0,28.41508,77.04353,Nischal
2018-06-11 17:00:00,130.66666999999998,158.66666999999998,28.41508,77.04353,Nischal
2018-06-11 17:15:00,107.33333600000002,122.66666399999998,28.41508,77.04353,Nischal
2018-06-11 17:30:00,100.666664,120.0,28.41508,77.04353,Nischal
2018-06-11 17:45:00,93.666664,109.33333600000002,28.41508,77.04353,Nischal
2018-06-11 18:00:00,97.333336,115.0,28.41508,77.04353,Nischal
2018-06-11 18:15:00,91.666664,105.66666399999998,28.41508,77.04353,Nischal
2018-06-11 18:30:00,74.666664,83.666664,28.41508,77.04353,Nischal
2018-06-11 18:45:00,64.666664,73.0,28.41508,77.04353,Nischal
2018-06-11 19:00:00,57.0,61.66666800000001,28.41508,77.04353,Nischal
2018-06-11 19:15:00,45.0,50.333332,28.41508,77.04353,Nischal
2018-06-11 19:30:00,38.666668,43.0,28.41508,77.04353,Nischal
2018-06-11 19:45:00,29.666665999999996,33.0,28.41508,77.04353,Nischal
2018-06-11 20:00:00,24.333334,29.666665999999996,28.41508,77.04353,Nischal
2018-06-11 20:15:00,22.666666,27.0,28.41508,77.04353,Nischal
2018-06-11 20:30:00,20.333334,24.333334,28.41508,77.04353,Nischal
2018-06-11 20:45:00,17.666666,20.666666,28.41508,77.04353,Nischal
2018-06-11 21:00:00,16.666666,19.666666,28.41508,77.04353,Nischal
2018-06-11 21:15:00,15.0,17.333334,28.41508,77.04353,Nischal
2018-06-11 21:30:00,17.666666,20.333334,28.41508,77.04353,Nischal
2018-06-11 21:45:00,16.666666,19.0,28.41508,77.04353,Nischal
2018-06-11 22:00:00,16.333334,18.666666,28.41508,77.04353,Nischal
2018-06-11 22:15:00,18.0,20.666666,28.41508,77.04353,Nischal
2018-06-11 22:30:00,19.666666,23.333334,28.41508,77.04353,Nischal
2018-06-11 22:45:00,22.0,26.333334000000004,28.41508,77.04353,Nischal
2018-06-11 23:00:00,24.666666,29.333334000000004,28.41508,77.04353,Nischal
2018-06-11 23:15:00,24.666666,28.666665999999996,28.41508,77.04353,Nischal
2018-06-11 23:30:00,23.666666,30.666665999999996,28.41508,77.04353,Nischal
2018-06-11 23:45:00,25.0,28.666665999999996,28.41508,77.04353,Nischal
2018-06-12 00:00:00,23.0,28.666665999999996,28.41508,77.04353,Nischal
2018-06-12 00:15:00,25.333334,28.666665999999996,28.41508,77.04353,Nischal
2018-06-12 00:30:00,29.0,33.333332,28.41508,77.04353,Nischal
2018-06-12 00:45:00,43.333332,52.0,28.41508,77.04353,Nischal
2018-06-12 01:00:00,46.666668,54.33333199999999,28.41508,77.04353,Nischal
2018-06-12 01:15:00,42.666668,49.333332,28.41508,77.04353,Nischal
2018-06-12 01:30:00,44.333332,54.0,28.41508,77.04353,Nischal
2018-06-12 01:45:00,47.0,56.66666800000001,28.41508,77.04353,Nischal
2018-06-12 02:00:00,43.666668,54.66666800000001,28.41508,77.04353,Nischal
2018-06-12 02:15:00,39.666668,44.333332,28.41508,77.04353,Nischal
2018-06-12 02:30:00,36.333332,45.0,28.41508,77.04353,Nischal
2018-06-12 02:45:00,35.666668,44.0,28.41508,77.04353,Nischal
2018-06-12 03:00:00,34.666668,45.333332,28.41508,77.04353,Nischal
2018-06-12 03:15:00,32.0,40.333332,28.41508,77.04353,Nischal
2018-06-12 03:30:00,30.5,38.0,28.41508,77.04353,Nischal
2018-06-12 03:45:00,35.5,44.5,28.41508,77.04353,Nischal
2018-06-12 04:00:00,39.333332,47.666668,28.41508,77.04353,Nischal
2018-06-12 04:15:00,52.66666800000001,68.0,28.41508,77.04353,Nischal
2018-06-12 04:30:00,67.333336,81.0,28.41508,77.04353,Nischal
2018-06-12 04:45:00,49.5,68.5,28.41508,77.04353,Nischal
2018-06-12 05:00:00,34.333332,47.333332,28.41508,77.04353,Nischal
2018-06-12 05:15:00,33.666668,51.0,28.41508,77.04353,Nischal
2018-06-12 05:30:00,44.333332,57.33333199999999,28.41508,77.04353,Nischal
2018-06-12 05:45:00,40.5,50.0,28.41508,77.04353,Nischal
2018-06-12 06:00:00,34.0,48.0,28.41508,77.04353,Nischal
2018-06-12 06:15:00,30.333334000000004,41.666668,28.41508,77.04353,Nischal
2018-06-12 06:30:00,32.333332,43.666668,28.41508,77.04353,Nischal
2018-06-12 06:45:00,28.0,37.0,28.41508,77.04353,Nischal
2018-06-12 07:00:00,32.5,48.0,28.41508,77.04353,Nischal
2018-06-12 07:15:00,29.333334000000004,39.666668,28.41508,77.04353,Nischal
2018-06-12 07:30:00,29.666665999999996,40.0,28.41508,77.04353,Nischal
2018-06-12 07:45:00,29.333334000000004,40.666668,28.41508,77.04353,Nischal
2018-06-12 08:00:00,27.0,45.333332,28.41508,77.04353,Nischal
2018-06-12 08:15:00,28.666665999999996,40.333332,28.41508,77.04353,Nischal
2018-06-12 08:30:00,31.333334000000004,45.666668,28.41508,77.04353,Nischal
2018-06-12 08:45:00,29.333334000000004,40.333332,28.41508,77.04353,Nischal
2018-06-12 09:00:00,26.0,37.666668,28.41508,77.04353,Nischal
2018-06-12 09:15:00,28.333334000000004,45.333332,28.41508,77.04353,Nischal
2018-06-12 09:30:00,28.666665999999996,42.333332,28.41508,77.04353,Nischal
2018-06-12 09:45:00,28.666665999999996,40.333332,28.41508,77.04353,Nischal
2018-06-12 10:00:00,28.0,40.666668,28.41508,77.04353,Nischal
2018-06-12 10:15:00,27.333334000000004,39.333332,28.41508,77.04353,Nischal
2018-06-12 10:30:00,27.0,41.0,28.41508,77.04353,Nischal
2018-06-12 10:45:00,25.666666,37.666668,28.41508,77.04353,Nischal
2018-06-12 11:00:00,25.666666,33.666668,28.41508,77.04353,Nischal
2018-06-12 11:15:00,22.666666,33.0,28.41508,77.04353,Nischal
2018-06-12 11:30:00,24.666666,33.333332,28.41508,77.04353,Nischal
2018-06-12 11:45:00,22.333334,31.666665999999996,28.41508,77.04353,Nischal
2018-06-12 12:00:00,24.0,35.333332,28.41508,77.04353,Nischal
2018-06-12 12:15:00,26.666665999999996,41.0,28.41508,77.04353,Nischal
2018-06-12 12:30:00,29.666665999999996,40.666668,28.41508,77.04353,Nischal
2018-06-12 12:45:00,26.333334000000004,35.666668,28.41508,77.04353,Nischal
2018-06-12 13:00:00,31.0,41.333332,28.41508,77.04353,Nischal
2018-06-12 13:15:00,34.333332,47.0,28.41508,77.04353,Nischal
2018-06-12 13:30:00,42.333332,66.333336,28.41508,77.04353,Nischal
2018-06-12 13:45:00,38.666668,53.33333199999999,28.41508,77.04353,Nischal
2018-06-12 14:00:00,36.666668,50.333332,28.41508,77.04353,Nischal
2018-06-12 14:15:00,40.666668,59.0,28.41508,77.04353,Nischal
2018-06-12 14:30:00,41.333332,52.66666800000001,28.41508,77.04353,Nischal
2018-06-12 14:45:00,37.0,55.33333199999999,28.41508,77.04353,Nischal
2018-06-12 15:00:00,37.333332,49.333332,28.41508,77.04353,Nischal
2018-06-12 15:15:00,37.0,50.0,28.41508,77.04353,Nischal
2018-06-12 15:30:00,36.333332,53.0,28.41508,77.04353,Nischal
2018-06-12 15:45:00,36.0,51.333332,28.41508,77.04353,Nischal
2018-06-12 16:00:00,38.0,55.33333199999999,28.41508,77.04353,Nischal
2018-06-12 16:15:00,37.0,54.66666800000001,28.41508,77.04353,Nischal
2018-06-12 16:30:00,36.333332,56.33333199999999,28.41508,77.04353,Nischal
2018-06-12 16:45:00,39.666668,61.0,28.41508,77.04353,Nischal
2018-06-12 17:00:00,40.333332,59.33333199999999,28.41508,77.04353,Nischal
2018-06-12 17:15:00,42.0,65.666664,28.41508,77.04353,Nischal
2018-06-12 17:30:00,51.0,71.0,28.41508,77.04353,Nischal
2018-06-12 17:45:00,54.33333199999999,68.0,28.41508,77.04353,Nischal
2018-06-12 18:00:00,42.666668,51.0,28.41508,77.04353,Nischal
2018-06-12 18:15:00,37.666668,44.0,28.41508,77.04353,Nischal
2018-06-12 18:30:00,32.0,38.0,28.41508,77.04353,Nischal
2018-06-12 18:45:00,32.0,38.0,28.41508,77.04353,Nischal
2018-06-12 19:00:00,28.666665999999996,37.0,28.41508,77.04353,Nischal
2018-06-12 19:15:00,29.666665999999996,37.333332,28.41508,77.04353,Nischal
2018-06-12 19:30:00,24.666666,31.0,28.41508,77.04353,Nischal
2018-06-12 19:45:00,24.666666,29.0,28.41508,77.04353,Nischal
2018-06-12 20:00:00,25.0,33.0,28.41508,77.04353,Nischal
2018-06-12 20:15:00,27.0,33.666668,28.41508,77.04353,Nischal
2018-06-12 20:30:00,29.666665999999996,35.666668,28.41508,77.04353,Nischal
2018-06-12 20:45:00,30.666665999999996,38.666668,28.41508,77.04353,Nischal
2018-06-12 21:00:00,31.0,40.0,28.41508,77.04353,Nischal
2018-06-12 21:15:00,29.666665999999996,37.0,28.41508,77.04353,Nischal
2018-06-12 21:30:00,23.333334,27.0,28.41508,77.04353,Nischal
2018-06-12 21:45:00,21.333334,27.0,28.41508,77.04353,Nischal
2018-06-12 22:00:00,22.0,28.666665999999996,28.41508,77.04353,Nischal
2018-06-12 22:15:00,20.333334,27.0,28.41508,77.04353,Nischal
2018-06-12 22:30:00,21.0,25.333334,28.41508,77.04353,Nischal
2018-06-12 22:45:00,20.0,26.666665999999996,28.41508,77.04353,Nischal
2018-06-12 23:00:00,19.666666,26.0,28.41508,77.04353,Nischal
2018-06-12 23:15:00,20.333334,24.333334,28.41508,77.04353,Nischal
2018-06-12 23:30:00,22.666666,30.333334000000004,28.41508,77.04353,Nischal
2018-06-12 23:45:00,22.333334,26.666665999999996,28.41508,77.04353,Nischal
2018-06-13 00:00:00,21.666666,26.666665999999996,28.41508,77.04353,Nischal
2018-06-13 00:15:00,22.666666,28.333334000000004,28.41508,77.04353,Nischal
2018-06-13 00:30:00,24.666666,27.333334000000004,28.41508,77.04353,Nischal
2018-06-13 00:45:00,25.666666,30.666665999999996,28.41508,77.04353,Nischal
2018-06-13 01:00:00,29.333334000000004,36.0,28.41508,77.04353,Nischal
2018-06-13 01:15:00,41.666668,60.0,28.41508,77.04353,Nischal
2018-06-13 01:30:00,40.333332,50.666668,28.41508,77.04353,Nischal
2018-06-13 01:45:00,39.666668,50.666668,28.41508,77.04353,Nischal
2018-06-13 02:00:00,47.0,62.66666800000001,28.41508,77.04353,Nischal
2018-06-13 02:15:00,45.666668,63.0,28.41508,77.04353,Nischal
2018-06-13 02:30:00,42.333332,57.0,28.41508,77.04353,Nischal
2018-06-13 02:45:00,41.666668,54.33333199999999,28.41508,77.04353,Nischal
2018-06-13 03:00:00,41.333332,61.66666800000001,28.41508,77.04353,Nischal
2018-06-13 03:15:00,44.333332,63.33333199999999,28.41508,77.04353,Nischal
2018-06-13 03:30:00,45.0,65.666664,28.41508,77.04353,Nischal
2018-06-13 03:45:00,42.0,62.66666800000001,28.41508,77.04353,Nischal
2018-06-13 04:00:00,42.0,56.66666800000001,28.41508,77.04353,Nischal
2018-06-13 04:15:00,44.0,58.66666800000001,28.41508,77.04353,Nischal
2018-06-13 04:30:00,41.333332,57.66666800000001,28.41508,77.04353,Nischal
2018-06-13 04:45:00,38.0,51.0,28.41508,77.04353,Nischal
2018-06-13 05:00:00,34.0,47.333332,28.41508,77.04353,Nischal
2018-06-13 05:15:00,34.0,48.0,28.41508,77.04353,Nischal
2018-06-13 05:30:00,38.333332,57.0,28.41508,77.04353,Nischal
2018-06-13 05:45:00,35.666668,50.666668,28.41508,77.04353,Nischal
2018-06-13 06:00:00,33.0,42.333332,28.41508,77.04353,Nischal
2018-06-13 06:15:00,33.333332,42.666668,28.41508,77.04353,Nischal
2018-06-13 06:30:00,32.333332,44.333332,28.41508,77.04353,Nischal
2018-06-13 06:45:00,32.333332,40.666668,28.41508,77.04353,Nischal
2018-06-13 07:00:00,30.0,36.333332,28.41508,77.04353,Nischal
2018-06-13 07:15:00,32.666668,40.666668,28.41508,77.04353,Nischal
2018-06-13 07:30:00,30.666665999999996,38.666668,28.41508,77.04353,Nischal
2018-06-13 07:45:00,28.666665999999996,37.666668,28.41508,77.04353,Nischal
2018-06-13 08:00:00,32.666668,41.333332,28.41508,77.04353,Nischal
2018-06-13 08:15:00,30.333334000000004,39.333332,28.41508,77.04353,Nischal
2018-06-13 08:30:00,28.333334000000004,35.333332,28.41508,77.04353,Nischal
2018-06-13 08:45:00,30.333334000000004,41.0,28.41508,77.04353,Nischal
2018-06-13 09:00:00,30.0,40.333332,28.41508,77.04353,Nischal
2018-06-13 09:15:00,28.0,39.666668,28.41508,77.04353,Nischal
2018-06-13 09:30:00,28.0,40.666668,28.41508,77.04353,Nischal
2018-06-13 09:45:00,30.333334000000004,44.0,28.41508,77.04353,Nischal
2018-06-13 10:00:00,30.0,41.333332,28.41508,77.04353,Nischal
2018-06-13 10:15:00,25.333334,36.0,28.41508,77.04353,Nischal
2018-06-13 10:30:00,26.666665999999996,38.0,28.41508,77.04353,Nischal
2018-06-13 10:45:00,26.666665999999996,39.666668,28.41508,77.04353,Nischal
2018-06-13 11:00:00,28.333334000000004,43.333332,28.41508,77.04353,Nischal
2018-06-13 11:15:00,33.333332,48.333332,28.41508,77.04353,Nischal
2018-06-13 11:30:00,34.0,49.0,28.41508,77.04353,Nischal
2018-06-13 11:45:00,32.0,50.0,28.41508,77.04353,Nischal
2018-06-13 12:00:00,38.0,59.66666800000001,28.41508,77.04353,Nischal
2018-06-13 12:15:00,40.333332,59.33333199999999,28.41508,77.04353,Nischal
2018-06-13 12:30:00,42.666668,62.66666800000001,28.41508,77.04353,Nischal
2018-06-13 12:45:00,45.666668,68.333336,28.41508,77.04353,Nischal
2018-06-13 13:00:00,50.666668,76.333336,28.41508,77.04353,Nischal
2018-06-13 13:15:00,52.0,81.0,28.41508,77.04353,Nischal
2018-06-13 13:30:00,54.66666800000001,83.0,28.41508,77.04353,Nischal
2018-06-13 13:45:00,57.66666800000001,89.333336,28.41508,77.04353,Nischal
2018-06-13 14:00:00,62.0,88.0,28.41508,77.04353,Nischal
2018-06-13 14:15:00,61.25,102.25,28.41508,77.04353,Nischal
2018-06-13 14:30:00,61.66666800000001,94.0,28.41508,77.04353,Nischal
2018-06-13 14:45:00,63.66666800000001,103.666664,28.41508,77.04353,Nischal
2018-06-13 15:00:00,70.666664,111.33333600000002,28.41508,77.04353,Nischal
2018-06-13 15:15:00,65.0,99.666664,28.41508,77.04353,Nischal
2018-06-13 15:30:00,62.0,99.0,28.41508,77.04353,Nischal
2018-06-13 15:45:00,60.0,98.0,28.41508,77.04353,Nischal
2018-06-13 16:00:00,55.66666800000001,92.0,28.41508,77.04353,Nischal
2018-06-13 16:15:00,58.66666800000001,93.333336,28.41508,77.04353,Nischal
2018-06-13 16:30:00,62.33333199999999,101.0,28.41508,77.04353,Nischal
2018-06-13 16:45:00,67.0,118.66666399999998,28.41508,77.04353,Nischal
2018-06-13 17:00:00,73.0,117.33333600000002,28.41508,77.04353,Nischal
2018-06-13 17:15:00,68.666664,121.66666399999998,28.41508,77.04353,Nischal
2018-06-13 17:30:00,42.666668,64.333336,28.41508,77.04353,Nischal
2018-06-13 17:45:00,34.666668,47.333332,28.41508,77.04353,Nischal
2018-06-13 18:00:00,30.666665999999996,43.333332,28.41508,77.04353,Nischal
2018-06-13 18:15:00,25.0,36.0,28.41508,77.04353,Nischal
2018-06-13 18:30:00,30.0,44.0,28.41508,77.04353,Nischal
2018-06-13 18:45:00,26.0,34.666668,28.41508,77.04353,Nischal
2018-06-13 19:00:00,22.333334,30.666665999999996,28.41508,77.04353,Nischal
2018-06-13 19:15:00,19.0,26.666665999999996,28.41508,77.04353,Nischal
2018-06-13 19:30:00,20.333334,27.333334000000004,28.41508,77.04353,Nischal
2018-06-13 19:45:00,19.333334,27.666665999999996,28.41508,77.04353,Nischal
2018-06-13 20:00:00,20.333334,30.0,28.41508,77.04353,Nischal
2018-06-13 20:15:00,18.0,25.666666,28.41508,77.04353,Nischal
2018-06-13 20:30:00,18.666666,26.333334000000004,28.41508,77.04353,Nischal
2018-06-13 20:45:00,17.333334,23.666666,28.41508,77.04353,Nischal
2018-06-13 21:00:00,17.666666,24.0,28.41508,77.04353,Nischal
2018-06-13 21:15:00,18.0,24.0,28.41508,77.04353,Nischal
2018-06-13 21:30:00,18.333334,25.333334,28.41508,77.04353,Nischal
2018-06-13 21:45:00,17.666666,22.666666,28.41508,77.04353,Nischal
2018-06-13 22:00:00,18.0,24.666666,28.41508,77.04353,Nischal
2018-06-13 22:15:00,17.666666,24.333334,28.41508,77.04353,Nischal
2018-06-13 22:30:00,18.333334,26.0,28.41508,77.04353,Nischal
2018-06-13 22:45:00,17.333334,25.333334,28.41508,77.04353,Nischal
2018-06-13 23:00:00,18.333334,24.0,28.41508,77.04353,Nischal
2018-06-13 23:15:00,21.666666,27.0,28.41508,77.04353,Nischal
2018-06-13 23:30:00,20.333334,28.333334000000004,28.41508,77.04353,Nischal
2018-06-13 23:45:00,18.666666,25.333334,28.41508,77.04353,Nischal
2018-06-14 00:00:00,21.333334,27.333334000000004,28.41508,77.04353,Nischal
2018-06-14 00:15:00,21.0,30.0,28.41508,77.04353,Nischal
2018-06-14 00:30:00,24.0,32.0,28.41508,77.04353,Nischal
2018-06-14 00:45:00,35.333332,45.666668,28.41508,77.04353,Nischal
2018-06-14 01:00:00,42.5,60.0,28.41508,77.04353,Nischal
2018-06-14 01:15:00,33.25,44.0,28.41508,77.04353,Nischal
2018-06-14 01:30:00,33.5,43.5,28.41508,77.04353,Nischal
2018-06-14 01:45:00,41.75,62.5,28.41508,77.04353,Nischal
2018-06-14 02:00:00,40.666668,56.66666800000001,28.41508,77.04353,Nischal
2018-06-14 02:15:00,38.666668,52.333332,28.41508,77.04353,Nischal
2018-06-14 02:30:00,38.333332,53.33333199999999,28.41508,77.04353,Nischal
2018-06-14 02:45:00,39.0,56.33333199999999,28.41508,77.04353,Nischal
2018-06-14 03:00:00,37.5,52.5,28.41508,77.04353,Nischal
2018-06-14 03:15:00,37.5,53.5,28.41508,77.04353,Nischal
2018-06-14 03:30:00,33.666668,48.333332,28.41508,77.04353,Nischal
2018-06-14 03:45:00,34.0,50.333332,28.41508,77.04353,Nischal
2018-06-14 04:00:00,32.666668,46.666668,28.41508,77.04353,Nischal
2018-06-14 04:15:00,26.5,36.0,28.41508,77.04353,Nischal
2018-06-14 04:30:00,26.0,40.5,28.41508,77.04353,Nischal
2018-06-14 04:45:00,,,28.41508,77.04353,Nischal
2018-06-14 05:00:00,,,28.41508,77.04353,Nischal
2018-06-14 05:15:00,,,28.41508,77.04353,Nischal
2018-06-14 05:30:00,,,28.41508,77.04353,Nischal
2018-06-14 05:45:00,36.0,53.0,28.41508,77.04353,Nischal
2018-06-14 06:00:00,,,28.41508,77.04353,Nischal
2018-06-14 06:15:00,29.0,38.0,28.41508,77.04353,Nischal
2018-06-14 06:30:00,23.0,30.666665999999996,28.41508,77.04353,Nischal
2018-06-14 06:45:00,20.0,26.0,28.41508,77.04353,Nischal
2018-06-14 07:00:00,24.0,35.0,28.41508,77.04353,Nischal
2018-06-14 07:15:00,19.0,29.0,28.41508,77.04353,Nischal
2018-06-14 07:30:00,21.0,30.0,28.41508,77.04353,Nischal
2018-06-14 07:45:00,25.25,36.0,28.41508,77.04353,Nischal
2018-06-14 08:00:00,31.0,39.0,28.41508,77.04353,Nischal
2018-06-14 08:15:00,26.0,44.0,28.41508,77.04353,Nischal
2018-06-14 08:30:00,22.0,29.0,28.41508,77.04353,Nischal
2018-06-14 08:45:00,26.0,37.0,28.41508,77.04353,Nischal
2018-06-14 09:00:00,24.5,33.0,28.41508,77.04353,Nischal
2018-06-14 09:15:00,26.333334000000004,40.0,28.41508,77.04353,Nischal
2018-06-14 09:30:00,,,28.41508,77.04353,Nischal
2018-06-14 09:45:00,26.5,38.0,28.41508,77.04353,Nischal
2018-06-14 10:00:00,26.0,39.0,28.41508,77.04353,Nischal
2018-06-14 10:15:00,30.5,42.0,28.41508,77.04353,Nischal
2018-06-14 10:30:00,30.0,46.333332,28.41508,77.04353,Nischal
2018-06-14 10:45:00,29.5,44.5,28.41508,77.04353,Nischal
2018-06-14 11:00:00,34.0,48.0,28.41508,77.04353,Nischal
2018-06-14 11:15:00,30.333334000000004,46.666668,28.41508,77.04353,Nischal
2018-06-14 11:30:00,29.0,43.0,28.41508,77.04353,Nischal
2018-06-14 11:45:00,27.666665999999996,44.0,28.41508,77.04353,Nischal
2018-06-14 12:00:00,26.0,39.5,28.41508,77.04353,Nischal
2018-06-14 12:15:00,27.333334000000004,39.0,28.41508,77.04353,Nischal
2018-06-14 12:30:00,27.333334000000004,38.0,28.41508,77.04353,Nischal
2018-06-14 12:45:00,27.0,38.0,28.41508,77.04353,Nischal
2018-06-14 13:00:00,26.0,36.666668,28.41508,77.04353,Nischal
2018-06-14 13:15:00,26.0,34.333332,28.41508,77.04353,Nischal
2018-06-14 13:30:00,28.666665999999996,40.333332,28.41508,77.04353,Nischal
2018-06-14 13:45:00,26.0,39.666668,28.41508,77.04353,Nischal
2018-06-14 14:00:00,30.333334000000004,42.0,28.41508,77.04353,Nischal
2018-06-14 14:15:00,39.333332,53.0,28.41508,77.04353,Nischal
2018-06-14 14:30:00,40.0,51.666668,28.41508,77.04353,Nischal
2018-06-14 14:45:00,42.666668,62.66666800000001,28.41508,77.04353,Nischal
2018-06-14 15:00:00,34.666668,50.333332,28.41508,77.04353,Nischal
2018-06-14 15:15:00,35.0,49.0,28.41508,77.04353,Nischal
2018-06-14 15:30:00,35.666668,51.0,28.41508,77.04353,Nischal
2018-06-14 15:45:00,32.666668,47.666668,28.41508,77.04353,Nischal
2018-06-14 16:00:00,34.666668,52.0,28.41508,77.04353,Nischal
2018-06-14 16:15:00,35.666668,54.33333199999999,28.41508,77.04353,Nischal
2018-06-14 16:30:00,37.666668,56.33333199999999,28.41508,77.04353,Nischal
2018-06-14 16:45:00,36.666668,55.33333199999999,28.41508,77.04353,Nischal
2018-06-14 17:00:00,40.0,61.0,28.41508,77.04353,Nischal
2018-06-14 17:15:00,41.5,64.0,28.41508,77.04353,Nischal
2018-06-14 17:30:00,38.666668,58.33333199999999,28.41508,77.04353,Nischal
2018-06-14 17:45:00,37.0,56.33333199999999,28.41508,77.04353,Nischal
2018-06-14 18:00:00,40.666668,64.333336,28.41508,77.04353,Nischal
2018-06-14 18:15:00,31.0,39.666668,28.41508,77.04353,Nischal
2018-06-14 18:30:00,25.666666,35.666668,28.41508,77.04353,Nischal
2018-06-14 18:45:00,37.666668,45.333332,28.41508,77.04353,Nischal
2018-06-14 19:00:00,28.0,37.333332,28.41508,77.04353,Nischal
2018-06-14 19:15:00,23.0,34.333332,28.41508,77.04353,Nischal
2018-06-14 19:30:00,21.666666,30.0,28.41508,77.04353,Nischal
2018-06-14 19:45:00,19.666666,27.666665999999996,28.41508,77.04353,Nischal
2018-06-14 20:00:00,20.0,29.666665999999996,28.41508,77.04353,Nischal
2018-06-14 20:15:00,19.333334,26.0,28.41508,77.04353,Nischal
2018-06-14 20:30:00,20.0,29.0,28.41508,77.04353,Nischal
2018-06-14 20:45:00,18.333334,23.666666,28.41508,77.04353,Nischal
2018-06-14 21:00:00,21.333334,30.333334000000004,28.41508,77.04353,Nischal
2018-06-14 21:15:00,20.0,29.666665999999996,28.41508,77.04353,Nischal
2018-06-14 21:30:00,21.333334,31.333334000000004,28.41508,77.04353,Nischal
2018-06-14 21:45:00,21.333334,30.666665999999996,28.41508,77.04353,Nischal
2018-06-14 22:00:00,22.0,31.666665999999996,28.41508,77.04353,Nischal
2018-06-14 22:15:00,23.333334,30.666665999999996,28.41508,77.04353,Nischal
2018-06-14 22:30:00,22.333334,32.333332,28.41508,77.04353,Nischal
2018-06-14 22:45:00,23.333334,32.0,28.41508,77.04353,Nischal
2018-06-14 23:00:00,21.0,31.0,28.41508,77.04353,Nischal
2018-06-14 23:15:00,21.666666,26.333334000000004,28.41508,77.04353,Nischal
2018-06-14 23:30:00,21.0,28.666665999999996,28.41508,77.04353,Nischal
2018-06-14 23:45:00,19.666666,25.0,28.41508,77.04353,Nischal
2018-06-15 00:00:00,21.0,28.333334000000004,28.41508,77.04353,Nischal
2018-06-15 00:15:00,21.333334,26.666665999999996,28.41508,77.04353,Nischal
2018-06-15 00:30:00,25.0,33.333332,28.41508,77.04353,Nischal
2018-06-15 00:45:00,19.666666,27.666665999999996,28.41508,77.04353,Nischal
2018-06-15 01:00:00,21.666666,33.333332,28.41508,77.04353,Nischal
2018-06-15 01:15:00,22.333334,27.333334000000004,28.41508,77.04353,Nischal
2018-06-15 01:30:00,20.333334,27.333334000000004,28.41508,77.04353,Nischal
2018-06-15 01:45:00,22.333334,28.333334000000004,28.41508,77.04353,Nischal
2018-06-15 02:00:00,35.333332,52.66666800000001,28.41508,77.04353,Nischal
2018-06-15 02:15:00,26.0,38.0,28.41508,77.04353,Nischal
2018-06-15 02:30:00,26.0,39.666668,28.41508,77.04353,Nischal
2018-06-15 02:45:00,24.666666,36.0,28.41508,77.04353,Nischal
2018-06-15 03:00:00,17.666666,24.666666,28.41508,77.04353,Nischal
2018-06-15 03:15:00,16.666666,24.0,28.41508,77.04353,Nischal
2018-06-15 03:30:00,16.0,20.333334,28.41508,77.04353,Nischal
2018-06-15 03:45:00,16.666666,22.333334,28.41508,77.04353,Nischal
2018-06-15 04:00:00,15.666667000000002,20.666666,28.41508,77.04353,Nischal
2018-06-15 04:15:00,17.333334,22.0,28.41508,77.04353,Nischal
2018-06-15 04:30:00,18.666666,23.0,28.41508,77.04353,Nischal
2018-06-15 04:45:00,17.333334,24.333334,28.41508,77.04353,Nischal
2018-06-15 05:00:00,15.666667000000002,19.0,28.41508,77.04353,Nischal
2018-06-15 05:15:00,29.666665999999996,37.333332,28.41508,77.04353,Nischal
2018-06-15 05:30:00,77.333336,94.0,28.41508,77.04353,Nischal
2018-06-15 05:45:00,25.666666,33.666668,28.41508,77.04353,Nischal
2018-06-15 06:00:00,17.0,21.333334,28.41508,77.04353,Nischal
2018-06-15 06:15:00,16.666666,19.333334,28.41508,77.04353,Nischal
2018-06-15 06:30:00,16.333334,21.333334,28.41508,77.04353,Nischal
2018-06-15 06:45:00,16.333334,23.333334,28.41508,77.04353,Nischal
2018-06-15 07:00:00,23.666666,30.666665999999996,28.41508,77.04353,Nischal
2018-06-15 07:15:00,25.666666,34.0,28.41508,77.04353,Nischal
2018-06-15 07:30:00,18.0,22.0,28.41508,77.04353,Nischal
2018-06-15 07:45:00,16.666666,21.666666,28.41508,77.04353,Nischal
2018-06-15 08:00:00,16.0,22.333334,28.41508,77.04353,Nischal
2018-06-15 08:15:00,16.0,21.0,28.41508,77.04353,Nischal
2018-06-15 08:30:00,16.666666,21.333334,28.41508,77.04353,Nischal
2018-06-15 08:45:00,16.666666,22.0,28.41508,77.04353,Nischal
2018-06-15 09:00:00,17.0,19.333334,28.41508,77.04353,Nischal
2018-06-15 09:15:00,16.0,20.0,28.41508,77.04353,Nischal
2018-06-15 09:30:00,15.333332999999998,18.333334,28.41508,77.04353,Nischal
2018-06-15 09:45:00,16.333334,21.666666,28.41508,77.04353,Nischal
2018-06-15 10:00:00,16.666666,21.666666,28.41508,77.04353,Nischal
2018-06-15 10:15:00,16.666666,20.666666,28.41508,77.04353,Nischal
2018-06-15 10:30:00,16.0,21.0,28.41508,77.04353,Nischal
2018-06-15 10:45:00,17.333334,22.333334,28.41508,77.04353,Nischal
2018-06-15 11:00:00,17.0,21.0,28.41508,77.04353,Nischal
2018-06-15 11:15:00,21.0,28.0,28.41508,77.04353,Nischal
2018-06-15 11:30:00,18.0,23.333334,28.41508,77.04353,Nischal
2018-06-15 11:45:00,18.333334,23.0,28.41508,77.04353,Nischal
2018-06-15 12:00:00,18.666666,24.666666,28.41508,77.04353,Nischal
2018-06-15 12:15:00,17.666666,21.333334,28.41508,77.04353,Nischal
2018-06-15 12:30:00,18.333334,23.333334,28.41508,77.04353,Nischal
2018-06-15 12:45:00,20.0,25.0,28.41508,77.04353,Nischal
2018-06-15 13:00:00,19.333334,22.666666,28.41508,77.04353,Nischal
2018-06-15 13:15:00,18.0,19.0,28.41508,77.04353,Nischal
2018-06-15 13:30:00,20.333334,24.666666,28.41508,77.04353,Nischal
2018-06-15 13:45:00,18.666666,21.666666,28.41508,77.04353,Nischal
2018-06-15 14:00:00,21.666666,27.0,28.41508,77.04353,Nischal
2018-06-15 14:15:00,21.0,22.5,28.41508,77.04353,Nischal
2018-06-15 14:30:00,20.333334,24.0,28.41508,77.04353,Nischal
2018-06-15 14:45:00,25.333334,30.0,28.41508,77.04353,Nischal
2018-06-15 15:00:00,28.333334000000004,34.333332,28.41508,77.04353,Nischal
2018-06-15 15:15:00,37.0,41.5,28.41508,77.04353,Nischal
2018-06-15 15:30:00,43.0,48.333332,28.41508,77.04353,Nischal
2018-06-15 15:45:00,39.333332,44.0,28.41508,77.04353,Nischal
2018-06-15 16:00:00,33.333332,38.666668,28.41508,77.04353,Nischal
2018-06-15 16:15:00,30.333334000000004,36.666668,28.41508,77.04353,Nischal
2018-06-15 16:30:00,30.0,33.333332,28.41508,77.04353,Nischal
2018-06-15 16:45:00,28.666665999999996,33.333332,28.41508,77.04353,Nischal
2018-06-15 17:00:00,27.0,32.333332,28.41508,77.04353,Nischal
2018-06-15 17:15:00,26.666665999999996,32.666668,28.41508,77.04353,Nischal
2018-06-15 17:30:00,27.0,35.666668,28.41508,77.04353,Nischal
2018-06-15 17:45:00,21.0,24.333334,28.41508,77.04353,Nischal
2018-06-15 18:00:00,18.666666,25.333334,28.41508,77.04353,Nischal
2018-06-15 18:15:00,20.333334,25.333334,28.41508,77.04353,Nischal
2018-06-15 18:30:00,18.333334,22.666666,28.41508,77.04353,Nischal
2018-06-15 18:45:00,18.666666,23.666666,28.41508,77.04353,Nischal
2018-06-15 19:00:00,23.333334,27.666665999999996,28.41508,77.04353,Nischal
2018-06-15 19:15:00,25.0,30.333334000000004,28.41508,77.04353,Nischal
2018-06-15 19:30:00,27.333334000000004,33.0,28.41508,77.04353,Nischal
2018-06-15 19:45:00,31.0,38.333332,28.41508,77.04353,Nischal
2018-06-15 20:00:00,33.333332,40.0,28.41508,77.04353,Nischal
2018-06-15 20:15:00,32.0,39.333332,28.41508,77.04353,Nischal
2018-06-15 20:30:00,35.333332,44.333332,28.41508,77.04353,Nischal
2018-06-15 20:45:00,33.333332,38.0,28.41508,77.04353,Nischal
2018-06-15 21:00:00,37.333332,44.333332,28.41508,77.04353,Nischal
2018-06-15 21:15:00,35.333332,48.0,28.41508,77.04353,Nischal
2018-06-15 21:30:00,34.333332,42.666668,28.41508,77.04353,Nischal
2018-06-15 21:45:00,34.0,43.0,28.41508,77.04353,Nischal
2018-06-15 22:00:00,33.333332,38.666668,28.41508,77.04353,Nischal
2018-06-15 22:15:00,34.333332,43.333332,28.41508,77.04353,Nischal
2018-06-15 22:30:00,36.333332,43.333332,28.41508,77.04353,Nischal
2018-06-15 22:45:00,33.333332,41.666668,28.41508,77.04353,Nischal
2018-06-15 23:00:00,26.666665999999996,33.333332,28.41508,77.04353,Nischal
2018-06-15 23:15:00,21.333334,26.0,28.41508,77.04353,Nischal
2018-06-15 23:30:00,17.666666,23.666666,28.41508,77.04353,Nischal
2018-06-15 23:45:00,16.333334,24.0,28.41508,77.04353,Nischal
2018-06-16 00:00:00,16.666666,23.333334,28.41508,77.04353,Nischal
2018-06-16 00:15:00,16.666666,20.666666,28.41508,77.04353,Nischal
2018-06-16 00:30:00,18.666666,25.333334,28.41508,77.04353,Nischal
2018-06-16 00:45:00,19.0,23.666666,28.41508,77.04353,Nischal
2018-06-16 01:00:00,23.333334,31.333334000000004,28.41508,77.04353,Nischal
2018-06-16 01:15:00,22.666666,27.666665999999996,28.41508,77.04353,Nischal
2018-06-16 01:30:00,25.0,35.0,28.41508,77.04353,Nischal
2018-06-16 01:45:00,22.0,31.666665999999996,28.41508,77.04353,Nischal
2018-06-16 02:00:00,20.333334,27.666665999999996,28.41508,77.04353,Nischal
2018-06-16 02:15:00,22.666666,28.666665999999996,28.41508,77.04353,Nischal
2018-06-16 02:30:00,22.333334,27.0,28.41508,77.04353,Nischal
2018-06-16 02:45:00,21.0,28.0,28.41508,77.04353,Nischal
2018-06-16 03:00:00,22.0,28.666665999999996,28.41508,77.04353,Nischal
2018-06-16 03:15:00,22.333334,28.333334000000004,28.41508,77.04353,Nischal
2018-06-16 03:30:00,21.0,28.333334000000004,28.41508,77.04353,Nischal
2018-06-16 03:45:00,20.333334,25.0,28.41508,77.04353,Nischal
2018-06-16 04:00:00,19.666666,26.666665999999996,28.41508,77.04353,Nischal
2018-06-16 04:15:00,17.666666,25.0,28.41508,77.04353,Nischal
2018-06-16 04:30:00,20.0,25.333334,28.41508,77.04353,Nischal
2018-06-16 04:45:00,18.0,22.333334,28.41508,77.04353,Nischal
2018-06-16 05:00:00,29.666665999999996,37.0,28.41508,77.04353,Nischal
2018-06-16 05:15:00,32.333332,41.0,28.41508,77.04353,Nischal
2018-06-16 05:30:00,22.666666,26.333334000000004,28.41508,77.04353,Nischal
2018-06-16 05:45:00,16.666666,18.333334,28.41508,77.04353,Nischal
2018-06-16 06:00:00,16.666666,21.0,28.41508,77.04353,Nischal
2018-06-16 06:15:00,17.333334,22.333334,28.41508,77.04353,Nischal
2018-06-16 06:30:00,13.666667000000002,18.333334,28.41508,77.04353,Nischal
2018-06-16 06:45:00,14.666667000000002,20.666666,28.41508,77.04353,Nischal
2018-06-16 07:00:00,16.333334,20.666666,28.41508,77.04353,Nischal
2018-06-16 07:15:00,13.333332999999998,18.333334,28.41508,77.04353,Nischal
2018-06-16 07:30:00,15.333332999999998,19.0,28.41508,77.04353,Nischal
2018-06-16 07:45:00,15.333332999999998,18.0,28.41508,77.04353,Nischal
2018-06-16 08:00:00,15.666667000000002,19.333334,28.41508,77.04353,Nischal
2018-06-16 08:15:00,15.0,20.666666,28.41508,77.04353,Nischal
2018-06-16 08:30:00,14.333332999999998,19.333334,28.41508,77.04353,Nischal
2018-06-16 08:45:00,14.333332999999998,17.666666,28.41508,77.04353,Nischal
2018-06-16 09:00:00,15.0,19.666666,28.41508,77.04353,Nischal
2018-06-16 09:15:00,13.0,17.0,28.41508,77.04353,Nischal
2018-06-16 09:30:00,14.333332999999998,16.666666,28.41508,77.04353,Nischal
2018-06-16 09:45:00,13.666667000000002,19.0,28.41508,77.04353,Nischal
2018-06-16 10:00:00,12.666667,16.333334,28.41508,77.04353,Nischal
2018-06-16 10:15:00,14.666667000000002,19.0,28.41508,77.04353,Nischal
2018-06-16 10:30:00,13.0,16.333334,28.41508,77.04353,Nischal
2018-06-16 10:45:00,13.333332999999998,15.333332999999998,28.41508,77.04353,Nischal
2018-06-16 11:00:00,27.333334000000004,32.666668,28.41508,77.04353,Nischal
2018-06-16 11:15:00,40.666668,47.666668,28.41508,77.04353,Nischal
2018-06-16 11:30:00,30.666665999999996,35.666668,28.41508,77.04353,Nischal
2018-06-16 11:45:00,20.666666,25.666666,28.41508,77.04353,Nischal
2018-06-16 12:00:00,17.333334,21.666666,28.41508,77.04353,Nischal
2018-06-16 12:15:00,14.0,19.0,28.41508,77.04353,Nischal
2018-06-16 12:30:00,14.0,16.0,28.41508,77.04353,Nischal
2018-06-16 12:45:00,13.0,16.333334,28.41508,77.04353,Nischal
2018-06-16 13:00:00,12.0,14.0,28.41508,77.04353,Nischal
2018-06-16 13:15:00,11.666667,13.666667000000002,28.41508,77.04353,Nischal
2018-06-16 13:30:00,13.666667000000002,15.666667000000002,28.41508,77.04353,Nischal
2018-06-16 13:45:00,17.666666,20.0,28.41508,77.04353,Nischal
2018-06-16 14:00:00,17.333334,19.666666,28.41508,77.04353,Nischal
2018-06-16 14:15:00,20.666666,24.666666,28.41508,77.04353,Nischal
2018-06-16 14:30:00,24.333334,29.333334000000004,28.41508,77.04353,Nischal
2018-06-16 14:45:00,33.0,40.0,28.41508,77.04353,Nischal
2018-06-16 15:00:00,42.333332,51.333332,28.41508,77.04353,Nischal
2018-06-16 15:15:00,36.0,42.666668,28.41508,77.04353,Nischal
2018-06-16 15:30:00,41.666668,52.333332,28.41508,77.04353,Nischal
2018-06-16 15:45:00,40.0,51.666668,28.41508,77.04353,Nischal
2018-06-16 16:00:00,44.333332,58.0,28.41508,77.04353,Nischal
2018-06-16 16:15:00,38.666668,53.0,28.41508,77.04353,Nischal
2018-06-16 16:30:00,41.333332,53.0,28.41508,77.04353,Nischal
2018-06-16 16:45:00,49.333332,66.0,28.41508,77.04353,Nischal
2018-06-16 17:00:00,40.0,54.0,28.41508,77.04353,Nischal
2018-06-16 17:15:00,41.0,53.33333199999999,28.41508,77.04353,Nischal
2018-06-16 17:30:00,38.0,48.666668,28.41508,77.04353,Nischal
2018-06-16 17:45:00,39.0,49.0,28.41508,77.04353,Nischal
2018-06-16 18:00:00,37.333332,46.0,28.41508,77.04353,Nischal
2018-06-16 18:15:00,33.0,40.666668,28.41508,77.04353,Nischal
2018-06-16 18:30:00,48.333332,63.0,28.41508,77.04353,Nischal
2018-06-16 18:45:00,45.333332,54.33333199999999,28.41508,77.04353,Nischal
2018-06-16 19:00:00,47.0,57.66666800000001,28.41508,77.04353,Nischal
2018-06-16 19:15:00,49.0,61.66666800000001,28.41508,77.04353,Nischal
2018-06-16 19:30:00,49.0,60.33333199999999,28.41508,77.04353,Nischal
2018-06-16 19:45:00,47.0,59.66666800000001,28.41508,77.04353,Nischal
2018-06-16 20:00:00,41.666668,51.666668,28.41508,77.04353,Nischal
2018-06-16 20:15:00,38.0,46.0,28.41508,77.04353,Nischal
2018-06-16 20:30:00,37.666668,44.333332,28.41508,77.04353,Nischal
2018-06-16 20:45:00,34.333332,42.666668,28.41508,77.04353,Nischal
2018-06-16 21:00:00,32.666668,42.0,28.41508,77.04353,Nischal
2018-06-16 21:15:00,36.0,46.666668,28.41508,77.04353,Nischal
2018-06-16 21:30:00,43.0,61.66666800000001,28.41508,77.04353,Nischal
2018-06-16 21:45:00,41.666668,59.0,28.41508,77.04353,Nischal
2018-06-16 22:00:00,43.0,56.0,28.41508,77.04353,Nischal
2018-06-16 22:15:00,42.666668,58.0,28.41508,77.04353,Nischal
2018-06-16 22:30:00,45.0,57.33333199999999,28.41508,77.04353,Nischal
2018-06-16 22:45:00,44.0,58.0,28.41508,77.04353,Nischal
2018-06-16 23:00:00,42.666668,53.0,28.41508,77.04353,Nischal
2018-06-16 23:15:00,44.0,55.66666800000001,28.41508,77.04353,Nischal
2018-06-16 23:30:00,39.0,48.0,28.41508,77.04353,Nischal
2018-06-16 23:45:00,42.333332,52.0,28.41508,77.04353,Nischal
2018-06-17 00:00:00,46.666668,55.66666800000001,28.41508,77.04353,Nischal
2018-06-17 00:15:00,46.333332,58.0,28.41508,77.04353,Nischal
2018-06-17 00:30:00,41.666668,49.333332,28.41508,77.04353,Nischal
2018-06-17 00:45:00,39.0,45.0,28.41508,77.04353,Nischal
2018-06-17 01:00:00,43.0,53.0,28.41508,77.04353,Nischal
2018-06-17 01:15:00,45.666668,54.66666800000001,28.41508,77.04353,Nischal
2018-06-17 01:30:00,47.666668,61.33333199999999,28.41508,77.04353,Nischal
2018-06-17 01:45:00,42.666668,50.0,28.41508,77.04353,Nischal
2018-06-17 02:00:00,49.0,59.66666800000001,28.41508,77.04353,Nischal
2018-06-17 02:15:00,50.0,65.333336,28.41508,77.04353,Nischal
2018-06-17 02:30:00,53.0,66.666664,28.41508,77.04353,Nischal
2018-06-17 02:45:00,53.66666800000001,70.666664,28.41508,77.04353,Nischal
2018-06-17 03:00:00,51.333332,62.66666800000001,28.41508,77.04353,Nischal
2018-06-17 03:15:00,47.5,56.5,28.41508,77.04353,Nischal
2018-06-17 03:30:00,47.333332,58.33333199999999,28.41508,77.04353,Nischal
2018-06-17 03:45:00,48.666668,60.0,28.41508,77.04353,Nischal
2018-06-17 04:00:00,51.0,64.666664,28.41508,77.04353,Nischal
2018-06-17 04:15:00,70.333336,85.333336,28.41508,77.04353,Nischal
2018-06-17 04:30:00,56.33333199999999,66.0,28.41508,77.04353,Nischal
2018-06-17 04:45:00,53.0,62.66666800000001,28.41508,77.04353,Nischal
2018-06-17 05:00:00,48.666668,61.33333199999999,28.41508,77.04353,Nischal
2018-06-17 05:15:00,49.666668,65.333336,28.41508,77.04353,Nischal
2018-06-17 05:30:00,52.333332,60.66666800000001,28.41508,77.04353,Nischal
2018-06-17 05:45:00,51.333332,59.66666800000001,28.41508,77.04353,Nischal
2018-06-17 06:00:00,50.333332,56.66666800000001,28.41508,77.04353,Nischal
2018-06-17 06:15:00,54.66666800000001,64.0,28.41508,77.04353,Nischal
2018-06-17 06:30:00,40.333332,48.666668,28.41508,77.04353,Nischal
2018-06-17 06:45:00,36.0,45.666668,28.41508,77.04353,Nischal
2018-06-17 07:00:00,29.666665999999996,35.666668,28.41508,77.04353,Nischal
2018-06-17 07:15:00,34.0,41.333332,28.41508,77.04353,Nischal
2018-06-17 07:30:00,30.333334000000004,37.0,28.41508,77.04353,Nischal
2018-06-17 07:45:00,23.333334,30.333334000000004,28.41508,77.04353,Nischal
2018-06-17 08:00:00,23.0,27.666665999999996,28.41508,77.04353,Nischal
2018-06-17 08:15:00,22.333334,26.333334000000004,28.41508,77.04353,Nischal
2018-06-17 08:30:00,24.666666,28.0,28.41508,77.04353,Nischal
2018-06-17 08:45:00,23.0,25.666666,28.41508,77.04353,Nischal
2018-06-17 09:00:00,25.0,29.333334000000004,28.41508,77.04353,Nischal
2018-06-17 09:15:00,22.333334,27.666665999999996,28.41508,77.04353,Nischal
2018-06-17 09:30:00,22.0,24.333334,28.41508,77.04353,Nischal
2018-06-17 09:45:00,22.333334,25.666666,28.41508,77.04353,Nischal
2018-06-17 10:00:00,18.0,21.0,28.41508,77.04353,Nischal
2018-06-17 10:15:00,22.333334,26.333334000000004,28.41508,77.04353,Nischal
2018-06-17 10:30:00,24.666666,28.333334000000004,28.41508,77.04353,Nischal
2018-06-17 10:45:00,24.0,26.0,28.41508,77.04353,Nischal
2018-06-17 11:00:00,25.0,30.0,28.41508,77.04353,Nischal
2018-06-17 11:15:00,29.0,31.666665999999996,28.41508,77.04353,Nischal
2018-06-17 11:30:00,29.666665999999996,34.0,28.41508,77.04353,Nischal
2018-06-17 11:45:00,29.333334000000004,34.0,28.41508,77.04353,Nischal
2018-06-17 12:00:00,30.333334000000004,34.0,28.41508,77.04353,Nischal
2018-06-17 12:15:00,43.0,57.66666800000001,28.41508,77.04353,Nischal
2018-06-17 12:30:00,33.666668,40.0,28.41508,77.04353,Nischal
2018-06-17 12:45:00,23.0,26.5,28.41508,77.04353,Nischal
2018-06-17 13:00:00,23.666666,27.0,28.41508,77.04353,Nischal
2018-06-17 13:15:00,25.0,32.333332,28.41508,77.04353,Nischal
2018-06-17 13:30:00,24.0,28.0,28.41508,77.04353,Nischal
2018-06-17 13:45:00,24.333334,30.0,28.41508,77.04353,Nischal
2018-06-17 14:00:00,26.0,33.333332,28.41508,77.04353,Nischal
2018-06-17 14:15:00,26.0,31.666665999999996,28.41508,77.04353,Nischal
2018-06-17 14:30:00,27.333334000000004,34.0,28.41508,77.04353,Nischal
2018-06-17 14:45:00,30.0,39.0,28.41508,77.04353,Nischal
2018-06-17 15:00:00,30.666665999999996,38.333332,28.41508,77.04353,Nischal
2018-06-17 15:15:00,33.0,38.333332,28.41508,77.04353,Nischal
2018-06-17 15:30:00,31.333334000000004,37.666668,28.41508,77.04353,Nischal
2018-06-17 15:45:00,28.333334000000004,35.666668,28.41508,77.04353,Nischal
2018-06-17 16:00:00,28.333334000000004,39.333332,28.41508,77.04353,Nischal
2018-06-17 16:15:00,27.0,32.0,28.41508,77.04353,Nischal
2018-06-17 16:30:00,28.0,36.0,28.41508,77.04353,Nischal
2018-06-17 16:45:00,30.0,36.666668,28.41508,77.04353,Nischal
2018-06-17 17:00:00,32.0,37.0,28.41508,77.04353,Nischal
2018-06-17 17:15:00,32.666668,39.0,28.41508,77.04353,Nischal
2018-06-17 17:30:00,30.333334000000004,33.333332,28.41508,77.04353,Nischal
2018-06-17 17:45:00,31.666665999999996,35.0,28.41508,77.04353,Nischal
2018-06-17 18:00:00,26.0,30.0,28.41508,77.04353,Nischal
2018-06-17 18:15:00,28.666665999999996,33.666668,28.41508,77.04353,Nischal
2018-06-17 18:30:00,27.666665999999996,31.333334000000004,28.41508,77.04353,Nischal
2018-06-17 18:45:00,26.666665999999996,30.666665999999996,28.41508,77.04353,Nischal
2018-06-17 19:00:00,25.333334,29.0,28.41508,77.04353,Nischal
2018-06-17 19:15:00,22.666666,26.0,28.41508,77.04353,Nischal
2018-06-17 19:30:00,20.0,22.0,28.41508,77.04353,Nischal
2018-06-17 19:45:00,20.333334,23.333334,28.41508,77.04353,Nischal
2018-06-17 20:00:00,17.666666,20.666666,28.41508,77.04353,Nischal
2018-06-17 20:15:00,18.333334,20.666666,28.41508,77.04353,Nischal
2018-06-17 20:30:00,17.333334,21.0,28.41508,77.04353,Nischal
2018-06-17 20:45:00,16.666666,19.0,28.41508,77.04353,Nischal
2018-06-17 21:00:00,18.0,20.666666,28.41508,77.04353,Nischal
2018-06-17 21:15:00,17.666666,20.666666,28.41508,77.04353,Nischal
2018-06-17 21:30:00,18.0,22.0,28.41508,77.04353,Nischal
2018-06-17 21:45:00,17.333334,18.0,28.41508,77.04353,Nischal
2018-06-17 22:00:00,18.666666,21.0,28.41508,77.04353,Nischal
2018-06-17 22:15:00,17.0,18.666666,28.41508,77.04353,Nischal
2018-06-17 22:30:00,20.0,23.333334,28.41508,77.04353,Nischal
2018-06-17 22:45:00,22.0,25.666666,28.41508,77.04353,Nischal
2018-06-17 23:00:00,24.666666,28.333334000000004,28.41508,77.04353,Nischal
2018-06-17 23:15:00,25.333334,30.0,28.41508,77.04353,Nischal
2018-06-17 23:30:00,23.666666,25.0,28.41508,77.04353,Nischal
2018-06-17 23:45:00,23.0,26.333334000000004,28.41508,77.04353,Nischal
2018-06-18 00:00:00,28.666665999999996,32.333332,28.41508,77.04353,Nischal
2018-06-18 00:15:00,31.333334000000004,36.666668,28.41508,77.04353,Nischal
2018-06-18 00:30:00,31.333334000000004,36.333332,28.41508,77.04353,Nischal
2018-06-18 00:45:00,31.666665999999996,37.0,28.41508,77.04353,Nischal
2018-06-18 01:00:00,34.333332,43.666668,28.41508,77.04353,Nischal
2018-06-18 01:15:00,36.333332,39.333332,28.41508,77.04353,Nischal
2018-06-18 01:30:00,33.333332,37.0,28.41508,77.04353,Nischal
2018-06-18 01:45:00,45.666668,54.33333199999999,28.41508,77.04353,Nischal
2018-06-18 02:00:00,48.0,53.0,28.41508,77.04353,Nischal
2018-06-18 02:15:00,64.666664,81.0,28.41508,77.04353,Nischal
2018-06-18 02:30:00,58.33333199999999,69.0,28.41508,77.04353,Nischal
2018-06-18 02:45:00,53.0,62.33333199999999,28.41508,77.04353,Nischal
2018-06-18 03:00:00,53.0,59.33333199999999,28.41508,77.04353,Nischal
2018-06-18 03:15:00,60.66666800000001,67.0,28.41508,77.04353,Nischal
2018-06-18 03:30:00,61.33333199999999,75.333336,28.41508,77.04353,Nischal
2018-06-18 03:45:00,89.0,103.666664,28.41508,77.04353,Nischal
2018-06-18 04:00:00,210.0,243.0,28.41508,77.04353,Nischal
2018-06-18 04:15:00,185.0,215.33333,28.41508,77.04353,Nischal
2018-06-18 04:30:00,152.0,173.0,28.41508,77.04353,Nischal
2018-06-18 04:45:00,118.0,130.66666999999998,28.41508,77.04353,Nischal
2018-06-18 05:00:00,86.333336,100.333336,28.41508,77.04353,Nischal
2018-06-18 05:15:00,70.333336,79.333336,28.41508,77.04353,Nischal
2018-06-18 05:30:00,66.0,72.666664,28.41508,77.04353,Nischal
2018-06-18 05:45:00,59.0,65.5,28.41508,77.04353,Nischal
2018-06-18 06:00:00,57.0,64.0,28.41508,77.04353,Nischal
2018-06-18 06:15:00,54.33333199999999,60.33333199999999,28.41508,77.04353,Nischal
2018-06-18 06:30:00,50.333332,57.0,28.41508,77.04353,Nischal
2018-06-18 06:45:00,43.666668,48.333332,28.41508,77.04353,Nischal
2018-06-18 07:00:00,38.333332,45.0,28.41508,77.04353,Nischal
2018-06-18 07:15:00,45.333332,51.333332,28.41508,77.04353,Nischal
2018-06-18 07:30:00,30.666665999999996,37.666668,28.41508,77.04353,Nischal
2018-06-18 07:45:00,24.0,28.0,28.41508,77.04353,Nischal
2018-06-18 08:00:00,20.333334,23.333334,28.41508,77.04353,Nischal
2018-06-18 08:15:00,675.3333,847.6667,28.41508,77.04353,Nischal
2018-06-18 08:30:00,296.0,355.33333999999996,28.41508,77.04353,Nischal
2018-06-18 08:45:00,93.0,109.33333600000002,28.41508,77.04353,Nischal
2018-06-18 09:00:00,65.0,71.666664,28.41508,77.04353,Nischal
2018-06-18 09:15:00,53.33333199999999,60.0,28.41508,77.04353,Nischal
2018-06-18 09:30:00,44.333332,52.333332,28.41508,77.04353,Nischal
2018-06-18 09:45:00,39.333332,43.333332,28.41508,77.04353,Nischal
2018-06-18 10:00:00,31.0,36.0,28.41508,77.04353,Nischal
2018-06-18 10:15:00,27.0,30.0,28.41508,77.04353,Nischal
2018-06-18 10:30:00,25.333334,27.666665999999996,28.41508,77.04353,Nischal
2018-06-18 10:45:00,24.333334,28.666665999999996,28.41508,77.04353,Nischal
2018-06-18 11:00:00,21.666666,24.666666,28.41508,77.04353,Nischal
2018-06-18 11:15:00,19.666666,23.666666,28.41508,77.04353,Nischal
2018-06-18 11:30:00,20.666666,24.333334,28.41508,77.04353,Nischal
2018-06-18 11:45:00,19.0,21.0,28.41508,77.04353,Nischal
2018-06-18 12:00:00,17.333334,20.0,28.41508,77.04353,Nischal
2018-06-18 12:15:00,17.333334,21.333334,28.41508,77.04353,Nischal
2018-06-18 12:30:00,17.333334,20.0,28.41508,77.04353,Nischal
2018-06-18 12:45:00,19.333334,23.333334,28.41508,77.04353,Nischal
2018-06-18 13:00:00,19.666666,23.333334,28.41508,77.04353,Nischal
2018-06-18 13:15:00,19.0,23.5,28.41508,77.04353,Nischal
2018-06-18 13:30:00,21.333334,23.333334,28.41508,77.04353,Nischal
2018-06-18 13:45:00,20.333334,23.333334,28.41508,77.04353,Nischal
2018-06-18 14:00:00,25.666666,28.666665999999996,28.41508,77.04353,Nischal
2018-06-18 14:15:00,28.666665999999996,32.666668,28.41508,77.04353,Nischal
2018-06-18 14:30:00,32.666668,37.333332,28.41508,77.04353,Nischal
2018-06-18 14:45:00,35.0,39.333332,28.41508,77.04353,Nischal
2018-06-18 15:00:00,28.0,34.333332,28.41508,77.04353,Nischal
2018-06-18 15:15:00,27.0,32.0,28.41508,77.04353,Nischal
2018-06-18 15:30:00,31.333334000000004,35.666668,28.41508,77.04353,Nischal
2018-06-18 15:45:00,28.333334000000004,31.666665999999996,28.41508,77.04353,Nischal
2018-06-18 16:00:00,29.333334000000004,34.333332,28.41508,77.04353,Nischal
2018-06-18 16:15:00,29.0,34.0,28.41508,77.04353,Nischal
2018-06-18 16:30:00,28.666665999999996,33.666668,28.41508,77.04353,Nischal
2018-06-18 16:45:00,29.666665999999996,34.0,28.41508,77.04353,Nischal
2018-06-18 17:00:00,30.0,35.0,28.41508,77.04353,Nischal
2018-06-18 17:15:00,33.333332,36.333332,28.41508,77.04353,Nischal
2018-06-18 17:30:00,31.333334000000004,33.0,28.41508,77.04353,Nischal
2018-06-18 17:45:00,33.666668,37.0,28.41508,77.04353,Nischal
2018-06-18 18:00:00,36.0,40.333332,28.41508,77.04353,Nischal
2018-06-18 18:15:00,36.666668,40.333332,28.41508,77.04353,Nischal
2018-06-18 18:30:00,35.666668,39.333332,28.41508,77.04353,Nischal
2018-06-18 18:45:00,29.666665999999996,32.333332,28.41508,77.04353,Nischal
2018-06-18 19:00:00,27.666665999999996,33.0,28.41508,77.04353,Nischal
2018-06-18 19:15:00,27.0,29.333334000000004,28.41508,77.04353,Nischal
2018-06-18 19:30:00,26.0,31.0,28.41508,77.04353,Nischal
2018-06-18 19:45:00,24.666666,30.333334000000004,28.41508,77.04353,Nischal
2018-06-18 20:00:00,22.0,26.0,28.41508,77.04353,Nischal
2018-06-18 20:15:00,23.666666,27.0,28.41508,77.04353,Nischal
2018-06-18 20:30:00,24.333334,27.0,28.41508,77.04353,Nischal
2018-06-18 20:45:00,24.333334,26.333334000000004,28.41508,77.04353,Nischal
2018-06-18 21:00:00,28.666665999999996,32.333332,28.41508,77.04353,Nischal
2018-06-18 21:15:00,28.666665999999996,31.333334000000004,28.41508,77.04353,Nischal
2018-06-18 21:30:00,28.333334000000004,29.666665999999996,28.41508,77.04353,Nischal
2018-06-18 21:45:00,28.0,32.666668,28.41508,77.04353,Nischal
2018-06-18 22:00:00,29.666665999999996,33.666668,28.41508,77.04353,Nischal
2018-06-18 22:15:00,26.333334000000004,29.333334000000004,28.41508,77.04353,Nischal
2018-06-18 22:30:00,25.333334,28.333334000000004,28.41508,77.04353,Nischal
2018-06-18 22:45:00,25.666666,28.333334000000004,28.41508,77.04353,Nischal
2018-06-18 23:00:00,25.666666,29.0,28.41508,77.04353,Nischal
2018-06-18 23:15:00,27.0,30.0,28.41508,77.04353,Nischal
2018-06-18 23:30:00,27.333334000000004,32.666668,28.41508,77.04353,Nischal
2018-06-18 23:45:00,28.666665999999996,30.333334000000004,28.41508,77.04353,Nischal
2018-06-19 00:00:00,31.0,34.0,28.41508,77.04353,Nischal
2018-06-19 00:15:00,37.0,39.333332,28.41508,77.04353,Nischal
2018-06-19 00:30:00,45.666668,51.0,28.41508,77.04353,Nischal
2018-06-19 00:45:00,56.66666800000001,62.66666800000001,28.41508,77.04353,Nischal
2018-06-19 01:00:00,55.0,65.0,28.41508,77.04353,Nischal
2018-06-19 01:15:00,55.0,59.66666800000001,28.41508,77.04353,Nischal
2018-06-19 01:30:00,57.0,62.66666800000001,28.41508,77.04353,Nischal
2018-06-19 01:45:00,53.0,58.0,28.41508,77.04353,Nischal
2018-06-19 02:00:00,49.666668,53.33333199999999,28.41508,77.04353,Nischal
2018-06-19 02:15:00,46.0,51.333332,28.41508,77.04353,Nischal
2018-06-19 02:30:00,46.666668,52.333332,28.41508,77.04353,Nischal
2018-06-19 02:45:00,54.33333199999999,61.66666800000001,28.41508,77.04353,Nischal
2018-06-19 03:00:00,53.33333199999999,60.33333199999999,28.41508,77.04353,Nischal
2018-06-19 03:15:00,54.0,58.66666800000001,28.41508,77.04353,Nischal
2018-06-19 03:30:00,68.0,75.666664,28.41508,77.04353,Nischal
2018-06-19 03:45:00,100.333336,112.66666399999998,28.41508,77.04353,Nischal
2018-06-19 04:00:00,128.66666999999998,146.33333000000002,28.41508,77.04353,Nischal
2018-06-19 04:15:00,113.0,129.66666999999998,28.41508,77.04353,Nischal
2018-06-19 04:30:00,89.333336,103.0,28.41508,77.04353,Nischal
2018-06-19 04:45:00,73.0,80.666664,28.41508,77.04353,Nischal
2018-06-19 05:00:00,64.333336,72.333336,28.41508,77.04353,Nischal
2018-06-19 05:15:00,51.5,57.5,28.41508,77.04353,Nischal
2018-06-19 05:30:00,45.0,54.0,28.41508,77.04353,Nischal
2018-06-19 05:45:00,40.333332,44.333332,28.41508,77.04353,Nischal
2018-06-19 06:00:00,35.666668,41.0,28.41508,77.04353,Nischal
2018-06-19 06:15:00,27.333334000000004,32.333332,28.41508,77.04353,Nischal
2018-06-19 06:30:00,25.333334,28.666665999999996,28.41508,77.04353,Nischal
2018-06-19 06:45:00,25.666666,29.0,28.41508,77.04353,Nischal
2018-06-19 07:00:00,21.333334,25.0,28.41508,77.04353,Nischal
2018-06-19 07:15:00,21.333334,26.0,28.41508,77.04353,Nischal
2018-06-19 07:30:00,18.333334,20.666666,28.41508,77.04353,Nischal
2018-06-19 07:45:00,18.333334,20.666666,28.41508,77.04353,Nischal
2018-06-19 08:00:00,17.333334,20.666666,28.41508,77.04353,Nischal
2018-06-19 08:15:00,16.5,21.0,28.41508,77.04353,Nischal
2018-06-19 08:30:00,16.333334,18.0,28.41508,77.04353,Nischal
2018-06-19 08:45:00,16.666666,20.333334,28.41508,77.04353,Nischal
2018-06-19 09:00:00,16.666666,20.0,28.41508,77.04353,Nischal
2018-06-19 09:15:00,17.0,22.0,28.41508,77.04353,Nischal
2018-06-19 09:30:00,17.666666,20.666666,28.41508,77.04353,Nischal
2018-06-19 09:45:00,16.666666,20.666666,28.41508,77.04353,Nischal
2018-06-19 10:00:00,15.333332999999998,18.0,28.41508,77.04353,Nischal
2018-06-19 10:15:00,18.0,21.0,28.41508,77.04353,Nischal
2018-06-19 10:30:00,17.666666,19.333334,28.41508,77.04353,Nischal
2018-06-19 10:45:00,16.666666,20.0,28.41508,77.04353,Nischal
2018-06-19 11:00:00,16.666666,19.666666,28.41508,77.04353,Nischal
2018-06-19 11:15:00,17.0,19.666666,28.41508,77.04353,Nischal
2018-06-19 11:30:00,16.666666,20.0,28.41508,77.04353,Nischal
2018-06-19 11:45:00,16.666666,19.333334,28.41508,77.04353,Nischal
2018-06-19 12:00:00,19.333334,22.333334,28.41508,77.04353,Nischal
2018-06-19 12:15:00,19.5,22.5,28.41508,77.04353,Nischal
2018-06-19 12:30:00,19.0,22.666666,28.41508,77.04353,Nischal
2018-06-19 12:45:00,20.333334,24.333334,28.41508,77.04353,Nischal
2018-06-19 13:00:00,18.666666,21.0,28.41508,77.04353,Nischal
2018-06-19 13:15:00,20.0,22.333334,28.41508,77.04353,Nischal
2018-06-19 13:30:00,19.0,23.0,28.41508,77.04353,Nischal
2018-06-19 13:45:00,26.666665999999996,33.0,28.41508,77.04353,Nischal
2018-06-19 14:00:00,25.666666,32.333332,28.41508,77.04353,Nischal
2018-06-19 14:15:00,28.666665999999996,34.0,28.41508,77.04353,Nischal
2018-06-19 14:30:00,29.0,36.0,28.41508,77.04353,Nischal
2018-06-19 14:45:00,29.333334000000004,37.666668,28.41508,77.04353,Nischal
2018-06-19 15:00:00,27.0,34.0,28.41508,77.04353,Nischal
2018-06-19 15:15:00,23.333334,29.0,28.41508,77.04353,Nischal
2018-06-19 15:30:00,21.0,25.333334,28.41508,77.04353,Nischal
2018-06-19 15:45:00,22.0,26.666665999999996,28.41508,77.04353,Nischal
2018-06-19 16:00:00,21.0,25.666666,28.41508,77.04353,Nischal
2018-06-19 16:15:00,18.666666,20.666666,28.41508,77.04353,Nischal
2018-06-19 16:30:00,21.0,24.666666,28.41508,77.04353,Nischal
2018-06-19 16:45:00,25.0,28.666665999999996,28.41508,77.04353,Nischal
2018-06-19 17:00:00,24.666666,32.666668,28.41508,77.04353,Nischal
2018-06-19 17:15:00,20.0,23.333334,28.41508,77.04353,Nischal
2018-06-19 17:30:00,23.0,25.333334,28.41508,77.04353,Nischal
2018-06-19 17:45:00,25.333334,29.0,28.41508,77.04353,Nischal
2018-06-19 18:00:00,22.0,24.0,28.41508,77.04353,Nischal
2018-06-19 18:15:00,21.666666,26.0,28.41508,77.04353,Nischal
2018-06-19 18:30:00,27.666665999999996,32.0,28.41508,77.04353,Nischal
2018-06-19 18:45:00,30.333334000000004,36.0,28.41508,77.04353,Nischal
2018-06-19 19:00:00,28.0,31.333334000000004,28.41508,77.04353,Nischal
2018-06-19 19:15:00,25.0,29.0,28.41508,77.04353,Nischal
2018-06-19 19:30:00,23.666666,26.666665999999996,28.41508,77.04353,Nischal
2018-06-19 19:45:00,22.666666,25.0,28.41508,77.04353,Nischal
2018-06-19 20:00:00,19.666666,22.333334,28.41508,77.04353,Nischal
2018-06-19 20:15:00,19.333334,22.0,28.41508,77.04353,Nischal
2018-06-19 20:30:00,20.666666,23.333334,28.41508,77.04353,Nischal
2018-06-19 20:45:00,20.333334,21.666666,28.41508,77.04353,Nischal
2018-06-19 21:00:00,22.0,24.666666,28.41508,77.04353,Nischal
2018-06-19 21:15:00,21.666666,25.666666,28.41508,77.04353,Nischal
2018-06-19 21:30:00,23.0,27.0,28.41508,77.04353,Nischal
2018-06-19 21:45:00,22.666666,24.0,28.41508,77.04353,Nischal
2018-06-19 22:00:00,20.333334,22.666666,28.41508,77.04353,Nischal
2018-06-19 22:15:00,20.333334,22.333334,28.41508,77.04353,Nischal
2018-06-19 22:30:00,19.333334,22.666666,28.41508,77.04353,Nischal
2018-06-19 22:45:00,17.666666,19.333334,28.41508,77.04353,Nischal
2018-06-19 23:00:00,16.0,18.666666,28.41508,77.04353,Nischal
2018-06-19 23:15:00,18.333334,21.0,28.41508,77.04353,Nischal
2018-06-19 23:30:00,19.0,21.666666,28.41508,77.04353,Nischal
2018-06-19 23:45:00,19.0,21.0,28.41508,77.04353,Nischal
2018-06-20 00:00:00,22.666666,26.333334000000004,28.41508,77.04353,Nischal
2018-06-20 00:15:00,26.333334000000004,31.333334000000004,28.41508,77.04353,Nischal
2018-06-20 00:30:00,31.0,33.666668,28.41508,77.04353,Nischal
2018-06-20 00:45:00,32.333332,37.333332,28.41508,77.04353,Nischal
2018-06-20 01:00:00,33.333332,36.0,28.41508,77.04353,Nischal
2018-06-20 01:15:00,37.333332,40.666668,28.41508,77.04353,Nischal
2018-06-20 01:30:00,37.0,41.666668,28.41508,77.04353,Nischal
2018-06-20 01:45:00,41.0,46.666668,28.41508,77.04353,Nischal
2018-06-20 02:00:00,37.333332,42.666668,28.41508,77.04353,Nischal
2018-06-20 02:15:00,41.333332,47.666668,28.41508,77.04353,Nischal
2018-06-20 02:30:00,47.0,53.33333199999999,28.41508,77.04353,Nischal
2018-06-20 02:45:00,48.333332,57.66666800000001,28.41508,77.04353,Nischal
2018-06-20 03:00:00,44.666668,54.66666800000001,28.41508,77.04353,Nischal
2018-06-20 03:15:00,46.0,53.66666800000001,28.41508,77.04353,Nischal
2018-06-20 03:30:00,45.333332,54.0,28.41508,77.04353,Nischal
2018-06-20 03:45:00,43.666668,51.333332,28.41508,77.04353,Nischal
2018-06-20 04:00:00,62.5,71.5,28.41508,77.04353,Nischal
2018-06-20 04:15:00,179.0,206.0,28.41508,77.04353,Nischal
2018-06-20 04:30:00,212.66667,242.0,28.41508,77.04353,Nischal
2018-06-20 04:45:00,94.333336,107.33333600000002,28.41508,77.04353,Nischal
2018-06-20 05:00:00,42.333332,49.333332,28.41508,77.04353,Nischal
2018-06-20 05:15:00,60.33333199999999,67.0,28.41508,77.04353,Nischal
2018-06-20 05:30:00,48.333332,56.33333199999999,28.41508,77.04353,Nischal
2018-06-20 05:45:00,35.0,41.333332,28.41508,77.04353,Nischal
2018-06-20 06:00:00,35.333332,40.666668,28.41508,77.04353,Nischal
2018-06-20 06:15:00,35.333332,41.333332,28.41508,77.04353,Nischal
2018-06-20 06:30:00,30.666665999999996,36.0,28.41508,77.04353,Nischal
2018-06-20 06:45:00,31.666665999999996,37.666668,28.41508,77.04353,Nischal
2018-06-20 07:00:00,31.0,36.5,28.41508,77.04353,Nischal
2018-06-20 07:15:00,33.666668,38.666668,28.41508,77.04353,Nischal
2018-06-20 07:30:00,28.666665999999996,37.0,28.41508,77.04353,Nischal
2018-06-20 07:45:00,28.666665999999996,35.0,28.41508,77.04353,Nischal
2018-06-20 08:00:00,25.0,29.0,28.41508,77.04353,Nischal
2018-06-20 08:15:00,23.666666,28.666665999999996,28.41508,77.04353,Nischal
2018-06-20 08:30:00,23.0,28.0,28.41508,77.04353,Nischal
2018-06-20 08:45:00,23.666666,29.333334000000004,28.41508,77.04353,Nischal
2018-06-20 09:00:00,23.0,26.0,28.41508,77.04353,Nischal
2018-06-20 09:15:00,22.666666,28.666665999999996,28.41508,77.04353,Nischal
2018-06-20 09:30:00,21.333334,25.333334,28.41508,77.04353,Nischal
2018-06-20 09:45:00,21.333334,22.666666,28.41508,77.04353,Nischal
2018-06-20 10:00:00,20.0,23.666666,28.41508,77.04353,Nischal
2018-06-20 10:15:00,21.666666,26.0,28.41508,77.04353,Nischal
2018-06-20 10:30:00,22.0,26.0,28.41508,77.04353,Nischal
2018-06-20 10:45:00,22.666666,27.666665999999996,28.41508,77.04353,Nischal
2018-06-20 11:00:00,23.0,27.333334000000004,28.41508,77.04353,Nischal
2018-06-20 11:15:00,23.0,27.0,28.41508,77.04353,Nischal
2018-06-20 11:30:00,22.0,26.333334000000004,28.41508,77.04353,Nischal
2018-06-20 11:45:00,23.0,29.666665999999996,28.41508,77.04353,Nischal
2018-06-20 12:00:00,22.333334,28.333334000000004,28.41508,77.04353,Nischal
2018-06-20 12:15:00,22.0,26.666665999999996,28.41508,77.04353,Nischal
2018-06-20 12:30:00,23.333334,27.333334000000004,28.41508,77.04353,Nischal
2018-06-20 12:45:00,22.5,26.5,28.41508,77.04353,Nischal
2018-06-20 13:00:00,22.0,27.0,28.41508,77.04353,Nischal
2018-06-20 13:15:00,24.333334,29.666665999999996,28.41508,77.04353,Nischal
2018-06-20 13:30:00,24.666666,31.333334000000004,28.41508,77.04353,Nischal
2018-06-20 13:45:00,28.666665999999996,33.666668,28.41508,77.04353,Nischal
2018-06-20 14:00:00,54.0,62.0,28.41508,77.04353,Nischal
2018-06-20 14:15:00,69.666664,79.0,28.41508,77.04353,Nischal
2018-06-20 14:30:00,72.0,80.333336,28.41508,77.04353,Nischal
2018-06-20 14:45:00,74.0,84.333336,28.41508,77.04353,Nischal
2018-06-20 15:00:00,69.666664,78.333336,28.41508,77.04353,Nischal
2018-06-20 15:15:00,63.0,70.333336,28.41508,77.04353,Nischal
2018-06-20 15:30:00,59.5,67.0,28.41508,77.04353,Nischal
2018-06-20 15:45:00,55.66666800000001,61.66666800000001,28.41508,77.04353,Nischal
2018-06-20 16:00:00,59.33333199999999,66.333336,28.41508,77.04353,Nischal
2018-06-20 16:15:00,64.666664,73.0,28.41508,77.04353,Nischal
2018-06-20 16:30:00,54.0,60.33333199999999,28.41508,77.04353,Nischal
2018-06-20 16:45:00,44.666668,52.66666800000001,28.41508,77.04353,Nischal
2018-06-20 17:00:00,44.666668,52.0,28.41508,77.04353,Nischal
2018-06-20 17:15:00,43.333332,49.333332,28.41508,77.04353,Nischal
2018-06-20 17:30:00,44.666668,50.333332,28.41508,77.04353,Nischal
2018-06-20 17:45:00,44.666668,53.33333199999999,28.41508,77.04353,Nischal
2018-06-20 18:00:00,46.333332,53.0,28.41508,77.04353,Nischal
2018-06-20 18:15:00,45.333332,48.666668,28.41508,77.04353,Nischal
2018-06-20 18:30:00,44.333332,50.0,28.41508,77.04353,Nischal
2018-06-20 18:45:00,47.666668,52.333332,28.41508,77.04353,Nischal
2018-06-20 19:00:00,48.0,53.33333199999999,28.41508,77.04353,Nischal
2018-06-20 19:15:00,48.0,55.33333199999999,28.41508,77.04353,Nischal
2018-06-20 19:30:00,50.333332,55.33333199999999,28.41508,77.04353,Nischal
2018-06-20 19:45:00,48.333332,52.0,28.41508,77.04353,Nischal
2018-06-20 20:00:00,46.0,50.0,28.41508,77.04353,Nischal
2018-06-20 20:15:00,53.33333199999999,61.0,28.41508,77.04353,Nischal
2018-06-20 20:30:00,61.66666800000001,67.333336,28.41508,77.04353,Nischal
2018-06-20 20:45:00,58.66666800000001,63.33333199999999,28.41508,77.04353,Nischal
2018-06-20 21:00:00,52.66666800000001,59.0,28.41508,77.04353,Nischal
2018-06-20 21:15:00,49.333332,54.66666800000001,28.41508,77.04353,Nischal
2018-06-20 21:30:00,43.666668,49.333332,28.41508,77.04353,Nischal
2018-06-20 21:45:00,38.333332,42.666668,28.41508,77.04353,Nischal
2018-06-20 22:00:00,37.666668,42.0,28.41508,77.04353,Nischal
2018-06-20 22:15:00,37.0,42.0,28.41508,77.04353,Nischal
2018-06-20 22:30:00,36.666668,41.333332,28.41508,77.04353,Nischal
2018-06-20 22:45:00,38.0,43.5,28.41508,77.04353,Nischal
2018-06-20 23:00:00,37.0,41.0,28.41508,77.04353,Nischal
2018-06-20 23:15:00,42.333332,46.666668,28.41508,77.04353,Nischal
2018-06-20 23:30:00,44.0,49.333332,28.41508,77.04353,Nischal
2018-06-20 23:45:00,45.666668,51.666668,28.41508,77.04353,Nischal
2018-06-21 00:00:00,44.333332,48.666668,28.41508,77.04353,Nischal
2018-06-21 00:15:00,44.666668,52.333332,28.41508,77.04353,Nischal
2018-06-21 00:30:00,43.666668,48.333332,28.41508,77.04353,Nischal
2018-06-21 00:45:00,42.666668,46.333332,28.41508,77.04353,Nischal
2018-06-21 01:00:00,41.0,47.333332,28.41508,77.04353,Nischal
2018-06-21 01:15:00,46.333332,55.0,28.41508,77.04353,Nischal
2018-06-21 01:30:00,50.333332,62.0,28.41508,77.04353,Nischal
2018-06-21 01:45:00,51.0,62.33333199999999,28.41508,77.04353,Nischal
2018-06-21 02:00:00,47.666668,55.0,28.41508,77.04353,Nischal
2018-06-21 02:15:00,51.0,59.0,28.41508,77.04353,Nischal
2018-06-21 02:30:00,60.0,72.333336,28.41508,77.04353,Nischal
2018-06-21 02:45:00,67.333336,80.333336,28.41508,77.04353,Nischal
2018-06-21 03:00:00,70.333336,89.0,28.41508,77.04353,Nischal
2018-06-21 03:15:00,62.33333199999999,79.666664,28.41508,77.04353,Nischal
2018-06-21 03:30:00,62.33333199999999,75.0,28.41508,77.04353,Nischal
2018-06-21 03:45:00,61.0,71.333336,28.41508,77.04353,Nischal
2018-06-21 04:00:00,101.333336,114.66666399999998,28.41508,77.04353,Nischal
2018-06-21 04:15:00,96.666664,111.0,28.41508,77.04353,Nischal
2018-06-21 04:30:00,72.666664,88.0,28.41508,77.04353,Nischal
2018-06-21 04:45:00,69.333336,82.666664,28.41508,77.04353,Nischal
2018-06-21 05:00:00,73.666664,81.0,28.41508,77.04353,Nischal
2018-06-21 05:15:00,315.0,373.66666000000004,28.41508,77.04353,Nischal
2018-06-21 05:30:00,126.0,143.66666999999998,28.41508,77.04353,Nischal
2018-06-21 05:45:00,99.666664,118.0,28.41508,77.04353,Nischal
2018-06-21 06:00:00,82.0,91.0,28.41508,77.04353,Nischal
2018-06-21 06:15:00,63.66666800000001,70.0,28.41508,77.04353,Nischal
2018-06-21 06:30:00,49.333332,56.0,28.41508,77.04353,Nischal
2018-06-21 06:45:00,51.333332,55.66666800000001,28.41508,77.04353,Nischal
2018-06-21 07:00:00,47.0,51.333332,28.41508,77.04353,Nischal
2018-06-21 07:15:00,46.333332,51.0,28.41508,77.04353,Nischal
2018-06-21 07:30:00,43.666668,49.333332,28.41508,77.04353,Nischal
2018-06-21 07:45:00,40.0,43.333332,28.41508,77.04353,Nischal
2018-06-21 08:00:00,37.333332,40.333332,28.41508,77.04353,Nischal
2018-06-21 08:15:00,40.666668,44.0,28.41508,77.04353,Nischal
2018-06-21 08:30:00,44.333332,48.0,28.41508,77.04353,Nischal
2018-06-21 08:45:00,44.0,50.666668,28.41508,77.04353,Nischal
2018-06-21 09:00:00,39.0,41.333332,28.41508,77.04353,Nischal
2018-06-21 09:15:00,41.0,47.0,28.41508,77.04353,Nischal
2018-06-21 09:30:00,42.0,45.0,28.41508,77.04353,Nischal
2018-06-21 09:45:00,43.666668,48.666668,28.41508,77.04353,Nischal
2018-06-21 10:00:00,45.5,50.5,28.41508,77.04353,Nischal
2018-06-21 10:15:00,37.666668,44.0,28.41508,77.04353,Nischal
2018-06-21 10:30:00,37.333332,38.666668,28.41508,77.04353,Nischal
2018-06-21 10:45:00,33.0,36.666668,28.41508,77.04353,Nischal
2018-06-21 11:00:00,33.0,35.333332,28.41508,77.04353,Nischal
2018-06-21 11:15:00,32.0,34.666668,28.41508,77.04353,Nischal
2018-06-21 11:30:00,29.333334000000004,36.0,28.41508,77.04353,Nischal
2018-06-21 11:45:00,28.333334000000004,31.333334000000004,28.41508,77.04353,Nischal
2018-06-21 12:00:00,29.0,31.0,28.41508,77.04353,Nischal
2018-06-21 12:15:00,28.666665999999996,32.333332,28.41508,77.04353,Nischal
2018-06-21 12:30:00,26.333334000000004,30.666665999999996,28.41508,77.04353,Nischal
2018-06-21 12:45:00,26.333334000000004,31.333334000000004,28.41508,77.04353,Nischal
2018-06-21 13:00:00,27.666665999999996,30.333334000000004,28.41508,77.04353,Nischal
2018-06-21 13:15:00,28.666665999999996,31.666665999999996,28.41508,77.04353,Nischal
2018-06-21 13:30:00,40.666668,52.66666800000001,28.41508,77.04353,Nischal
2018-06-21 13:45:00,54.66666800000001,66.666664,28.41508,77.04353,Nischal
2018-06-21 14:00:00,58.66666800000001,68.666664,28.41508,77.04353,Nischal
2018-06-21 14:15:00,49.333332,56.0,28.41508,77.04353,Nischal
2018-06-21 14:30:00,48.666668,55.66666800000001,28.41508,77.04353,Nischal
2018-06-21 14:45:00,52.333332,62.33333199999999,28.41508,77.04353,Nischal
2018-06-21 15:00:00,51.333332,59.66666800000001,28.41508,77.04353,Nischal
2018-06-21 15:15:00,49.666668,56.33333199999999,28.41508,77.04353,Nischal
2018-06-21 15:30:00,47.333332,52.333332,28.41508,77.04353,Nischal
2018-06-21 15:45:00,48.333332,53.0,28.41508,77.04353,Nischal
2018-06-21 16:00:00,48.0,53.33333199999999,28.41508,77.04353,Nischal
2018-06-21 16:15:00,47.0,52.66666800000001,28.41508,77.04353,Nischal
2018-06-21 16:30:00,47.333332,50.666668,28.41508,77.04353,Nischal
2018-06-21 16:45:00,43.333332,49.333332,28.41508,77.04353,Nischal
2018-06-21 17:00:00,46.666668,54.33333199999999,28.41508,77.04353,Nischal
2018-06-21 17:15:00,47.0,52.333332,28.41508,77.04353,Nischal
2018-06-21 17:30:00,48.0,54.66666800000001,28.41508,77.04353,Nischal
2018-06-21 17:45:00,43.0,47.0,28.41508,77.04353,Nischal
2018-06-21 18:00:00,43.0,47.333332,28.41508,77.04353,Nischal
2018-06-21 18:15:00,46.666668,53.66666800000001,28.41508,77.04353,Nischal
2018-06-21 18:30:00,54.66666800000001,61.33333199999999,28.41508,77.04353,Nischal
2018-06-21 18:45:00,63.33333199999999,73.333336,28.41508,77.04353,Nischal
2018-06-21 19:00:00,62.0,69.666664,28.41508,77.04353,Nischal
2018-06-21 19:15:00,65.0,72.333336,28.41508,77.04353,Nischal
2018-06-21 19:30:00,754.6667,963.3333,28.41508,77.04353,Nischal
2018-06-21 19:45:00,320.33333999999996,380.0,28.41508,77.04353,Nischal
2018-06-21 20:00:00,116.0,130.33333000000002,28.41508,77.04353,Nischal
2018-06-21 20:15:00,68.0,74.0,28.41508,77.04353,Nischal
2018-06-21 20:30:00,64.333336,70.333336,28.41508,77.04353,Nischal
2018-06-21 20:45:00,66.0,71.666664,28.41508,77.04353,Nischal
2018-06-21 21:00:00,63.33333199999999,69.0,28.41508,77.04353,Nischal
2018-06-21 21:15:00,64.333336,72.0,28.41508,77.04353,Nischal
2018-06-21 21:30:00,61.0,65.666664,28.41508,77.04353,Nischal
2018-06-21 21:45:00,59.33333199999999,65.333336,28.41508,77.04353,Nischal
2018-06-21 22:00:00,59.66666800000001,67.0,28.41508,77.04353,Nischal
2018-06-21 22:15:00,60.0,67.666664,28.41508,77.04353,Nischal
2018-06-21 22:30:00,62.0,67.333336,28.41508,77.04353,Nischal
2018-06-21 22:45:00,67.666664,75.0,28.41508,77.04353,Nischal
2018-06-21 23:00:00,70.666664,76.0,28.41508,77.04353,Nischal
2018-06-21 23:15:00,66.0,72.333336,28.41508,77.04353,Nischal
2018-06-21 23:30:00,68.333336,77.666664,28.41508,77.04353,Nischal
2018-06-21 23:45:00,64.333336,73.666664,28.41508,77.04353,Nischal
2018-06-22 00:00:00,63.33333199999999,66.666664,28.41508,77.04353,Nischal
2018-06-22 00:15:00,61.0,65.0,28.41508,77.04353,Nischal
2018-06-22 00:30:00,58.66666800000001,65.333336,28.41508,77.04353,Nischal
2018-06-22 00:45:00,59.66666800000001,65.666664,28.41508,77.04353,Nischal
2018-06-22 01:00:00,63.66666800000001,70.666664,28.41508,77.04353,Nischal
2018-06-22 01:15:00,67.333336,75.666664,28.41508,77.04353,Nischal
2018-06-22 01:30:00,70.333336,76.666664,28.41508,77.04353,Nischal
2018-06-22 01:45:00,74.333336,84.333336,28.41508,77.04353,Nischal
2018-06-22 02:00:00,77.333336,86.333336,28.41508,77.04353,Nischal
2018-06-22 02:15:00,76.333336,90.666664,28.41508,77.04353,Nischal
2018-06-22 02:30:00,94.333336,117.66666399999998,28.41508,77.04353,Nischal
2018-06-22 02:45:00,114.0,128.0,28.41508,77.04353,Nischal
2018-06-22 03:00:00,112.0,126.33333600000002,28.41508,77.04353,Nischal
2018-06-22 03:15:00,111.0,128.33333000000002,28.41508,77.04353,Nischal
2018-06-22 03:30:00,145.0,170.0,28.41508,77.04353,Nischal
2018-06-22 03:45:00,660.0,879.0,28.41508,77.04353,Nischal
2018-06-22 04:00:00,795.3333,1029.0,28.41508,77.04353,Nischal
2018-06-22 04:15:00,467.66666,574.6667,28.41508,77.04353,Nischal
2018-06-22 04:30:00,237.66667,276.66666000000004,28.41508,77.04353,Nischal
2018-06-22 04:45:00,157.33333000000002,184.33333000000002,28.41508,77.04353,Nischal
2018-06-22 05:00:00,141.66666999999998,161.0,28.41508,77.04353,Nischal
2018-06-22 05:15:00,108.66666399999998,123.0,28.41508,77.04353,Nischal
2018-06-22 05:30:00,92.333336,106.0,28.41508,77.04353,Nischal
2018-06-22 05:45:00,57.33333199999999,64.0,28.41508,77.04353,Nischal
2018-06-22 06:00:00,62.0,67.0,28.41508,77.04353,Nischal
2018-06-22 06:15:00,62.0,67.666664,28.41508,77.04353,Nischal
2018-06-22 06:30:00,46.333332,51.666668,28.41508,77.04353,Nischal
2018-06-22 06:45:00,42.666668,48.333332,28.41508,77.04353,Nischal
2018-06-22 07:00:00,42.666668,47.666668,28.41508,77.04353,Nischal
2018-06-22 07:15:00,42.5,50.5,28.41508,77.04353,Nischal
2018-06-22 07:30:00,40.666668,46.333332,28.41508,77.04353,Nischal
2018-06-22 07:45:00,40.0,46.0,28.41508,77.04353,Nischal
2018-06-22 08:00:00,41.333332,44.333332,28.41508,77.04353,Nischal
2018-06-22 08:15:00,37.666668,42.333332,28.41508,77.04353,Nischal
2018-06-22 08:30:00,33.333332,36.666668,28.41508,77.04353,Nischal
2018-06-22 08:45:00,33.666668,36.666668,28.41508,77.04353,Nischal
2018-06-22 09:00:00,31.666665999999996,35.333332,28.41508,77.04353,Nischal
2018-06-22 09:15:00,33.666668,37.0,28.41508,77.04353,Nischal
2018-06-22 09:30:00,35.666668,38.666668,28.41508,77.04353,Nischal
2018-06-22 09:45:00,38.333332,46.333332,28.41508,77.04353,Nischal
2018-06-22 10:00:00,37.0,42.666668,28.41508,77.04353,Nischal
2018-06-22 10:15:00,32.0,36.333332,28.41508,77.04353,Nischal
2018-06-22 10:30:00,30.666665999999996,33.333332,28.41508,77.04353,Nischal
2018-06-22 10:45:00,29.666665999999996,35.0,28.41508,77.04353,Nischal
2018-06-22 11:00:00,28.666665999999996,32.333332,28.41508,77.04353,Nischal
2018-06-22 11:15:00,25.666666,29.0,28.41508,77.04353,Nischal
2018-06-22 11:30:00,25.0,27.0,28.41508,77.04353,Nischal
2018-06-22 11:45:00,27.0,31.0,28.41508,77.04353,Nischal
2018-06-22 12:00:00,26.0,29.5,28.41508,77.04353,Nischal
2018-06-22 12:15:00,26.333334000000004,28.333334000000004,28.41508,77.04353,Nischal
2018-06-22 12:30:00,25.333334,29.333334000000004,28.41508,77.04353,Nischal
2018-06-22 12:45:00,24.666666,25.666666,28.41508,77.04353,Nischal
2018-06-22 13:00:00,25.0,27.333334000000004,28.41508,77.04353,Nischal
2018-06-22 13:15:00,27.0,29.666665999999996,28.41508,77.04353,Nischal
2018-06-22 13:30:00,30.0,34.333332,28.41508,77.04353,Nischal
2018-06-22 13:45:00,34.0,41.0,28.41508,77.04353,Nischal
2018-06-22 14:00:00,32.0,36.0,28.41508,77.04353,Nischal
2018-06-22 14:15:00,34.666668,38.666668,28.41508,77.04353,Nischal
2018-06-22 14:30:00,59.0,64.333336,28.41508,77.04353,Nischal
2018-06-22 14:45:00,67.0,74.666664,28.41508,77.04353,Nischal
2018-06-22 15:00:00,73.0,82.666664,28.41508,77.04353,Nischal
2018-06-22 15:15:00,71.0,79.0,28.41508,77.04353,Nischal
2018-06-22 15:30:00,72.0,81.0,28.41508,77.04353,Nischal
2018-06-22 15:45:00,71.666664,78.666664,28.41508,77.04353,Nischal
2018-06-22 16:00:00,68.666664,75.0,28.41508,77.04353,Nischal
2018-06-22 16:15:00,69.0,78.0,28.41508,77.04353,Nischal
2018-06-22 16:30:00,65.666664,72.666664,28.41508,77.04353,Nischal
2018-06-22 16:45:00,68.0,74.666664,28.41508,77.04353,Nischal
2018-06-22 17:00:00,71.333336,81.0,28.41508,77.04353,Nischal
2018-06-22 17:15:00,70.333336,77.333336,28.41508,77.04353,Nischal
2018-06-22 17:30:00,68.0,73.333336,28.41508,77.04353,Nischal
2018-06-22 17:45:00,60.33333199999999,64.333336,28.41508,77.04353,Nischal
2018-06-22 18:00:00,56.0,60.66666800000001,28.41508,77.04353,Nischal
2018-06-22 18:15:00,55.33333199999999,60.0,28.41508,77.04353,Nischal
2018-06-22 18:30:00,54.33333199999999,59.66666800000001,28.41508,77.04353,Nischal
2018-06-22 18:45:00,55.33333199999999,58.33333199999999,28.41508,77.04353,Nischal
2018-06-22 19:00:00,55.66666800000001,60.66666800000001,28.41508,77.04353,Nischal
2018-06-22 19:15:00,53.66666800000001,59.33333199999999,28.41508,77.04353,Nischal
2018-06-22 19:30:00,58.0,62.33333199999999,28.41508,77.04353,Nischal
2018-06-22 19:45:00,61.33333199999999,67.666664,28.41508,77.04353,Nischal
2018-06-22 20:00:00,61.0,66.333336,28.41508,77.04353,Nischal
2018-06-22 20:15:00,59.33333199999999,64.0,28.41508,77.04353,Nischal
2018-06-22 20:30:00,64.666664,68.666664,28.41508,77.04353,Nischal
2018-06-22 20:45:00,66.0,71.333336,28.41508,77.04353,Nischal
2018-06-22 21:00:00,65.0,70.0,28.41508,77.04353,Nischal
2018-06-22 21:15:00,63.66666800000001,65.666664,28.41508,77.04353,Nischal
2018-06-22 21:30:00,63.33333199999999,68.666664,28.41508,77.04353,Nischal
2018-06-22 21:45:00,60.0,65.333336,28.41508,77.04353,Nischal
2018-06-22 22:00:00,57.66666800000001,63.66666800000001,28.41508,77.04353,Nischal
2018-06-22 22:15:00,58.33333199999999,62.66666800000001,28.41508,77.04353,Nischal
2018-06-22 22:30:00,61.0,66.0,28.41508,77.04353,Nischal
2018-06-22 22:45:00,61.0,66.0,28.41508,77.04353,Nischal
2018-06-22 23:00:00,66.0,73.0,28.41508,77.04353,Nischal
2018-06-22 23:15:00,63.66666800000001,69.0,28.41508,77.04353,Nischal
2018-06-22 23:30:00,63.33333199999999,66.0,28.41508,77.04353,Nischal
2018-06-22 23:45:00,61.33333199999999,67.666664,28.41508,77.04353,Nischal
2018-06-23 00:00:00,62.0,65.666664,28.41508,77.04353,Nischal
2018-06-23 00:15:00,62.66666800000001,67.333336,28.41508,77.04353,Nischal
2018-06-23 00:30:00,82.333336,96.666664,28.41508,77.04353,Nischal
2018-06-23 00:45:00,143.0,176.0,28.41508,77.04353,Nischal
2018-06-23 01:00:00,163.33333000000002,205.66666999999998,28.41508,77.04353,Nischal
2018-06-23 01:15:00,170.66666999999998,207.0,28.41508,77.04353,Nischal
2018-06-23 01:30:00,152.66666999999998,191.66666999999998,28.41508,77.04353,Nischal
2018-06-23 01:45:00,147.33333000000002,173.33333000000002,28.41508,77.04353,Nischal
2018-06-23 02:00:00,142.66666999999998,167.66666999999998,28.41508,77.04353,Nischal
2018-06-23 02:15:00,124.0,147.66666999999998,28.41508,77.04353,Nischal
2018-06-23 02:30:00,103.666664,120.66666399999998,28.41508,77.04353,Nischal
2018-06-23 02:45:00,91.666664,99.0,28.41508,77.04353,Nischal
2018-06-23 03:00:00,89.333336,100.333336,28.41508,77.04353,Nischal
2018-06-23 03:15:00,85.5,95.5,28.41508,77.04353,Nischal
2018-06-23 03:30:00,81.5,92.5,28.41508,77.04353,Nischal
2018-06-23 03:45:00,78.0,87.5,28.41508,77.04353,Nischal
2018-06-23 04:00:00,79.333336,88.333336,28.41508,77.04353,Nischal
2018-06-23 04:15:00,81.0,92.666664,28.41508,77.04353,Nischal
2018-06-23 04:30:00,80.666664,91.333336,28.41508,77.04353,Nischal
2018-06-23 04:45:00,95.5,102.5,28.41508,77.04353,Nischal
2018-06-23 05:00:00,91.0,107.0,28.41508,77.04353,Nischal
2018-06-23 05:15:00,126.0,142.66666999999998,28.41508,77.04353,Nischal
2018-06-23 05:30:00,246.66667,276.0,28.41508,77.04353,Nischal
2018-06-23 05:45:00,225.66667,255.33333,28.41508,77.04353,Nischal
2018-06-23 06:00:00,160.0,172.5,28.41508,77.04353,Nischal
2018-06-23 06:15:00,129.0,142.33333000000002,28.41508,77.04353,Nischal
2018-06-23 06:30:00,106.33333600000002,117.33333600000002,28.41508,77.04353,Nischal
2018-06-23 06:45:00,77.666664,88.666664,28.41508,77.04353,Nischal
2018-06-23 07:00:00,70.333336,76.0,28.41508,77.04353,Nischal
2018-06-23 07:15:00,55.0,60.0,28.41508,77.04353,Nischal
2018-06-23 07:30:00,56.33333199999999,62.33333199999999,28.41508,77.04353,Nischal
2018-06-23 07:45:00,58.33333199999999,65.666664,28.41508,77.04353,Nischal
2018-06-23 08:00:00,56.5,64.0,28.41508,77.04353,Nischal
2018-06-23 08:15:00,59.66666800000001,64.666664,28.41508,77.04353,Nischal
2018-06-23 08:30:00,54.33333199999999,61.66666800000001,28.41508,77.04353,Nischal
2018-06-23 08:45:00,47.0,51.0,28.41508,77.04353,Nischal
2018-06-23 09:00:00,46.333332,53.66666800000001,28.41508,77.04353,Nischal
2018-06-23 09:15:00,42.666668,46.0,28.41508,77.04353,Nischal
2018-06-23 09:30:00,38.0,43.333332,28.41508,77.04353,Nischal
2018-06-23 09:45:00,35.0,39.0,28.41508,77.04353,Nischal
2018-06-23 10:00:00,33.0,37.333332,28.41508,77.04353,Nischal
2018-06-23 10:15:00,34.0,39.0,28.41508,77.04353,Nischal
2018-06-23 10:30:00,43.0,49.333332,28.41508,77.04353,Nischal
2018-06-23 10:45:00,49.666668,56.0,28.41508,77.04353,Nischal
2018-06-23 11:00:00,53.5,58.0,28.41508,77.04353,Nischal
2018-06-23 11:15:00,54.0,58.0,28.41508,77.04353,Nischal
2018-06-23 11:30:00,49.0,55.66666800000001,28.41508,77.04353,Nischal
2018-06-23 11:45:00,46.5,53.5,28.41508,77.04353,Nischal
2018-06-23 12:00:00,39.666668,44.0,28.41508,77.04353,Nischal
2018-06-23 12:15:00,39.666668,45.333332,28.41508,77.04353,Nischal
2018-06-23 12:30:00,34.5,38.0,28.41508,77.04353,Nischal
2018-06-23 12:45:00,30.0,35.666668,28.41508,77.04353,Nischal
2018-06-23 13:00:00,28.0,33.5,28.41508,77.04353,Nischal
2018-06-23 13:15:00,33.0,37.0,28.41508,77.04353,Nischal
2018-06-23 13:30:00,35.0,39.666668,28.41508,77.04353,Nischal
2018-06-23 13:45:00,37.666668,40.333332,28.41508,77.04353,Nischal
2018-06-23 14:00:00,37.0,39.666668,28.41508,77.04353,Nischal
2018-06-23 14:15:00,40.333332,45.0,28.41508,77.04353,Nischal
2018-06-23 14:30:00,43.666668,48.666668,28.41508,77.04353,Nischal
2018-06-23 14:45:00,50.333332,57.66666800000001,28.41508,77.04353,Nischal
2018-06-23 15:00:00,50.333332,54.66666800000001,28.41508,77.04353,Nischal
2018-06-23 15:15:00,44.333332,49.0,28.41508,77.04353,Nischal
2018-06-23 15:30:00,40.666668,44.666668,28.41508,77.04353,Nischal
2018-06-23 15:45:00,43.333332,48.666668,28.41508,77.04353,Nischal
2018-06-23 16:00:00,47.0,52.333332,28.41508,77.04353,Nischal
2018-06-23 16:15:00,49.666668,56.66666800000001,28.41508,77.04353,Nischal
2018-06-23 16:30:00,46.333332,51.333332,28.41508,77.04353,Nischal
2018-06-23 16:45:00,44.666668,49.666668,28.41508,77.04353,Nischal
2018-06-23 17:00:00,48.666668,55.0,28.41508,77.04353,Nischal
2018-06-23 17:15:00,46.666668,52.333332,28.41508,77.04353,Nischal
2018-06-23 17:30:00,47.333332,52.333332,28.41508,77.04353,Nischal
2018-06-23 17:45:00,51.333332,56.66666800000001,28.41508,77.04353,Nischal
2018-06-23 18:00:00,48.666668,54.33333199999999,28.41508,77.04353,Nischal
2018-06-23 18:15:00,48.666668,53.66666800000001,28.41508,77.04353,Nischal
2018-06-23 18:30:00,165.0,192.0,28.41508,77.04353,Nischal
2018-06-23 18:45:00,286.66666000000004,349.33333999999996,28.41508,77.04353,Nischal
2018-06-23 19:00:00,130.0,151.33333000000002,28.41508,77.04353,Nischal
2018-06-23 19:15:00,70.333336,81.333336,28.41508,77.04353,Nischal
2018-06-23 19:30:00,322.0,393.0,28.41508,77.04353,Nischal
2018-06-23 19:45:00,442.66666,537.6667,28.41508,77.04353,Nischal
2018-06-23 20:00:00,182.66666999999998,210.66667,28.41508,77.04353,Nischal
2018-06-23 20:15:00,83.666664,96.333336,28.41508,77.04353,Nischal
2018-06-23 20:30:00,55.0,62.66666800000001,28.41508,77.04353,Nischal
2018-06-23 20:45:00,42.666668,47.333332,28.41508,77.04353,Nischal
2018-06-23 21:00:00,42.0,48.0,28.41508,77.04353,Nischal
2018-06-23 21:15:00,39.0,44.0,28.41508,77.04353,Nischal
2018-06-23 21:30:00,34.333332,37.0,28.41508,77.04353,Nischal
2018-06-23 21:45:00,35.0,37.333332,28.41508,77.04353,Nischal
2018-06-23 22:00:00,32.666668,35.333332,28.41508,77.04353,Nischal
2018-06-23 22:15:00,43.666668,49.0,28.41508,77.04353,Nischal
2018-06-23 22:30:00,54.33333199999999,64.0,28.41508,77.04353,Nischal
2018-06-23 22:45:00,62.66666800000001,71.333336,28.41508,77.04353,Nischal
2018-06-23 23:00:00,61.66666800000001,71.0,28.41508,77.04353,Nischal
2018-06-23 23:15:00,51.666668,59.0,28.41508,77.04353,Nischal
2018-06-23 23:30:00,44.666668,52.0,28.41508,77.04353,Nischal
2018-06-23 23:45:00,40.333332,46.0,28.41508,77.04353,Nischal
2018-06-24 00:00:00,38.666668,44.0,28.41508,77.04353,Nischal
2018-06-24 00:15:00,36.666668,41.666668,28.41508,77.04353,Nischal
2018-06-24 00:30:00,35.666668,40.333332,28.41508,77.04353,Nischal
2018-06-24 00:45:00,39.0,43.666668,28.41508,77.04353,Nischal
2018-06-24 01:00:00,34.333332,38.666668,28.41508,77.04353,Nischal
2018-06-24 01:15:00,37.0,43.0,28.41508,77.04353,Nischal
2018-06-24 01:30:00,37.333332,41.333332,28.41508,77.04353,Nischal
2018-06-24 01:45:00,37.333332,42.333332,28.41508,77.04353,Nischal
2018-06-24 02:00:00,39.0,42.666668,28.41508,77.04353,Nischal
2018-06-24 02:15:00,43.333332,49.333332,28.41508,77.04353,Nischal
2018-06-24 02:30:00,43.333332,46.333332,28.41508,77.04353,Nischal
2018-06-24 02:45:00,41.0,46.333332,28.41508,77.04353,Nischal
2018-06-24 03:00:00,44.0,47.333332,28.41508,77.04353,Nischal
2018-06-24 03:15:00,44.0,51.0,28.41508,77.04353,Nischal
2018-06-24 03:30:00,47.666668,55.0,28.41508,77.04353,Nischal
2018-06-24 03:45:00,45.0,53.0,28.41508,77.04353,Nischal
2018-06-24 04:00:00,46.333332,55.0,28.41508,77.04353,Nischal
2018-06-24 04:15:00,46.666668,51.666668,28.41508,77.04353,Nischal
2018-06-24 04:30:00,67.333336,76.0,28.41508,77.04353,Nischal
2018-06-24 04:45:00,60.0,67.0,28.41508,77.04353,Nischal
2018-06-24 05:00:00,56.33333199999999,62.66666800000001,28.41508,77.04353,Nischal
2018-06-24 05:15:00,52.66666800000001,58.33333199999999,28.41508,77.04353,Nischal
2018-06-24 05:30:00,59.66666800000001,68.333336,28.41508,77.04353,Nischal
2018-06-24 05:45:00,49.666668,55.33333199999999,28.41508,77.04353,Nischal
2018-06-24 06:00:00,39.333332,46.0,28.41508,77.04353,Nischal
2018-06-24 06:15:00,42.0,48.0,28.41508,77.04353,Nischal
2018-06-24 06:30:00,63.0,70.666664,28.41508,77.04353,Nischal
2018-06-24 06:45:00,50.666668,55.66666800000001,28.41508,77.04353,Nischal
2018-06-24 07:00:00,42.666668,47.333332,28.41508,77.04353,Nischal
2018-06-24 07:15:00,41.333332,46.666668,28.41508,77.04353,Nischal
2018-06-24 07:30:00,36.333332,41.0,28.41508,77.04353,Nischal
2018-06-24 07:45:00,32.0,35.333332,28.41508,77.04353,Nischal
2018-06-24 08:00:00,31.333334000000004,34.0,28.41508,77.04353,Nischal
2018-06-24 08:15:00,33.0,37.0,28.41508,77.04353,Nischal
2018-06-24 08:30:00,32.5,36.5,28.41508,77.04353,Nischal
2018-06-24 08:45:00,34.0,39.333332,28.41508,77.04353,Nischal
2018-06-24 09:00:00,48.666668,57.0,28.41508,77.04353,Nischal
2018-06-24 09:15:00,36.333332,43.0,28.41508,77.04353,Nischal
2018-06-24 09:30:00,31.0,33.5,28.41508,77.04353,Nischal
2018-06-24 09:45:00,29.333334000000004,32.666668,28.41508,77.04353,Nischal
2018-06-24 10:00:00,30.0,35.0,28.41508,77.04353,Nischal
2018-06-24 10:15:00,26.333334000000004,28.666665999999996,28.41508,77.04353,Nischal
2018-06-24 10:30:00,24.666666,29.333334000000004,28.41508,77.04353,Nischal
2018-06-24 10:45:00,26.0,28.0,28.41508,77.04353,Nischal
2018-06-24 11:00:00,25.333334,29.0,28.41508,77.04353,Nischal
2018-06-24 11:15:00,27.333334000000004,29.333334000000004,28.41508,77.04353,Nischal
2018-06-24 11:30:00,31.5,39.0,28.41508,77.04353,Nischal
2018-06-24 11:45:00,30.666665999999996,36.0,28.41508,77.04353,Nischal
2018-06-24 12:00:00,24.666666,28.333334000000004,28.41508,77.04353,Nischal
2018-06-24 12:15:00,26.0,29.333334000000004,28.41508,77.04353,Nischal
2018-06-24 12:30:00,28.5,32.0,28.41508,77.04353,Nischal
2018-06-24 12:45:00,27.666665999999996,31.666665999999996,28.41508,77.04353,Nischal
2018-06-24 13:00:00,28.333334000000004,31.0,28.41508,77.04353,Nischal
2018-06-24 13:15:00,28.0,33.333332,28.41508,77.04353,Nischal
2018-06-24 13:30:00,26.666665999999996,30.0,28.41508,77.04353,Nischal
2018-06-24 13:45:00,338.33333999999996,392.0,28.41508,77.04353,Nischal
2018-06-24 14:00:00,94.5,109.5,28.41508,77.04353,Nischal
2018-06-24 14:15:00,33.0,36.0,28.41508,77.04353,Nischal
2018-06-24 14:30:00,36.5,41.5,28.41508,77.04353,Nischal
2018-06-24 14:45:00,40.333332,45.0,28.41508,77.04353,Nischal
2018-06-24 15:00:00,40.333332,44.0,28.41508,77.04353,Nischal
2018-06-24 15:15:00,41.0,44.0,28.41508,77.04353,Nischal
2018-06-24 15:30:00,43.0,50.666668,28.41508,77.04353,Nischal
2018-06-24 15:45:00,44.333332,50.666668,28.41508,77.04353,Nischal
2018-06-24 16:00:00,45.0,49.666668,28.41508,77.04353,Nischal
2018-06-24 16:15:00,45.666668,49.666668,28.41508,77.04353,Nischal
2018-06-24 16:30:00,49.333332,55.0,28.41508,77.04353,Nischal
2018-06-24 16:45:00,51.666668,58.33333199999999,28.41508,77.04353,Nischal
2018-06-24 17:00:00,55.33333199999999,62.33333199999999,28.41508,77.04353,Nischal
2018-06-24 17:15:00,59.66666800000001,66.0,28.41508,77.04353,Nischal
2018-06-24 17:30:00,60.0,67.666664,28.41508,77.04353,Nischal
2018-06-24 17:45:00,54.0,58.33333199999999,28.41508,77.04353,Nischal
2018-06-24 18:00:00,69.666664,76.0,28.41508,77.04353,Nischal
2018-06-24 18:15:00,479.66666,588.0,28.41508,77.04353,Nischal
2018-06-24 18:30:00,279.0,325.66666000000004,28.41508,77.04353,Nischal
2018-06-24 18:45:00,108.33333600000002,123.33333600000002,28.41508,77.04353,Nischal
2018-06-24 19:00:00,60.66666800000001,68.0,28.41508,77.04353,Nischal
2018-06-24 19:15:00,63.0,66.666664,28.41508,77.04353,Nischal
2018-06-24 19:30:00,63.33333199999999,72.333336,28.41508,77.04353,Nischal
2018-06-24 19:45:00,63.33333199999999,71.333336,28.41508,77.04353,Nischal
2018-06-24 20:00:00,58.33333199999999,63.66666800000001,28.41508,77.04353,Nischal
2018-06-24 20:15:00,53.33333199999999,58.0,28.41508,77.04353,Nischal
2018-06-24 20:30:00,50.666668,52.66666800000001,28.41508,77.04353,Nischal
2018-06-24 20:45:00,50.666668,54.66666800000001,28.41508,77.04353,Nischal
2018-06-24 21:00:00,48.666668,50.666668,28.41508,77.04353,Nischal
2018-06-24 21:15:00,51.666668,56.66666800000001,28.41508,77.04353,Nischal
2018-06-24 21:30:00,45.0,51.666668,28.41508,77.04353,Nischal
2018-06-24 21:45:00,37.333332,41.666668,28.41508,77.04353,Nischal
2018-06-24 22:00:00,32.0,36.333332,28.41508,77.04353,Nischal
2018-06-24 22:15:00,29.333334000000004,34.333332,28.41508,77.04353,Nischal
2018-06-24 22:30:00,24.666666,27.0,28.41508,77.04353,Nischal
2018-06-24 22:45:00,24.666666,29.333334000000004,28.41508,77.04353,Nischal
2018-06-24 23:00:00,25.333334,29.0,28.41508,77.04353,Nischal
2018-06-24 23:15:00,25.333334,30.333334000000004,28.41508,77.04353,Nischal
2018-06-24 23:30:00,29.666665999999996,33.333332,28.41508,77.04353,Nischal
2018-06-24 23:45:00,26.0,29.333334000000004,28.41508,77.04353,Nischal
2018-06-25 00:00:00,23.333334,28.333334000000004,28.41508,77.04353,Nischal
2018-06-25 00:15:00,23.333334,27.666665999999996,28.41508,77.04353,Nischal
2018-06-25 00:30:00,19.333334,22.666666,28.41508,77.04353,Nischal
2018-06-25 00:45:00,22.0,25.0,28.41508,77.04353,Nischal
2018-06-25 01:00:00,23.333334,26.666665999999996,28.41508,77.04353,Nischal
2018-06-25 01:15:00,24.333334,28.333334000000004,28.41508,77.04353,Nischal
2018-06-25 01:30:00,25.333334,31.666665999999996,28.41508,77.04353,Nischal
2018-06-25 01:45:00,25.333334,29.333334000000004,28.41508,77.04353,Nischal
2018-06-25 02:00:00,26.666665999999996,34.333332,28.41508,77.04353,Nischal
2018-06-25 02:15:00,24.333334,29.0,28.41508,77.04353,Nischal
2018-06-25 02:30:00,28.0,34.333332,28.41508,77.04353,Nischal
2018-06-25 02:45:00,24.666666,31.666665999999996,28.41508,77.04353,Nischal
2018-06-25 03:00:00,25.0,29.333334000000004,28.41508,77.04353,Nischal
2018-06-25 03:15:00,26.0,30.0,28.41508,77.04353,Nischal
2018-06-25 03:30:00,59.0,66.0,28.41508,77.04353,Nischal
2018-06-25 03:45:00,129.0,147.66666999999998,28.41508,77.04353,Nischal
2018-06-25 04:00:00,95.333336,109.33333600000002,28.41508,77.04353,Nischal
2018-06-25 04:15:00,114.66666399999998,130.33333000000002,28.41508,77.04353,Nischal
2018-06-25 04:30:00,94.666664,110.66666399999998,28.41508,77.04353,Nischal
2018-06-25 04:45:00,64.333336,75.333336,28.41508,77.04353,Nischal
2018-06-25 05:00:00,57.66666800000001,63.0,28.41508,77.04353,Nischal
2018-06-25 05:15:00,52.0,62.0,28.41508,77.04353,Nischal
2018-06-25 05:30:00,72.666664,84.333336,28.41508,77.04353,Nischal
2018-06-25 05:45:00,46.333332,54.66666800000001,28.41508,77.04353,Nischal
2018-06-25 06:00:00,34.666668,41.666668,28.41508,77.04353,Nischal
2018-06-25 06:15:00,30.5,36.0,28.41508,77.04353,Nischal
2018-06-25 06:30:00,25.0,29.333334000000004,28.41508,77.04353,Nischal
2018-06-25 06:45:00,24.0,30.666665999999996,28.41508,77.04353,Nischal
2018-06-25 07:00:00,24.5,27.5,28.41508,77.04353,Nischal
2018-06-25 07:15:00,24.666666,29.666665999999996,28.41508,77.04353,Nischal
2018-06-25 07:30:00,35.333332,40.0,28.41508,77.04353,Nischal
2018-06-25 07:45:00,33.666668,41.666668,28.41508,77.04353,Nischal
2018-06-25 08:00:00,26.666665999999996,32.0,28.41508,77.04353,Nischal
2018-06-25 08:15:00,23.666666,28.666665999999996,28.41508,77.04353,Nischal
2018-06-25 08:30:00,25.666666,30.666665999999996,28.41508,77.04353,Nischal
2018-06-25 08:45:00,22.5,29.0,28.41508,77.04353,Nischal
2018-06-25 09:00:00,25.0,27.666665999999996,28.41508,77.04353,Nischal
2018-06-25 09:15:00,24.333334,29.666665999999996,28.41508,77.04353,Nischal
2018-06-25 09:30:00,22.666666,27.333334000000004,28.41508,77.04353,Nischal
2018-06-25 09:45:00,21.333334,24.333334,28.41508,77.04353,Nischal
2018-06-25 10:00:00,19.666666,25.0,28.41508,77.04353,Nischal
2018-06-25 10:15:00,20.0,27.0,28.41508,77.04353,Nischal
2018-06-25 10:30:00,18.333334,21.666666,28.41508,77.04353,Nischal
2018-06-25 10:45:00,21.0,29.333334000000004,28.41508,77.04353,Nischal
2018-06-25 11:00:00,21.666666,28.0,28.41508,77.04353,Nischal
2018-06-25 11:15:00,32.666668,46.0,28.41508,77.04353,Nischal
2018-06-25 11:30:00,26.666665999999996,36.0,28.41508,77.04353,Nischal
2018-06-25 11:45:00,28.666665999999996,37.333332,28.41508,77.04353,Nischal
2018-06-25 12:00:00,23.333334,30.666665999999996,28.41508,77.04353,Nischal
2018-06-25 12:15:00,24.333334,29.333334000000004,28.41508,77.04353,Nischal
2018-06-25 12:30:00,23.0,26.0,28.41508,77.04353,Nischal
2018-06-25 12:45:00,22.333334,25.666666,28.41508,77.04353,Nischal
2018-06-25 13:00:00,22.666666,25.0,28.41508,77.04353,Nischal
2018-06-25 13:15:00,22.333334,25.0,28.41508,77.04353,Nischal
2018-06-25 13:30:00,23.333334,24.333334,28.41508,77.04353,Nischal
2018-06-25 13:45:00,23.666666,27.0,28.41508,77.04353,Nischal
2018-06-25 14:00:00,24.0,28.333334000000004,28.41508,77.04353,Nischal
2018-06-25 14:15:00,25.0,27.666665999999996,28.41508,77.04353,Nischal
2018-06-25 14:30:00,26.0,30.0,28.41508,77.04353,Nischal
2018-06-25 14:45:00,30.0,34.0,28.41508,77.04353,Nischal
2018-06-25 15:00:00,32.333332,38.333332,28.41508,77.04353,Nischal
2018-06-25 15:15:00,29.666665999999996,33.0,28.41508,77.04353,Nischal
2018-06-25 15:30:00,27.0,32.333332,28.41508,77.04353,Nischal
2018-06-25 15:45:00,29.333334000000004,34.0,28.41508,77.04353,Nischal
2018-06-25 16:00:00,30.666665999999996,36.0,28.41508,77.04353,Nischal
2018-06-25 16:15:00,28.666665999999996,33.0,28.41508,77.04353,Nischal
2018-06-25 16:30:00,28.333334000000004,33.0,28.41508,77.04353,Nischal
2018-06-25 16:45:00,29.666665999999996,32.666668,28.41508,77.04353,Nischal
2018-06-25 17:00:00,27.666665999999996,33.666668,28.41508,77.04353,Nischal
2018-06-25 17:15:00,28.333334000000004,33.333332,28.41508,77.04353,Nischal
2018-06-25 17:30:00,30.666665999999996,35.333332,28.41508,77.04353,Nischal
2018-06-25 17:45:00,32.333332,36.333332,28.41508,77.04353,Nischal
2018-06-25 18:00:00,31.333334000000004,35.666668,28.41508,77.04353,Nischal
2018-06-25 18:15:00,31.666665999999996,36.666668,28.41508,77.04353,Nischal
2018-06-25 18:30:00,34.666668,39.666668,28.41508,77.04353,Nischal
2018-06-25 18:45:00,32.666668,35.666668,28.41508,77.04353,Nischal
2018-06-25 19:00:00,30.666665999999996,35.333332,28.41508,77.04353,Nischal
2018-06-25 19:15:00,27.333334000000004,33.0,28.41508,77.04353,Nischal
2018-06-25 19:30:00,27.0,30.666665999999996,28.41508,77.04353,Nischal
2018-06-25 19:45:00,26.0,32.333332,28.41508,77.04353,Nischal
2018-06-25 20:00:00,24.666666,28.333334000000004,28.41508,77.04353,Nischal
2018-06-25 20:15:00,23.666666,29.333334000000004,28.41508,77.04353,Nischal
2018-06-25 20:30:00,18.666666,20.333334,28.41508,77.04353,Nischal
2018-06-25 20:45:00,17.666666,20.0,28.41508,77.04353,Nischal
2018-06-25 21:00:00,18.0,22.0,28.41508,77.04353,Nischal
2018-06-25 21:15:00,17.0,20.666666,28.41508,77.04353,Nischal
2018-06-25 21:30:00,16.0,17.0,28.41508,77.04353,Nischal
2018-06-25 21:45:00,14.333332999999998,17.0,28.41508,77.04353,Nischal
2018-06-25 22:00:00,13.0,14.0,28.41508,77.04353,Nischal
2018-06-25 22:15:00,12.0,12.333333,28.41508,77.04353,Nischal
2018-06-25 22:30:00,11.333333,11.666667,28.41508,77.04353,Nischal
2018-06-25 22:45:00,13.0,16.333334,28.41508,77.04353,Nischal
2018-06-25 23:00:00,13.333332999999998,14.666667000000002,28.41508,77.04353,Nischal
2018-06-25 23:15:00,15.0,16.666666,28.41508,77.04353,Nischal
2018-06-25 23:30:00,16.333334,18.0,28.41508,77.04353,Nischal
2018-06-25 23:45:00,18.333334,22.0,28.41508,77.04353,Nischal
2018-06-26 00:00:00,21.666666,26.0,28.41508,77.04353,Nischal
2018-06-26 00:15:00,18.666666,21.666666,28.41508,77.04353,Nischal
2018-06-26 00:30:00,18.666666,21.0,28.41508,77.04353,Nischal
2018-06-26 00:45:00,18.333334,19.0,28.41508,77.04353,Nischal
2018-06-26 01:00:00,20.0,22.333334,28.41508,77.04353,Nischal
2018-06-26 01:15:00,20.333334,22.666666,28.41508,77.04353,Nischal
2018-06-26 01:30:00,19.333334,21.666666,28.41508,77.04353,Nischal
2018-06-26 01:45:00,21.333334,22.666666,28.41508,77.04353,Nischal
2018-06-26 02:00:00,23.666666,26.666665999999996,28.41508,77.04353,Nischal
2018-06-26 02:15:00,27.333334000000004,32.0,28.41508,77.04353,Nischal
2018-06-26 02:30:00,31.666665999999996,36.0,28.41508,77.04353,Nischal
2018-06-26 02:45:00,32.333332,39.0,28.41508,77.04353,Nischal
2018-06-26 03:00:00,29.333334000000004,36.666668,28.41508,77.04353,Nischal
2018-06-26 03:15:00,27.0,31.0,28.41508,77.04353,Nischal
2018-06-26 03:30:00,24.666666,27.333334000000004,28.41508,77.04353,Nischal
2018-06-26 03:45:00,26.333334000000004,31.333334000000004,28.41508,77.04353,Nischal
2018-06-26 04:00:00,48.0,54.33333199999999,28.41508,77.04353,Nischal
2018-06-26 04:15:00,128.66666999999998,154.66666999999998,28.41508,77.04353,Nischal
2018-06-26 04:30:00,112.66666399999998,133.0,28.41508,77.04353,Nischal
2018-06-26 04:45:00,60.33333199999999,73.0,28.41508,77.04353,Nischal
2018-06-26 05:00:00,59.66666800000001,66.333336,28.41508,77.04353,Nischal
2018-06-26 05:15:00,53.0,60.0,28.41508,77.04353,Nischal
2018-06-26 05:30:00,51.0,61.5,28.41508,77.04353,Nischal
2018-06-26 05:45:00,49.0,59.5,28.41508,77.04353,Nischal
2018-06-26 06:00:00,37.666668,47.333332,28.41508,77.04353,Nischal
2018-06-26 06:15:00,37.0,44.0,28.41508,77.04353,Nischal
2018-06-26 06:30:00,44.333332,49.333332,28.41508,77.04353,Nischal
2018-06-26 06:45:00,63.0,78.0,28.41508,77.04353,Nischal
2018-06-26 07:00:00,51.0,60.66666800000001,28.41508,77.04353,Nischal
2018-06-26 07:15:00,41.666668,49.0,28.41508,77.04353,Nischal
2018-06-26 07:30:00,39.333332,46.333332,28.41508,77.04353,Nischal
2018-06-26 07:45:00,37.666668,45.0,28.41508,77.04353,Nischal
2018-06-26 08:00:00,36.0,41.0,28.41508,77.04353,Nischal
2018-06-26 08:15:00,32.0,39.666668,28.41508,77.04353,Nischal
2018-06-26 08:30:00,32.333332,38.0,28.41508,77.04353,Nischal
2018-06-26 08:45:00,32.0,39.333332,28.41508,77.04353,Nischal
2018-06-26 09:00:00,36.0,41.0,28.41508,77.04353,Nischal
2018-06-26 09:15:00,29.666665999999996,32.333332,28.41508,77.04353,Nischal
2018-06-26 09:30:00,27.0,31.333334000000004,28.41508,77.04353,Nischal
2018-06-26 09:45:00,26.0,30.666665999999996,28.41508,77.04353,Nischal
2018-06-26 10:00:00,33.333332,41.666668,28.41508,77.04353,Nischal
2018-06-26 10:15:00,48.0,56.33333199999999,28.41508,77.04353,Nischal
2018-06-26 10:30:00,55.0,63.33333199999999,28.41508,77.04353,Nischal
2018-06-26 10:45:00,52.0,57.66666800000001,28.41508,77.04353,Nischal
2018-06-26 11:00:00,36.333332,41.333332,28.41508,77.04353,Nischal
2018-06-26 11:15:00,36.333332,42.333332,28.41508,77.04353,Nischal
2018-06-26 11:30:00,45.5,49.5,28.41508,77.04353,Nischal
2018-06-26 11:45:00,39.666668,46.666668,28.41508,77.04353,Nischal
2018-06-26 12:00:00,46.666668,52.0,28.41508,77.04353,Nischal
2018-06-26 12:15:00,51.333332,60.66666800000001,28.41508,77.04353,Nischal
2018-06-26 12:30:00,54.33333199999999,61.33333199999999,28.41508,77.04353,Nischal
2018-06-26 12:45:00,53.33333199999999,58.66666800000001,28.41508,77.04353,Nischal
2018-06-26 13:00:00,51.0,55.33333199999999,28.41508,77.04353,Nischal
2018-06-26 13:15:00,57.33333199999999,64.666664,28.41508,77.04353,Nischal
2018-06-26 13:30:00,56.66666800000001,64.333336,28.41508,77.04353,Nischal
2018-06-26 13:45:00,57.5,66.0,28.41508,77.04353,Nischal
2018-06-26 14:00:00,53.33333199999999,58.0,28.41508,77.04353,Nischal
2018-06-26 14:15:00,56.33333199999999,62.0,28.41508,77.04353,Nischal
2018-06-26 14:30:00,53.33333199999999,61.0,28.41508,77.04353,Nischal
2018-06-26 14:45:00,53.33333199999999,58.33333199999999,28.41508,77.04353,Nischal
2018-06-26 15:00:00,55.33333199999999,60.66666800000001,28.41508,77.04353,Nischal
2018-06-26 15:15:00,61.33333199999999,69.666664,28.41508,77.04353,Nischal
2018-06-26 15:30:00,61.66666800000001,70.333336,28.41508,77.04353,Nischal
2018-06-26 15:45:00,56.33333199999999,63.0,28.41508,77.04353,Nischal
2018-06-26 16:00:00,56.33333199999999,64.666664,28.41508,77.04353,Nischal
2018-06-26 16:15:00,57.0,63.0,28.41508,77.04353,Nischal
2018-06-26 16:30:00,49.333332,55.33333199999999,28.41508,77.04353,Nischal
2018-06-26 16:45:00,49.0,56.0,28.41508,77.04353,Nischal
2018-06-26 17:00:00,47.666668,53.33333199999999,28.41508,77.04353,Nischal
2018-06-26 17:15:00,51.666668,57.0,28.41508,77.04353,Nischal
2018-06-26 17:30:00,52.66666800000001,60.33333199999999,28.41508,77.04353,Nischal
2018-06-26 17:45:00,51.333332,55.0,28.41508,77.04353,Nischal
2018-06-26 18:00:00,49.0,52.66666800000001,28.41508,77.04353,Nischal
2018-06-26 18:15:00,46.666668,50.333332,28.41508,77.04353,Nischal
2018-06-26 18:30:00,42.666668,49.666668,28.41508,77.04353,Nischal
2018-06-26 18:45:00,44.333332,49.666668,28.41508,77.04353,Nischal
2018-06-26 19:00:00,37.333332,41.333332,28.41508,77.04353,Nischal
2018-06-26 19:15:00,32.0,33.666668,28.41508,77.04353,Nischal
2018-06-26 19:30:00,31.333334000000004,33.666668,28.41508,77.04353,Nischal
2018-06-26 19:45:00,30.333334000000004,31.333334000000004,28.41508,77.04353,Nischal
2018-06-26 20:00:00,30.333334000000004,33.333332,28.41508,77.04353,Nischal
2018-06-26 20:15:00,29.0,31.333334000000004,28.41508,77.04353,Nischal
2018-06-26 20:30:00,31.0,34.333332,28.41508,77.04353,Nischal
2018-06-26 20:45:00,31.0,33.666668,28.41508,77.04353,Nischal
2018-06-26 21:00:00,33.666668,36.0,28.41508,77.04353,Nischal
2018-06-26 21:15:00,37.333332,42.666668,28.41508,77.04353,Nischal
2018-06-26 21:30:00,40.0,43.666668,28.41508,77.04353,Nischal
2018-06-26 21:45:00,46.0,50.0,28.41508,77.04353,Nischal
2018-06-26 22:00:00,49.333332,54.33333199999999,28.41508,77.04353,Nischal
2018-06-26 22:15:00,53.33333199999999,58.66666800000001,28.41508,77.04353,Nischal
2018-06-26 22:30:00,59.0,65.5,28.41508,77.04353,Nischal
2018-06-26 22:45:00,69.333336,74.333336,28.41508,77.04353,Nischal
2018-06-26 23:00:00,73.0,79.0,28.41508,77.04353,Nischal
2018-06-26 23:15:00,76.333336,83.333336,28.41508,77.04353,Nischal
2018-06-26 23:30:00,80.333336,88.333336,28.41508,77.04353,Nischal
2018-06-26 23:45:00,80.666664,88.666664,28.41508,77.04353,Nischal
2018-06-27 00:00:00,79.666664,86.666664,28.41508,77.04353,Nischal
2018-06-27 00:15:00,71.333336,79.0,28.41508,77.04353,Nischal
2018-06-27 00:30:00,67.666664,75.666664,28.41508,77.04353,Nischal
2018-06-27 00:45:00,65.666664,72.666664,28.41508,77.04353,Nischal
2018-06-27 01:00:00,64.333336,73.0,28.41508,77.04353,Nischal
2018-06-27 01:15:00,55.33333199999999,59.33333199999999,28.41508,77.04353,Nischal
2018-06-27 01:30:00,50.333332,54.66666800000001,28.41508,77.04353,Nischal
2018-06-27 01:45:00,45.0,49.333332,28.41508,77.04353,Nischal
2018-06-27 02:00:00,50.0,55.0,28.41508,77.04353,Nischal
2018-06-27 02:15:00,48.333332,54.66666800000001,28.41508,77.04353,Nischal
2018-06-27 02:30:00,55.33333199999999,61.0,28.41508,77.04353,Nischal
2018-06-27 02:45:00,63.66666800000001,69.0,28.41508,77.04353,Nischal
2018-06-27 03:00:00,69.666664,78.0,28.41508,77.04353,Nischal
2018-06-27 03:15:00,76.333336,86.333336,28.41508,77.04353,Nischal
2018-06-27 03:30:00,87.666664,97.666664,28.41508,77.04353,Nischal
2018-06-27 03:45:00,88.333336,97.333336,28.41508,77.04353,Nischal
2018-06-27 04:00:00,97.666664,109.33333600000002,28.41508,77.04353,Nischal
2018-06-27 04:15:00,105.33333600000002,119.0,28.41508,77.04353,Nischal
2018-06-27 04:30:00,99.666664,108.33333600000002,28.41508,77.04353,Nischal
2018-06-27 04:45:00,71.666664,79.0,28.41508,77.04353,Nischal
2018-06-27 05:00:00,57.0,64.0,28.41508,77.04353,Nischal
2018-06-27 05:15:00,57.5,61.5,28.41508,77.04353,Nischal
2018-06-27 05:30:00,59.0,64.5,28.41508,77.04353,Nischal
2018-06-27 05:45:00,60.33333199999999,64.666664,28.41508,77.04353,Nischal
2018-06-27 06:00:00,61.66666800000001,67.0,28.41508,77.04353,Nischal
2018-06-27 06:15:00,60.5,65.0,28.41508,77.04353,Nischal
2018-06-27 06:30:00,63.0,69.25,28.41508,77.04353,Nischal
2018-06-27 06:45:00,57.33333199999999,63.33333199999999,28.41508,77.04353,Nischal
2018-06-27 07:00:00,57.66666800000001,62.66666800000001,28.41508,77.04353,Nischal
2018-06-27 07:15:00,69.0,77.0,28.41508,77.04353,Nischal
2018-06-27 07:30:00,68.0,74.333336,28.41508,77.04353,Nischal
2018-06-27 07:45:00,74.0,78.5,28.41508,77.04353,Nischal
2018-06-27 08:00:00,67.5,74.5,28.41508,77.04353,Nischal
2018-06-27 08:15:00,54.33333199999999,58.0,28.41508,77.04353,Nischal
2018-06-27 08:30:00,47.666668,52.0,28.41508,77.04353,Nischal
2018-06-27 08:45:00,46.666668,51.333332,28.41508,77.04353,Nischal
2018-06-27 09:00:00,46.0,48.0,28.41508,77.04353,Nischal
2018-06-27 09:15:00,44.5,48.0,28.41508,77.04353,Nischal
2018-06-27 09:30:00,44.333332,48.333332,28.41508,77.04353,Nischal
2018-06-27 09:45:00,45.5,49.0,28.41508,77.04353,Nischal
2018-06-27 10:00:00,45.0,49.333332,28.41508,77.04353,Nischal
2018-06-27 10:15:00,45.0,48.666668,28.41508,77.04353,Nischal
2018-06-27 10:30:00,44.5,47.5,28.41508,77.04353,Nischal
2018-06-27 10:45:00,42.5,45.5,28.41508,77.04353,Nischal
2018-06-27 11:00:00,44.666668,49.333332,28.41508,77.04353,Nischal
2018-06-27 11:15:00,43.333332,47.0,28.41508,77.04353,Nischal
2018-06-27 11:30:00,43.333332,46.666668,28.41508,77.04353,Nischal
2018-06-27 11:45:00,43.0,46.333332,28.41508,77.04353,Nischal
2018-06-27 12:00:00,44.333332,46.666668,28.41508,77.04353,Nischal
2018-06-27 12:15:00,51.333332,55.66666800000001,28.41508,77.04353,Nischal
2018-06-27 12:30:00,52.0,59.0,28.41508,77.04353,Nischal
2018-06-27 12:45:00,56.0,62.0,28.41508,77.04353,Nischal
2018-06-27 13:00:00,62.66666800000001,70.333336,28.41508,77.04353,Nischal
2018-06-27 13:15:00,59.0,65.0,28.41508,77.04353,Nischal
2018-06-27 13:30:00,52.0,58.5,28.41508,77.04353,Nischal
2018-06-27 13:45:00,53.33333199999999,60.33333199999999,28.41508,77.04353,Nischal
2018-06-27 14:00:00,60.33333199999999,66.666664,28.41508,77.04353,Nischal
2018-06-27 14:15:00,52.66666800000001,57.33333199999999,28.41508,77.04353,Nischal
2018-06-27 14:30:00,56.33333199999999,62.0,28.41508,77.04353,Nischal
2018-06-27 14:45:00,48.666668,53.0,28.41508,77.04353,Nischal
2018-06-27 15:00:00,49.333332,53.33333199999999,28.41508,77.04353,Nischal
2018-06-27 15:15:00,51.333332,57.33333199999999,28.41508,77.04353,Nischal
2018-06-27 15:30:00,45.666668,49.666668,28.41508,77.04353,Nischal
2018-06-27 15:45:00,43.333332,46.333332,28.41508,77.04353,Nischal
2018-06-27 16:00:00,42.666668,46.0,28.41508,77.04353,Nischal
2018-06-27 16:15:00,45.333332,50.0,28.41508,77.04353,Nischal
2018-06-27 16:30:00,26.0,28.666665999999996,28.41508,77.04353,Nischal
2018-06-27 16:45:00,16.333334,18.0,28.41508,77.04353,Nischal
2018-06-27 17:00:00,14.0,16.0,28.41508,77.04353,Nischal
2018-06-27 17:15:00,15.333332999999998,17.333334,28.41508,77.04353,Nischal
2018-06-27 17:30:00,21.0,24.0,28.41508,77.04353,Nischal
2018-06-27 17:45:00,32.0,34.666668,28.41508,77.04353,Nischal
2018-06-27 18:00:00,30.0,32.666668,28.41508,77.04353,Nischal
2018-06-27 18:15:00,36.333332,40.0,28.41508,77.04353,Nischal
2018-06-27 18:30:00,31.0,32.666668,28.41508,77.04353,Nischal
2018-06-27 18:45:00,28.333334000000004,30.0,28.41508,77.04353,Nischal
2018-06-27 19:00:00,46.0,51.0,28.41508,77.04353,Nischal
2018-06-27 19:15:00,40.666668,45.0,28.41508,77.04353,Nischal
2018-06-27 19:30:00,34.666668,36.666668,28.41508,77.04353,Nischal
2018-06-27 19:45:00,27.333334000000004,30.666665999999996,28.41508,77.04353,Nischal
2018-06-27 20:00:00,17.333334,18.666666,28.41508,77.04353,Nischal
2018-06-27 20:15:00,11.333333,12.0,28.41508,77.04353,Nischal
2018-06-27 20:30:00,8.0,8.333333,28.41508,77.04353,Nischal
2018-06-27 20:45:00,10.666667,10.0,28.41508,77.04353,Nischal
2018-06-27 21:00:00,11.666667,11.666667,28.41508,77.04353,Nischal
2018-06-27 21:15:00,10.333333,10.0,28.41508,77.04353,Nischal
2018-06-27 21:30:00,9.666667,10.333333,28.41508,77.04353,Nischal
2018-06-27 21:45:00,11.333333,10.333333,28.41508,77.04353,Nischal
2018-06-27 22:00:00,11.333333,11.0,28.41508,77.04353,Nischal
2018-06-27 22:15:00,13.333332999999998,13.333332999999998,28.41508,77.04353,Nischal
2018-06-27 22:30:00,14.0,15.0,28.41508,77.04353,Nischal
2018-06-27 22:45:00,11.333333,12.333333,28.41508,77.04353,Nischal
2018-06-27 23:00:00,9.666667,10.0,28.41508,77.04353,Nischal
2018-06-27 23:15:00,9.0,9.0,28.41508,77.04353,Nischal
2018-06-27 23:30:00,8.666667,9.333333,28.41508,77.04353,Nischal
2018-06-27 23:45:00,9.666667,9.0,28.41508,77.04353,Nischal
2018-06-28 00:00:00,10.333333,10.666667,28.41508,77.04353,Nischal
2018-06-28 00:15:00,12.0,14.0,28.41508,77.04353,Nischal
2018-06-28 00:30:00,12.333333,14.666667000000002,28.41508,77.04353,Nischal
2018-06-28 00:45:00,15.0,17.0,28.41508,77.04353,Nischal
2018-06-28 01:00:00,17.333334,18.0,28.41508,77.04353,Nischal
2018-06-28 01:15:00,20.666666,23.666666,28.41508,77.04353,Nischal
2018-06-28 01:30:00,23.333334,26.333334000000004,28.41508,77.04353,Nischal
2018-06-28 01:45:00,26.666665999999996,29.666665999999996,28.41508,77.04353,Nischal
2018-06-28 02:00:00,29.333334000000004,33.0,28.41508,77.04353,Nischal
2018-06-28 02:15:00,34.666668,36.666668,28.41508,77.04353,Nischal
2018-06-28 02:30:00,39.666668,44.0,28.41508,77.04353,Nischal
2018-06-28 02:45:00,39.333332,45.333332,28.41508,77.04353,Nischal
2018-06-28 03:00:00,34.0,36.666668,28.41508,77.04353,Nischal
2018-06-28 03:15:00,29.0,31.333334000000004,28.41508,77.04353,Nischal
2018-06-28 03:30:00,27.333334000000004,29.333334000000004,28.41508,77.04353,Nischal
2018-06-28 03:45:00,30.333334000000004,33.666668,28.41508,77.04353,Nischal
2018-06-28 04:00:00,31.333334000000004,33.666668,28.41508,77.04353,Nischal
2018-06-28 04:15:00,35.0,38.0,28.41508,77.04353,Nischal
2018-06-28 04:30:00,42.333332,45.666668,28.41508,77.04353,Nischal
2018-06-28 04:45:00,46.666668,51.666668,28.41508,77.04353,Nischal
2018-06-28 05:00:00,47.666668,51.333332,28.41508,77.04353,Nischal
2018-06-28 05:15:00,46.333332,48.666668,28.41508,77.04353,Nischal
2018-06-28 05:30:00,55.66666800000001,60.33333199999999,28.41508,77.04353,Nischal
2018-06-28 05:45:00,62.0,66.0,28.41508,77.04353,Nischal
2018-06-28 06:00:00,59.0,62.33333199999999,28.41508,77.04353,Nischal
2018-06-28 06:15:00,60.0,68.333336,28.41508,77.04353,Nischal
2018-06-28 06:30:00,42.666668,45.0,28.41508,77.04353,Nischal
2018-06-28 06:45:00,39.333332,41.666668,28.41508,77.04353,Nischal
2018-06-28 07:00:00,39.666668,42.0,28.41508,77.04353,Nischal
2018-06-28 07:15:00,40.333332,43.333332,28.41508,77.04353,Nischal
2018-06-28 07:30:00,35.666668,37.333332,28.41508,77.04353,Nischal
2018-06-28 07:45:00,33.333332,36.333332,28.41508,77.04353,Nischal
2018-06-28 08:00:00,34.666668,36.0,28.41508,77.04353,Nischal
2018-06-28 08:15:00,36.0,37.0,28.41508,77.04353,Nischal
2018-06-28 08:30:00,35.0,36.333332,28.41508,77.04353,Nischal
2018-06-28 08:45:00,37.0,39.0,28.41508,77.04353,Nischal
2018-06-28 09:00:00,42.0,44.0,28.41508,77.04353,Nischal
2018-06-28 09:15:00,43.333332,47.0,28.41508,77.04353,Nischal
2018-06-28 09:30:00,43.333332,47.666668,28.41508,77.04353,Nischal
2018-06-28 09:45:00,41.333332,44.666668,28.41508,77.04353,Nischal
2018-06-28 10:00:00,36.666668,38.0,28.41508,77.04353,Nischal
2018-06-28 10:15:00,33.666668,36.333332,28.41508,77.04353,Nischal
2018-06-28 10:30:00,36.333332,38.333332,28.41508,77.04353,Nischal
2018-06-28 10:45:00,35.0,39.666668,28.41508,77.04353,Nischal
2018-06-28 11:00:00,32.333332,34.666668,28.41508,77.04353,Nischal
2018-06-28 11:15:00,32.0,34.0,28.41508,77.04353,Nischal
2018-06-28 11:30:00,30.0,32.0,28.41508,77.04353,Nischal
2018-06-28 11:45:00,29.0,31.333334000000004,28.41508,77.04353,Nischal
2018-06-28 12:00:00,31.0,32.666668,28.41508,77.04353,Nischal
2018-06-28 12:15:00,31.333334000000004,32.333332,28.41508,77.04353,Nischal
2018-06-28 12:30:00,30.666665999999996,34.0,28.41508,77.04353,Nischal
2018-06-28 12:45:00,31.333334000000004,33.666668,28.41508,77.04353,Nischal
2018-06-28 13:00:00,33.333332,35.333332,28.41508,77.04353,Nischal
2018-06-28 13:15:00,35.333332,39.0,28.41508,77.04353,Nischal
2018-06-28 13:30:00,34.666668,37.666668,28.41508,77.04353,Nischal
2018-06-28 13:45:00,35.666668,38.333332,28.41508,77.04353,Nischal
2018-06-28 14:00:00,36.666668,39.0,28.41508,77.04353,Nischal
2018-06-28 14:15:00,32.333332,34.0,28.41508,77.04353,Nischal
2018-06-28 14:30:00,29.0,30.666665999999996,28.41508,77.04353,Nischal
2018-06-28 14:45:00,28.0,29.0,28.41508,77.04353,Nischal
2018-06-28 15:00:00,27.0,29.0,28.41508,77.04353,Nischal
2018-06-28 15:15:00,25.333334,27.333334000000004,28.41508,77.04353,Nischal
2018-06-28 15:30:00,26.333334000000004,27.666665999999996,28.41508,77.04353,Nischal
2018-06-28 15:45:00,26.0,27.333334000000004,28.41508,77.04353,Nischal
2018-06-28 16:00:00,27.666665999999996,30.333334000000004,28.41508,77.04353,Nischal
2018-06-28 16:15:00,29.333334000000004,32.666668,28.41508,77.04353,Nischal
2018-06-28 16:30:00,29.666665999999996,32.0,28.41508,77.04353,Nischal
2018-06-28 16:45:00,28.333334000000004,29.333334000000004,28.41508,77.04353,Nischal
2018-06-28 17:00:00,24.666666,26.333334000000004,28.41508,77.04353,Nischal
2018-06-28 17:15:00,19.0,21.333334,28.41508,77.04353,Nischal
2018-06-28 17:30:00,15.0,15.666667000000002,28.41508,77.04353,Nischal
2018-06-28 17:45:00,15.5,17.5,28.41508,77.04353,Nischal
2018-06-28 18:00:00,17.666666,18.666666,28.41508,77.04353,Nischal
2018-06-28 18:15:00,19.0,20.333334,28.41508,77.04353,Nischal
2018-06-28 18:30:00,17.666666,18.333334,28.41508,77.04353,Nischal
2018-06-28 18:45:00,16.666666,18.333334,28.41508,77.04353,Nischal
2018-06-28 19:00:00,16.0,17.666666,28.41508,77.04353,Nischal
2018-06-28 19:15:00,18.0,20.0,28.41508,77.04353,Nischal
2018-06-28 19:30:00,19.333334,20.666666,28.41508,77.04353,Nischal
2018-06-28 19:45:00,21.0,22.333334,28.41508,77.04353,Nischal
2018-06-28 20:00:00,22.0,23.0,28.41508,77.04353,Nischal
2018-06-28 20:15:00,21.666666,22.666666,28.41508,77.04353,Nischal
2018-06-28 20:30:00,21.666666,23.666666,28.41508,77.04353,Nischal
2018-06-28 20:45:00,23.333334,26.333334000000004,28.41508,77.04353,Nischal
2018-06-28 21:00:00,23.333334,25.666666,28.41508,77.04353,Nischal
2018-06-28 21:15:00,23.333334,23.666666,28.41508,77.04353,Nischal
2018-06-28 21:30:00,24.0,27.333334000000004,28.41508,77.04353,Nischal
2018-06-28 21:45:00,22.666666,24.0,28.41508,77.04353,Nischal
2018-06-28 22:00:00,25.333334,27.0,28.41508,77.04353,Nischal
2018-06-28 22:15:00,22.666666,25.333334,28.41508,77.04353,Nischal
2018-06-28 22:30:00,23.666666,26.0,28.41508,77.04353,Nischal
2018-06-28 22:45:00,24.333334,26.666665999999996,28.41508,77.04353,Nischal
2018-06-28 23:00:00,24.666666,27.0,28.41508,77.04353,Nischal
2018-06-28 23:15:00,24.666666,27.0,28.41508,77.04353,Nischal
2018-06-28 23:30:00,24.333334,26.0,28.41508,77.04353,Nischal
2018-06-28 23:45:00,25.333334,26.333334000000004,28.41508,77.04353,Nischal
2018-06-29 00:00:00,27.666665999999996,29.333334000000004,28.41508,77.04353,Nischal
2018-06-29 00:15:00,28.333334000000004,31.333334000000004,28.41508,77.04353,Nischal
2018-06-29 00:30:00,31.0,33.333332,28.41508,77.04353,Nischal
2018-06-29 00:45:00,38.0,42.0,28.41508,77.04353,Nischal
2018-06-29 01:00:00,42.666668,45.333332,28.41508,77.04353,Nischal
2018-06-29 01:15:00,45.333332,51.333332,28.41508,77.04353,Nischal
2018-06-29 01:30:00,46.0,52.0,28.41508,77.04353,Nischal
2018-06-29 01:45:00,47.666668,51.666668,28.41508,77.04353,Nischal
2018-06-29 02:00:00,52.333332,57.33333199999999,28.41508,77.04353,Nischal
2018-06-29 02:15:00,51.0,56.33333199999999,28.41508,77.04353,Nischal
2018-06-29 02:30:00,47.0,51.333332,28.41508,77.04353,Nischal
2018-06-29 02:45:00,44.0,48.333332,28.41508,77.04353,Nischal
2018-06-29 03:00:00,43.666668,49.666668,28.41508,77.04353,Nischal
2018-06-29 03:15:00,45.666668,51.666668,28.41508,77.04353,Nischal
2018-06-29 03:30:00,43.0,47.5,28.41508,77.04353,Nischal
2018-06-29 03:45:00,46.333332,51.0,28.41508,77.04353,Nischal
2018-06-29 04:00:00,50.333332,55.0,28.41508,77.04353,Nischal
2018-06-29 04:15:00,59.33333199999999,66.666664,28.41508,77.04353,Nischal
2018-06-29 04:30:00,61.33333199999999,69.0,28.41508,77.04353,Nischal
2018-06-29 04:45:00,68.333336,77.666664,28.41508,77.04353,Nischal
2018-06-29 05:00:00,76.333336,85.666664,28.41508,77.04353,Nischal
2018-06-29 05:15:00,76.333336,83.666664,28.41508,77.04353,Nischal
2018-06-29 05:30:00,71.666664,81.333336,28.41508,77.04353,Nischal
2018-06-29 05:45:00,71.666664,77.333336,28.41508,77.04353,Nischal
2018-06-29 06:00:00,71.333336,77.666664,28.41508,77.04353,Nischal
2018-06-29 06:15:00,71.0,79.0,28.41508,77.04353,Nischal
2018-06-29 06:30:00,70.0,75.666664,28.41508,77.04353,Nischal
2018-06-29 06:45:00,69.333336,73.666664,28.41508,77.04353,Nischal
2018-06-29 07:00:00,67.666664,76.0,28.41508,77.04353,Nischal
2018-06-29 07:15:00,67.0,72.666664,28.41508,77.04353,Nischal
2018-06-29 07:30:00,65.333336,73.333336,28.41508,77.04353,Nischal
2018-06-29 07:45:00,65.0,71.0,28.41508,77.04353,Nischal
2018-06-29 08:00:00,66.0,73.333336,28.41508,77.04353,Nischal
2018-06-29 08:15:00,67.666664,73.333336,28.41508,77.04353,Nischal
2018-06-29 08:30:00,68.666664,78.0,28.41508,77.04353,Nischal
2018-06-29 08:45:00,68.0,75.666664,28.41508,77.04353,Nischal
2018-06-29 09:00:00,66.0,71.333336,28.41508,77.04353,Nischal
2018-06-29 09:15:00,59.66666800000001,65.0,28.41508,77.04353,Nischal
2018-06-29 09:30:00,57.0,63.0,28.41508,77.04353,Nischal
2018-06-29 09:45:00,52.0,55.66666800000001,28.41508,77.04353,Nischal
2018-06-29 10:00:00,50.333332,57.33333199999999,28.41508,77.04353,Nischal
2018-06-29 10:15:00,48.666668,53.33333199999999,28.41508,77.04353,Nischal
2018-06-29 10:30:00,52.333332,59.33333199999999,28.41508,77.04353,Nischal
2018-06-29 10:45:00,54.33333199999999,59.33333199999999,28.41508,77.04353,Nischal
2018-06-29 11:00:00,60.33333199999999,66.0,28.41508,77.04353,Nischal
2018-06-29 11:15:00,64.0,69.0,28.41508,77.04353,Nischal
2018-06-29 11:30:00,62.0,70.666664,28.41508,77.04353,Nischal
2018-06-29 11:45:00,58.66666800000001,62.33333199999999,28.41508,77.04353,Nischal
2018-06-29 12:00:00,51.333332,55.66666800000001,28.41508,77.04353,Nischal
2018-06-29 12:15:00,46.333332,50.0,28.41508,77.04353,Nischal
2018-06-29 12:30:00,43.333332,48.333332,28.41508,77.04353,Nischal
2018-06-29 12:45:00,44.0,47.666668,28.41508,77.04353,Nischal
2018-06-29 13:00:00,49.666668,53.0,28.41508,77.04353,Nischal
2018-06-29 13:15:00,57.0,61.0,28.41508,77.04353,Nischal
2018-06-29 13:30:00,79.0,89.0,28.41508,77.04353,Nischal
2018-06-29 13:45:00,84.666664,94.333336,28.41508,77.04353,Nischal
2018-06-29 14:00:00,83.333336,90.666664,28.41508,77.04353,Nischal
2018-06-29 14:15:00,84.0,90.666664,28.41508,77.04353,Nischal
2018-06-29 14:30:00,82.0,92.333336,28.41508,77.04353,Nischal
2018-06-29 14:45:00,82.0,93.666664,28.41508,77.04353,Nischal
2018-06-29 15:00:00,85.333336,91.666664,28.41508,77.04353,Nischal
2018-06-29 15:15:00,96.666664,107.0,28.41508,77.04353,Nischal
2018-06-29 15:30:00,105.66666399999998,119.0,28.41508,77.04353,Nischal
2018-06-29 15:45:00,73.333336,80.0,28.41508,77.04353,Nischal
2018-06-29 16:00:00,57.0,61.33333199999999,28.41508,77.04353,Nischal
2018-06-29 16:15:00,54.66666800000001,59.66666800000001,28.41508,77.04353,Nischal
2018-06-29 16:30:00,53.33333199999999,58.0,28.41508,77.04353,Nischal
2018-06-29 16:45:00,54.0,59.33333199999999,28.41508,77.04353,Nischal
2018-06-29 17:00:00,58.33333199999999,63.0,28.41508,77.04353,Nischal
2018-06-29 17:15:00,54.0,59.0,28.41508,77.04353,Nischal
2018-06-29 17:30:00,40.666668,45.333332,28.41508,77.04353,Nischal
2018-06-29 17:45:00,43.333332,45.666668,28.41508,77.04353,Nischal
2018-06-29 18:00:00,48.333332,54.66666800000001,28.41508,77.04353,Nischal
2018-06-29 18:15:00,33.0,35.0,28.41508,77.04353,Nischal
2018-06-29 18:30:00,31.666665999999996,35.0,28.41508,77.04353,Nischal
2018-06-29 18:45:00,32.333332,34.333332,28.41508,77.04353,Nischal
2018-06-29 19:00:00,34.0,35.333332,28.41508,77.04353,Nischal
2018-06-29 19:15:00,34.666668,38.0,28.41508,77.04353,Nischal
2018-06-29 19:30:00,38.666668,40.333332,28.41508,77.04353,Nischal
2018-06-29 19:45:00,49.0,56.33333199999999,28.41508,77.04353,Nischal
2018-06-29 20:00:00,580.0,749.3333,28.41508,77.04353,Nischal
2018-06-29 20:15:00,529.3333,678.3333,28.41508,77.04353,Nischal
2018-06-29 20:30:00,169.66666999999998,193.33333000000002,28.41508,77.04353,Nischal
2018-06-29 20:45:00,80.0,89.333336,28.41508,77.04353,Nischal
2018-06-29 21:00:00,71.333336,80.333336,28.41508,77.04353,Nischal
2018-06-29 21:15:00,74.0,81.333336,28.41508,77.04353,Nischal
2018-06-29 21:30:00,68.0,77.333336,28.41508,77.04353,Nischal
2018-06-29 21:45:00,66.666664,74.0,28.41508,77.04353,Nischal
2018-06-29 22:00:00,61.33333199999999,67.0,28.41508,77.04353,Nischal
2018-06-29 22:15:00,62.33333199999999,69.666664,28.41508,77.04353,Nischal
2018-06-29 22:30:00,60.0,67.666664,28.41508,77.04353,Nischal
2018-06-29 22:45:00,58.0,63.66666800000001,28.41508,77.04353,Nischal
2018-06-29 23:00:00,60.0,67.333336,28.41508,77.04353,Nischal
2018-06-29 23:15:00,61.66666800000001,69.666664,28.41508,77.04353,Nischal
2018-06-29 23:30:00,58.66666800000001,66.0,28.41508,77.04353,Nischal
2018-06-29 23:45:00,53.66666800000001,60.33333199999999,28.41508,77.04353,Nischal
2018-06-30 00:00:00,56.0,60.0,28.41508,77.04353,Nischal
2018-06-30 00:15:00,63.66666800000001,71.333336,28.41508,77.04353,Nischal
2018-06-30 00:30:00,63.0,71.0,28.41508,77.04353,Nischal
2018-06-30 00:45:00,68.333336,76.666664,28.41508,77.04353,Nischal
2018-06-30 01:00:00,67.666664,76.666664,28.41508,77.04353,Nischal
2018-06-30 01:15:00,69.0,77.0,28.41508,77.04353,Nischal
2018-06-30 01:30:00,64.0,71.0,28.41508,77.04353,Nischal
2018-06-30 01:45:00,69.666664,80.333336,28.41508,77.04353,Nischal
2018-06-30 02:00:00,67.0,77.0,28.41508,77.04353,Nischal
2018-06-30 02:15:00,63.0,72.333336,28.41508,77.04353,Nischal
2018-06-30 02:30:00,65.333336,73.333336,28.41508,77.04353,Nischal
2018-06-30 02:45:00,60.66666800000001,67.666664,28.41508,77.04353,Nischal
2018-06-30 03:00:00,59.66666800000001,67.333336,28.41508,77.04353,Nischal
2018-06-30 03:15:00,58.33333199999999,64.0,28.41508,77.04353,Nischal
2018-06-30 03:30:00,76.333336,84.333336,28.41508,77.04353,Nischal
2018-06-30 03:45:00,84.666664,98.0,28.41508,77.04353,Nischal
2018-06-30 04:00:00,73.0,81.666664,28.41508,77.04353,Nischal
2018-06-30 04:15:00,59.0,65.0,28.41508,77.04353,Nischal
2018-06-30 04:30:00,62.33333199999999,71.0,28.41508,77.04353,Nischal
2018-06-30 04:45:00,49.0,54.5,28.41508,77.04353,Nischal
2018-06-30 05:00:00,45.666668,50.333332,28.41508,77.04353,Nischal
2018-06-30 05:15:00,42.5,47.0,28.41508,77.04353,Nischal
2018-06-30 05:30:00,42.5,47.0,28.41508,77.04353,Nischal
2018-06-30 05:45:00,41.0,43.666668,28.41508,77.04353,Nischal
2018-06-30 06:00:00,46.0,49.666668,28.41508,77.04353,Nischal
2018-06-30 06:15:00,45.666668,49.0,28.41508,77.04353,Nischal
2018-06-30 06:30:00,52.66666800000001,58.66666800000001,28.41508,77.04353,Nischal
2018-06-30 06:45:00,43.333332,47.333332,28.41508,77.04353,Nischal
2018-06-30 07:00:00,40.333332,44.0,28.41508,77.04353,Nischal
2018-06-30 07:15:00,39.666668,41.333332,28.41508,77.04353,Nischal
2018-06-30 07:30:00,39.5,42.0,28.41508,77.04353,Nischal
2018-06-30 07:45:00,42.0,47.0,28.41508,77.04353,Nischal
2018-06-30 08:00:00,39.333332,41.666668,28.41508,77.04353,Nischal
2018-06-30 08:15:00,40.666668,45.333332,28.41508,77.04353,Nischal
2018-06-30 08:30:00,40.0,43.5,28.41508,77.04353,Nischal
2018-06-30 08:45:00,37.0,39.333332,28.41508,77.04353,Nischal
2018-06-30 09:00:00,37.666668,39.333332,28.41508,77.04353,Nischal
2018-06-30 09:15:00,40.333332,44.0,28.41508,77.04353,Nischal
2018-06-30 09:30:00,41.666668,44.0,28.41508,77.04353,Nischal
2018-06-30 09:45:00,43.333332,45.333332,28.41508,77.04353,Nischal
2018-06-30 10:00:00,41.0,45.333332,28.41508,77.04353,Nischal
2018-06-30 10:15:00,37.666668,42.0,28.41508,77.04353,Nischal
2018-06-30 10:30:00,34.666668,36.333332,28.41508,77.04353,Nischal
2018-06-30 10:45:00,28.0,29.666665999999996,28.41508,77.04353,Nischal
2018-06-30 11:00:00,25.5,27.0,28.41508,77.04353,Nischal
2018-06-30 11:15:00,26.666665999999996,28.333334000000004,28.41508,77.04353,Nischal
2018-06-30 11:30:00,29.333334000000004,33.666668,28.41508,77.04353,Nischal
2018-06-30 11:45:00,30.666665999999996,33.666668,28.41508,77.04353,Nischal
2018-06-30 12:00:00,32.0,33.333332,28.41508,77.04353,Nischal
2018-06-30 12:15:00,28.0,29.333334000000004,28.41508,77.04353,Nischal
2018-06-30 12:30:00,27.333334000000004,30.666665999999996,28.41508,77.04353,Nischal
2018-06-30 12:45:00,27.333334000000004,29.0,28.41508,77.04353,Nischal
2018-06-30 13:00:00,27.666665999999996,30.0,28.41508,77.04353,Nischal
2018-06-30 13:15:00,36.666668,40.333332,28.41508,77.04353,Nischal
2018-06-30 13:30:00,44.0,47.666668,28.41508,77.04353,Nischal
2018-06-30 13:45:00,43.333332,47.333332,28.41508,77.04353,Nischal
2018-06-30 14:00:00,52.0,56.33333199999999,28.41508,77.04353,Nischal
2018-06-30 14:15:00,57.33333199999999,62.33333199999999,28.41508,77.04353,Nischal
2018-06-30 14:30:00,65.333336,69.333336,28.41508,77.04353,Nischal
2018-06-30 14:45:00,76.333336,84.666664,28.41508,77.04353,Nischal
2018-06-30 15:00:00,70.333336,77.666664,28.41508,77.04353,Nischal
2018-06-30 15:15:00,66.0,70.666664,28.41508,77.04353,Nischal
2018-06-30 15:30:00,64.0,70.666664,28.41508,77.04353,Nischal
2018-06-30 15:45:00,61.66666800000001,68.333336,28.41508,77.04353,Nischal
2018-06-30 16:00:00,72.333336,85.666664,28.41508,77.04353,Nischal
2018-06-30 16:15:00,73.666664,84.0,28.41508,77.04353,Nischal
2018-06-30 16:30:00,76.333336,83.333336,28.41508,77.04353,Nischal
2018-06-30 16:45:00,72.0,80.0,28.41508,77.04353,Nischal
2018-06-30 17:00:00,74.333336,78.666664,28.41508,77.04353,Nischal
2018-06-30 17:15:00,66.333336,73.333336,28.41508,77.04353,Nischal
2018-06-30 17:30:00,59.33333199999999,63.33333199999999,28.41508,77.04353,Nischal
2018-06-30 17:45:00,55.0,60.66666800000001,28.41508,77.04353,Nischal
2018-06-30 18:00:00,56.0,61.33333199999999,28.41508,77.04353,Nischal
2018-06-30 18:15:00,63.66666800000001,70.666664,28.41508,77.04353,Nischal
2018-06-30 18:30:00,64.0,74.666664,28.41508,77.04353,Nischal
2018-06-30 18:45:00,64.333336,70.666664,28.41508,77.04353,Nischal
2018-06-30 19:00:00,70.333336,77.666664,28.41508,77.04353,Nischal
2018-06-30 19:15:00,76.0,83.333336,28.41508,77.04353,Nischal
2018-06-30 19:30:00,59.66666800000001,65.666664,28.41508,77.04353,Nischal
2018-06-30 19:45:00,50.0,52.333332,28.41508,77.04353,Nischal
2018-06-30 20:00:00,49.0,52.66666800000001,28.41508,77.04353,Nischal
2018-06-30 20:15:00,48.0,52.0,28.41508,77.04353,Nischal
2018-06-30 20:30:00,47.666668,52.66666800000001,28.41508,77.04353,Nischal
2018-06-30 20:45:00,45.0,48.333332,28.41508,77.04353,Nischal
2018-06-30 21:00:00,42.333332,45.333332,28.41508,77.04353,Nischal
2018-06-30 21:15:00,38.333332,41.333332,28.41508,77.04353,Nischal
2018-06-30 21:30:00,33.666668,36.0,28.41508,77.04353,Nischal
2018-06-30 21:45:00,28.0,28.666665999999996,28.41508,77.04353,Nischal
2018-06-30 22:00:00,24.666666,25.666666,28.41508,77.04353,Nischal
2018-06-30 22:15:00,21.333334,24.333334,28.41508,77.04353,Nischal
2018-06-30 22:30:00,20.333334,22.333334,28.41508,77.04353,Nischal
2018-06-30 22:45:00,19.0,21.0,28.41508,77.04353,Nischal
2018-06-30 23:00:00,19.333334,20.0,28.41508,77.04353,Nischal
2018-06-30 23:15:00,19.0,21.333334,28.41508,77.04353,Nischal
2018-06-30 23:30:00,18.666666,21.333334,28.41508,77.04353,Nischal
2018-06-30 23:45:00,16.666666,18.333334,28.41508,77.04353,Nischal
2018-07-01 00:00:00,17.333334,19.333334,28.41508,77.04353,Nischal
2018-07-01 00:15:00,19.333334,21.333334,28.41508,77.04353,Nischal
2018-07-01 00:30:00,20.666666,23.0,28.41508,77.04353,Nischal
2018-07-01 00:45:00,23.666666,26.333334000000004,28.41508,77.04353,Nischal
2018-07-01 01:00:00,30.666665999999996,33.666668,28.41508,77.04353,Nischal
2018-07-01 01:15:00,37.0,39.666668,28.41508,77.04353,Nischal
2018-07-01 01:30:00,38.333332,44.0,28.41508,77.04353,Nischal
2018-07-01 01:45:00,43.333332,47.333332,28.41508,77.04353,Nischal
2018-07-01 02:00:00,43.333332,47.0,28.41508,77.04353,Nischal
2018-07-01 02:15:00,40.333332,46.0,28.41508,77.04353,Nischal
2018-07-01 02:30:00,39.666668,43.333332,28.41508,77.04353,Nischal
2018-07-01 02:45:00,41.333332,46.666668,28.41508,77.04353,Nischal
2018-07-01 03:00:00,41.666668,46.333332,28.41508,77.04353,Nischal
2018-07-01 03:15:00,42.666668,46.0,28.41508,77.04353,Nischal
2018-07-01 03:30:00,43.0,48.0,28.41508,77.04353,Nischal
2018-07-01 03:45:00,42.666668,44.666668,28.41508,77.04353,Nischal
2018-07-01 04:00:00,48.666668,54.0,28.41508,77.04353,Nischal
2018-07-01 04:15:00,47.0,53.0,28.41508,77.04353,Nischal
2018-07-01 04:30:00,38.0,44.0,28.41508,77.04353,Nischal
2018-07-01 04:45:00,34.5,40.0,28.41508,77.04353,Nischal
2018-07-01 05:00:00,34.0,35.666668,28.41508,77.04353,Nischal
2018-07-01 05:15:00,37.666668,40.333332,28.41508,77.04353,Nischal
2018-07-01 05:30:00,39.666668,43.333332,28.41508,77.04353,Nischal
2018-07-01 05:45:00,51.0,58.66666800000001,28.41508,77.04353,Nischal
2018-07-01 06:00:00,79.0,88.666664,28.41508,77.04353,Nischal
2018-07-01 06:15:00,48.0,52.0,28.41508,77.04353,Nischal
2018-07-01 06:30:00,48.0,52.0,28.41508,77.04353,Nischal
2018-07-01 06:45:00,52.0,58.66666800000001,28.41508,77.04353,Nischal
2018-07-01 07:00:00,48.0,55.0,28.41508,77.04353,Nischal
2018-07-01 07:15:00,46.0,51.333332,28.41508,77.04353,Nischal
2018-07-01 07:30:00,45.333332,50.0,28.41508,77.04353,Nischal
2018-07-01 07:45:00,48.333332,53.33333199999999,28.41508,77.04353,Nischal
2018-07-01 08:00:00,42.333332,46.333332,28.41508,77.04353,Nischal
2018-07-01 08:15:00,33.0,36.333332,28.41508,77.04353,Nischal
2018-07-01 08:30:00,34.666668,38.666668,28.41508,77.04353,Nischal
2018-07-01 08:45:00,37.0,39.666668,28.41508,77.04353,Nischal
2018-07-01 09:00:00,33.0,35.0,28.41508,77.04353,Nischal
2018-07-01 09:15:00,33.666668,35.333332,28.41508,77.04353,Nischal
2018-07-01 09:30:00,36.666668,41.666668,28.41508,77.04353,Nischal
2018-07-01 09:45:00,29.666665999999996,32.0,28.41508,77.04353,Nischal
2018-07-01 10:00:00,29.666665999999996,32.666668,28.41508,77.04353,Nischal
2018-07-01 10:15:00,31.666665999999996,33.333332,28.41508,77.04353,Nischal
2018-07-01 10:30:00,31.666665999999996,33.0,28.41508,77.04353,Nischal
2018-07-01 10:45:00,23.666666,25.333334,28.41508,77.04353,Nischal
2018-07-01 11:00:00,35.666668,38.0,28.41508,77.04353,Nischal
2018-07-01 11:15:00,40.0,43.666668,28.41508,77.04353,Nischal
2018-07-01 11:30:00,35.333332,40.0,28.41508,77.04353,Nischal
2018-07-01 11:45:00,28.333334000000004,30.333334000000004,28.41508,77.04353,Nischal
2018-07-01 12:00:00,25.0,26.333334000000004,28.41508,77.04353,Nischal
2018-07-01 12:15:00,27.0,29.0,28.41508,77.04353,Nischal
2018-07-01 12:30:00,29.333334000000004,33.0,28.41508,77.04353,Nischal
2018-07-01 12:45:00,24.333334,27.333334000000004,28.41508,77.04353,Nischal
2018-07-01 13:00:00,20.333334,23.0,28.41508,77.04353,Nischal
2018-07-01 13:15:00,20.333334,23.0,28.41508,77.04353,Nischal
2018-07-01 13:30:00,22.0,23.666666,28.41508,77.04353,Nischal
2018-07-01 13:45:00,24.333334,26.666665999999996,28.41508,77.04353,Nischal
2018-07-01 14:00:00,31.333334000000004,34.333332,28.41508,77.04353,Nischal
2018-07-01 14:15:00,34.333332,37.333332,28.41508,77.04353,Nischal
2018-07-01 14:30:00,38.333332,40.666668,28.41508,77.04353,Nischal
2018-07-01 14:45:00,38.333332,40.0,28.41508,77.04353,Nischal
2018-07-01 15:00:00,41.0,46.333332,28.41508,77.04353,Nischal
2018-07-01 15:15:00,41.0,43.666668,28.41508,77.04353,Nischal
2018-07-01 15:30:00,40.333332,43.0,28.41508,77.04353,Nischal
2018-07-01 15:45:00,40.0,44.333332,28.41508,77.04353,Nischal
2018-07-01 16:00:00,38.666668,41.666668,28.41508,77.04353,Nischal
2018-07-01 16:15:00,37.333332,40.666668,28.41508,77.04353,Nischal
2018-07-01 16:30:00,36.666668,40.0,28.41508,77.04353,Nischal
2018-07-01 16:45:00,35.333332,38.666668,28.41508,77.04353,Nischal
2018-07-01 17:00:00,36.666668,41.666668,28.41508,77.04353,Nischal
2018-07-01 17:15:00,38.0,41.0,28.41508,77.04353,Nischal
2018-07-01 17:30:00,41.0,47.666668,28.41508,77.04353,Nischal
2018-07-01 17:45:00,34.666668,40.0,28.41508,77.04353,Nischal
2018-07-01 18:00:00,32.333332,36.333332,28.41508,77.04353,Nischal
2018-07-01 18:15:00,34.333332,37.666668,28.41508,77.04353,Nischal
2018-07-01 18:30:00,32.0,34.333332,28.41508,77.04353,Nischal
2018-07-01 18:45:00,32.0,35.0,28.41508,77.04353,Nischal
2018-07-01 19:00:00,30.333334000000004,34.0,28.41508,77.04353,Nischal
2018-07-01 19:15:00,30.333334000000004,32.333332,28.41508,77.04353,Nischal
2018-07-01 19:30:00,32.666668,37.666668,28.41508,77.04353,Nischal
2018-07-01 19:45:00,34.0,37.666668,28.41508,77.04353,Nischal
2018-07-01 20:00:00,35.333332,39.666668,28.41508,77.04353,Nischal
2018-07-01 20:15:00,33.666668,38.666668,28.41508,77.04353,Nischal
2018-07-01 20:30:00,37.0,40.333332,28.41508,77.04353,Nischal
2018-07-01 20:45:00,37.666668,39.333332,28.41508,77.04353,Nischal
2018-07-01 21:00:00,38.333332,41.0,28.41508,77.04353,Nischal
2018-07-01 21:15:00,36.0,39.666668,28.41508,77.04353,Nischal
2018-07-01 21:30:00,36.666668,40.666668,28.41508,77.04353,Nischal
2018-07-01 21:45:00,36.666668,39.0,28.41508,77.04353,Nischal
2018-07-01 22:00:00,39.666668,44.333332,28.41508,77.04353,Nischal
2018-07-01 22:15:00,38.333332,43.666668,28.41508,77.04353,Nischal
2018-07-01 22:30:00,38.0,40.666668,28.41508,77.04353,Nischal
2018-07-01 22:45:00,35.0,37.0,28.41508,77.04353,Nischal
2018-07-01 23:00:00,35.333332,40.666668,28.41508,77.04353,Nischal
2018-07-01 23:15:00,27.0,29.666665999999996,28.41508,77.04353,Nischal
2018-07-01 23:30:00,19.333334,21.0,28.41508,77.04353,Nischal
2018-07-01 23:45:00,53.33333199999999,60.33333199999999,28.41508,77.04353,Nischal
2018-07-02 00:00:00,307.66666000000004,360.0,28.41508,77.04353,Nischal
2018-07-02 00:15:00,85.666664,95.333336,28.41508,77.04353,Nischal
2018-07-02 00:30:00,30.666665999999996,34.0,28.41508,77.04353,Nischal
2018-07-02 00:45:00,25.666666,29.0,28.41508,77.04353,Nischal
2018-07-02 01:00:00,29.666665999999996,31.0,28.41508,77.04353,Nischal
2018-07-02 01:15:00,35.666668,40.0,28.41508,77.04353,Nischal
2018-07-02 01:30:00,38.666668,41.666668,28.41508,77.04353,Nischal
2018-07-02 01:45:00,35.0,38.333332,28.41508,77.04353,Nischal
2018-07-02 02:00:00,36.0,41.0,28.41508,77.04353,Nischal
2018-07-02 02:15:00,33.333332,37.666668,28.41508,77.04353,Nischal
2018-07-02 02:30:00,33.333332,37.333332,28.41508,77.04353,Nischal
2018-07-02 02:45:00,33.333332,38.666668,28.41508,77.04353,Nischal
2018-07-02 03:00:00,32.666668,36.666668,28.41508,77.04353,Nischal
2018-07-02 03:15:00,34.333332,37.333332,28.41508,77.04353,Nischal
2018-07-02 03:30:00,39.0,43.333332,28.41508,77.04353,Nischal
2018-07-02 03:45:00,37.0,43.0,28.41508,77.04353,Nischal
2018-07-02 04:00:00,36.0,41.666668,28.41508,77.04353,Nischal
2018-07-02 04:15:00,36.333332,41.333332,28.41508,77.04353,Nischal
2018-07-02 04:30:00,52.66666800000001,57.33333199999999,28.41508,77.04353,Nischal
2018-07-02 04:45:00,66.666664,73.333336,28.41508,77.04353,Nischal
2018-07-02 05:00:00,42.666668,49.0,28.41508,77.04353,Nischal
2018-07-02 05:15:00,36.666668,41.0,28.41508,77.04353,Nischal
2018-07-02 05:30:00,38.0,40.666668,28.41508,77.04353,Nischal
2018-07-02 05:45:00,35.0,38.666668,28.41508,77.04353,Nischal
2018-07-02 06:00:00,27.0,30.333334000000004,28.41508,77.04353,Nischal
2018-07-02 06:15:00,25.666666,29.0,28.41508,77.04353,Nischal
2018-07-02 06:30:00,25.666666,27.666665999999996,28.41508,77.04353,Nischal
2018-07-02 06:45:00,25.666666,27.333334000000004,28.41508,77.04353,Nischal
2018-07-02 07:00:00,24.333334,26.333334000000004,28.41508,77.04353,Nischal
2018-07-02 07:15:00,25.0,27.666665999999996,28.41508,77.04353,Nischal
2018-07-02 07:30:00,25.333334,28.333334000000004,28.41508,77.04353,Nischal
2018-07-02 07:45:00,25.333334,27.666665999999996,28.41508,77.04353,Nischal
2018-07-02 08:00:00,28.0,29.666665999999996,28.41508,77.04353,Nischal
2018-07-02 08:15:00,26.0,28.666665999999996,28.41508,77.04353,Nischal
2018-07-02 08:30:00,30.666665999999996,34.666668,28.41508,77.04353,Nischal
2018-07-02 08:45:00,28.5,30.25,28.41508,77.04353,Nischal
2018-07-02 09:00:00,27.666665999999996,29.333334000000004,28.41508,77.04353,Nischal
2018-07-02 09:15:00,29.333334000000004,31.333334000000004,28.41508,77.04353,Nischal
2018-07-02 09:30:00,30.0,35.0,28.41508,77.04353,Nischal
2018-07-02 09:45:00,29.0,33.666668,28.41508,77.04353,Nischal
2018-07-02 10:00:00,29.333334000000004,33.0,28.41508,77.04353,Nischal
2018-07-02 10:15:00,30.333334000000004,32.666668,28.41508,77.04353,Nischal
2018-07-02 10:30:00,31.333334000000004,35.0,28.41508,77.04353,Nischal
2018-07-02 10:45:00,30.0,33.0,28.41508,77.04353,Nischal
2018-07-02 11:00:00,30.0,32.333332,28.41508,77.04353,Nischal
2018-07-02 11:15:00,34.333332,39.0,28.41508,77.04353,Nischal
2018-07-02 11:30:00,33.333332,35.333332,28.41508,77.04353,Nischal
2018-07-02 11:45:00,31.666665999999996,34.0,28.41508,77.04353,Nischal
2018-07-02 12:00:00,33.0,37.0,28.41508,77.04353,Nischal
2018-07-02 12:15:00,28.0,31.25,28.41508,77.04353,Nischal
2018-07-02 12:30:00,26.666665999999996,28.666665999999996,28.41508,77.04353,Nischal
2018-07-02 12:45:00,29.0,33.0,28.41508,77.04353,Nischal
2018-07-02 13:00:00,33.0,34.333332,28.41508,77.04353,Nischal
2018-07-02 13:15:00,33.0,35.666668,28.41508,77.04353,Nischal
2018-07-02 13:30:00,33.666668,37.666668,28.41508,77.04353,Nischal
2018-07-02 13:45:00,34.333332,38.0,28.41508,77.04353,Nischal
2018-07-02 14:00:00,36.333332,39.333332,28.41508,77.04353,Nischal
2018-07-02 14:15:00,41.5,44.0,28.41508,77.04353,Nischal
2018-07-02 14:30:00,40.25,45.25,28.41508,77.04353,Nischal
2018-07-02 14:45:00,22.333334,24.333334,28.41508,77.04353,Nischal
2018-07-02 15:00:00,22.666666,25.666666,28.41508,77.04353,Nischal
2018-07-02 15:15:00,23.333334,25.333334,28.41508,77.04353,Nischal
2018-07-02 15:30:00,27.333334000000004,30.666665999999996,28.41508,77.04353,Nischal
2018-07-02 15:45:00,20.333334,22.666666,28.41508,77.04353,Nischal
2018-07-02 16:00:00,18.333334,20.0,28.41508,77.04353,Nischal
2018-07-02 16:15:00,12.333333,13.0,28.41508,77.04353,Nischal
2018-07-02 16:30:00,12.0,12.0,28.41508,77.04353,Nischal
2018-07-02 16:45:00,11.666667,14.0,28.41508,77.04353,Nischal
2018-07-02 17:00:00,9.333333,9.333333,28.41508,77.04353,Nischal
2018-07-02 17:15:00,8.666667,8.333333,28.41508,77.04353,Nischal
2018-07-02 17:30:00,8.333333,7.666666499999999,28.41508,77.04353,Nischal
2018-07-02 17:45:00,10.333333,10.666667,28.41508,77.04353,Nischal
2018-07-02 18:00:00,9.666667,9.666667,28.41508,77.04353,Nischal
2018-07-02 18:15:00,9.666667,9.0,28.41508,77.04353,Nischal
2018-07-02 18:30:00,6.666666499999999,6.3333335,28.41508,77.04353,Nischal
2018-07-02 18:45:00,209.66666999999998,267.33333999999996,28.41508,77.04353,Nischal
2018-07-02 19:00:00,543.3333,704.6667,28.41508,77.04353,Nischal
2018-07-02 19:15:00,151.33333000000002,188.33333000000002,28.41508,77.04353,Nischal
2018-07-02 19:30:00,41.666668,46.666668,28.41508,77.04353,Nischal
2018-07-02 19:45:00,17.333334,19.0,28.41508,77.04353,Nischal
2018-07-02 20:00:00,15.0,17.333334,28.41508,77.04353,Nischal
2018-07-02 20:15:00,14.333332999999998,15.666667000000002,28.41508,77.04353,Nischal
2018-07-02 20:30:00,14.0,14.666667000000002,28.41508,77.04353,Nischal
2018-07-02 20:45:00,16.666666,17.666666,28.41508,77.04353,Nischal
2018-07-02 21:00:00,15.666667000000002,17.0,28.41508,77.04353,Nischal
2018-07-02 21:15:00,14.333332999999998,15.666667000000002,28.41508,77.04353,Nischal
2018-07-02 21:30:00,11.666667,14.333332999999998,28.41508,77.04353,Nischal
2018-07-02 21:45:00,11.666667,11.0,28.41508,77.04353,Nischal
2018-07-02 22:00:00,10.333333,10.666667,28.41508,77.04353,Nischal
2018-07-02 22:15:00,11.333333,11.666667,28.41508,77.04353,Nischal
2018-07-02 22:30:00,11.0,10.666667,28.41508,77.04353,Nischal
2018-07-02 22:45:00,12.0,12.333333,28.41508,77.04353,Nischal
2018-07-02 23:00:00,12.0,13.0,28.41508,77.04353,Nischal
2018-07-02 23:15:00,12.333333,13.333332999999998,28.41508,77.04353,Nischal
2018-07-02 23:30:00,13.0,14.0,28.41508,77.04353,Nischal
2018-07-02 23:45:00,12.0,12.333333,28.41508,77.04353,Nischal
2018-07-03 00:00:00,14.0,14.666667000000002,28.41508,77.04353,Nischal
2018-07-03 00:15:00,12.333333,12.333333,28.41508,77.04353,Nischal
2018-07-03 00:30:00,15.0,17.666666,28.41508,77.04353,Nischal
2018-07-03 00:45:00,17.666666,19.333334,28.41508,77.04353,Nischal
2018-07-03 01:00:00,18.666666,20.333334,28.41508,77.04353,Nischal
2018-07-03 01:15:00,22.666666,25.333334,28.41508,77.04353,Nischal
2018-07-03 01:30:00,24.333334,26.0,28.41508,77.04353,Nischal
2018-07-03 01:45:00,28.0,30.333334000000004,28.41508,77.04353,Nischal
2018-07-03 02:00:00,28.666665999999996,31.666665999999996,28.41508,77.04353,Nischal
2018-07-03 02:15:00,31.666665999999996,34.333332,28.41508,77.04353,Nischal
2018-07-03 02:30:00,30.666665999999996,32.333332,28.41508,77.04353,Nischal
2018-07-03 02:45:00,31.0,32.666668,28.41508,77.04353,Nischal
2018-07-03 03:00:00,33.0,34.666668,28.41508,77.04353,Nischal
2018-07-03 03:15:00,33.333332,36.666668,28.41508,77.04353,Nischal
2018-07-03 03:30:00,37.0,41.333332,28.41508,77.04353,Nischal
2018-07-03 03:45:00,38.333332,43.333332,28.41508,77.04353,Nischal
2018-07-03 04:00:00,44.0,48.666668,28.41508,77.04353,Nischal
2018-07-03 04:15:00,52.0,59.0,28.41508,77.04353,Nischal
2018-07-03 04:30:00,52.0,55.0,28.41508,77.04353,Nischal
2018-07-03 04:45:00,51.75,56.75,28.41508,77.04353,Nischal
2018-07-03 05:00:00,54.0,63.5,28.41508,77.04353,Nischal
2018-07-03 05:15:00,53.0,58.33333199999999,28.41508,77.04353,Nischal
2018-07-03 05:30:00,44.0,45.333332,28.41508,77.04353,Nischal
2018-07-03 05:45:00,44.666668,49.333332,28.41508,77.04353,Nischal
2018-07-03 06:00:00,36.0,40.0,28.41508,77.04353,Nischal
2018-07-03 06:15:00,34.0,36.666668,28.41508,77.04353,Nischal
2018-07-03 06:30:00,33.666668,39.0,28.41508,77.04353,Nischal
2018-07-03 06:45:00,34.666668,38.666668,28.41508,77.04353,Nischal
2018-07-03 07:00:00,33.666668,36.333332,28.41508,77.04353,Nischal
2018-07-03 07:15:00,30.333334000000004,34.333332,28.41508,77.04353,Nischal
2018-07-03 07:30:00,500.66666,631.0,28.41508,77.04353,Nischal
2018-07-03 07:45:00,246.33333,294.33333999999996,28.41508,77.04353,Nischal
2018-07-03 08:00:00,112.0,130.33333000000002,28.41508,77.04353,Nischal
2018-07-03 08:15:00,56.0,63.66666800000001,28.41508,77.04353,Nischal
2018-07-03 08:30:00,63.66666800000001,68.666664,28.41508,77.04353,Nischal
2018-07-03 08:45:00,78.333336,85.0,28.41508,77.04353,Nischal
2018-07-03 09:00:00,229.0,271.66666000000004,28.41508,77.04353,Nischal
2018-07-03 09:15:00,316.75,380.25,28.41508,77.04353,Nischal
2018-07-03 09:30:00,129.0,141.0,28.41508,77.04353,Nischal
2018-07-03 09:45:00,106.66666399999998,118.0,28.41508,77.04353,Nischal
2018-07-03 10:00:00,108.66666399999998,117.0,28.41508,77.04353,Nischal
2018-07-03 10:15:00,82.0,89.666664,28.41508,77.04353,Nischal
2018-07-03 10:30:00,313.0,374.0,28.41508,77.04353,Nischal
2018-07-03 10:45:00,178.0,206.0,28.41508,77.04353,Nischal
2018-07-03 11:00:00,69.0,76.333336,28.41508,77.04353,Nischal
2018-07-03 11:15:00,55.0,61.66666800000001,28.41508,77.04353,Nischal
2018-07-03 11:30:00,53.33333199999999,57.33333199999999,28.41508,77.04353,Nischal
2018-07-03 11:45:00,51.333332,55.0,28.41508,77.04353,Nischal
2018-07-03 12:00:00,49.0,54.33333199999999,28.41508,77.04353,Nischal
2018-07-03 12:15:00,58.33333199999999,62.33333199999999,28.41508,77.04353,Nischal
2018-07-03 12:30:00,69.333336,75.666664,28.41508,77.04353,Nischal
2018-07-03 12:45:00,81.333336,92.333336,28.41508,77.04353,Nischal
2018-07-03 13:00:00,86.0,95.666664,28.41508,77.04353,Nischal
2018-07-03 13:15:00,120.0,136.33333000000002,28.41508,77.04353,Nischal
2018-07-03 13:30:00,125.33333600000002,138.66666999999998,28.41508,77.04353,Nischal
2018-07-03 13:45:00,139.66666999999998,153.66666999999998,28.41508,77.04353,Nischal
2018-07-03 14:00:00,134.5,155.0,28.41508,77.04353,Nischal
2018-07-03 14:15:00,129.0,142.33333000000002,28.41508,77.04353,Nischal
2018-07-03 14:30:00,119.33333600000002,131.33333000000002,28.41508,77.04353,Nischal
2018-07-03 14:45:00,121.0,133.66666999999998,28.41508,77.04353,Nischal
2018-07-03 15:00:00,126.33333600000002,142.0,28.41508,77.04353,Nischal
2018-07-03 15:15:00,122.33333600000002,139.0,28.41508,77.04353,Nischal
2018-07-03 15:30:00,116.0,126.66666399999998,28.41508,77.04353,Nischal
2018-07-03 15:45:00,108.66666399999998,120.0,28.41508,77.04353,Nischal
2018-07-03 16:00:00,105.33333600000002,115.33333600000002,28.41508,77.04353,Nischal
2018-07-03 16:15:00,97.333336,107.0,28.41508,77.04353,Nischal
2018-07-03 16:30:00,88.0,96.666664,28.41508,77.04353,Nischal
2018-07-03 16:45:00,82.333336,89.333336,28.41508,77.04353,Nischal
2018-07-03 17:00:00,85.333336,95.333336,28.41508,77.04353,Nischal
2018-07-03 17:15:00,62.33333199999999,68.333336,28.41508,77.04353,Nischal
2018-07-03 17:30:00,54.33333199999999,59.0,28.41508,77.04353,Nischal
2018-07-03 17:45:00,56.33333199999999,60.66666800000001,28.41508,77.04353,Nischal
2018-07-03 18:00:00,53.66666800000001,58.0,28.41508,77.04353,Nischal
2018-07-03 18:15:00,59.66666800000001,62.0,28.41508,77.04353,Nischal
2018-07-03 18:30:00,565.3333,717.3333,28.41508,77.04353,Nischal
2018-07-03 18:45:00,558.0,715.0,28.41508,77.04353,Nischal
2018-07-03 19:00:00,293.66666000000004,357.66666000000004,28.41508,77.04353,Nischal
2018-07-03 19:15:00,128.33333000000002,149.66666999999998,28.41508,77.04353,Nischal
2018-07-03 19:30:00,72.0,80.333336,28.41508,77.04353,Nischal
2018-07-03 19:45:00,48.0,53.33333199999999,28.41508,77.04353,Nischal
2018-07-03 20:00:00,41.333332,47.0,28.41508,77.04353,Nischal
2018-07-03 20:15:00,43.666668,47.666668,28.41508,77.04353,Nischal
2018-07-03 20:30:00,47.0,49.666668,28.41508,77.04353,Nischal
2018-07-03 20:45:00,48.0,51.0,28.41508,77.04353,Nischal
2018-07-03 21:00:00,46.666668,53.33333199999999,28.41508,77.04353,Nischal
2018-07-03 21:15:00,44.666668,48.666668,28.41508,77.04353,Nischal
2018-07-03 21:30:00,40.666668,43.0,28.41508,77.04353,Nischal
2018-07-03 21:45:00,38.666668,41.0,28.41508,77.04353,Nischal
2018-07-03 22:00:00,35.0,38.333332,28.41508,77.04353,Nischal
2018-07-03 22:15:00,34.333332,36.0,28.41508,77.04353,Nischal
2018-07-03 22:30:00,34.666668,37.666668,28.41508,77.04353,Nischal
2018-07-03 22:45:00,35.0,38.333332,28.41508,77.04353,Nischal
2018-07-03 23:00:00,37.333332,42.333332,28.41508,77.04353,Nischal
2018-07-03 23:15:00,34.0,36.333332,28.41508,77.04353,Nischal
2018-07-03 23:30:00,37.0,39.333332,28.41508,77.04353,Nischal
2018-07-03 23:45:00,36.0,39.666668,28.41508,77.04353,Nischal
2018-07-04 00:00:00,43.333332,46.666668,28.41508,77.04353,Nischal
2018-07-04 00:15:00,45.666668,48.666668,28.41508,77.04353,Nischal
2018-07-04 00:30:00,50.0,56.0,28.41508,77.04353,Nischal
2018-07-04 00:45:00,56.33333199999999,60.33333199999999,28.41508,77.04353,Nischal
2018-07-04 01:00:00,60.0,65.666664,28.41508,77.04353,Nischal
2018-07-04 01:15:00,61.66666800000001,67.666664,28.41508,77.04353,Nischal
2018-07-04 01:30:00,66.0,72.666664,28.41508,77.04353,Nischal
2018-07-04 01:45:00,65.333336,71.333336,28.41508,77.04353,Nischal
2018-07-04 02:00:00,66.666664,73.666664,28.41508,77.04353,Nischal
2018-07-04 02:15:00,64.333336,70.666664,28.41508,77.04353,Nischal
2018-07-04 02:30:00,65.333336,70.333336,28.41508,77.04353,Nischal
2018-07-04 02:45:00,67.333336,76.0,28.41508,77.04353,Nischal
2018-07-04 03:00:00,78.666664,87.666664,28.41508,77.04353,Nischal
2018-07-04 03:15:00,76.0,81.333336,28.41508,77.04353,Nischal
2018-07-04 03:30:00,95.0,104.666664,28.41508,77.04353,Nischal
2018-07-04 03:45:00,73.666664,83.333336,28.41508,77.04353,Nischal
2018-07-04 04:00:00,79.333336,86.0,28.41508,77.04353,Nischal
2018-07-04 04:15:00,64.0,69.666664,28.41508,77.04353,Nischal
2018-07-04 04:30:00,58.33333199999999,62.66666800000001,28.41508,77.04353,Nischal
2018-07-04 04:45:00,57.66666800000001,65.333336,28.41508,77.04353,Nischal
2018-07-04 05:00:00,50.666668,58.33333199999999,28.41508,77.04353,Nischal
2018-07-04 05:15:00,50.5,54.5,28.41508,77.04353,Nischal
2018-07-04 05:30:00,60.33333199999999,67.0,28.41508,77.04353,Nischal
2018-07-04 05:45:00,56.0,62.0,28.41508,77.04353,Nischal
2018-07-04 06:00:00,59.66666800000001,64.0,28.41508,77.04353,Nischal
2018-07-04 06:15:00,61.33333199999999,65.666664,28.41508,77.04353,Nischal
2018-07-04 06:30:00,60.66666800000001,66.333336,28.41508,77.04353,Nischal
2018-07-04 06:45:00,63.0,69.333336,28.41508,77.04353,Nischal
2018-07-04 07:00:00,64.333336,70.0,28.41508,77.04353,Nischal
2018-07-04 07:15:00,61.66666800000001,66.0,28.41508,77.04353,Nischal
2018-07-04 07:30:00,62.33333199999999,68.666664,28.41508,77.04353,Nischal
2018-07-04 07:45:00,61.33333199999999,66.666664,28.41508,77.04353,Nischal
2018-07-04 08:00:00,60.66666800000001,67.333336,28.41508,77.04353,Nischal
2018-07-04 08:15:00,59.33333199999999,64.0,28.41508,77.04353,Nischal
2018-07-04 08:30:00,59.66666800000001,68.0,28.41508,77.04353,Nischal
2018-07-04 08:45:00,58.0,62.0,28.41508,77.04353,Nischal
2018-07-04 09:00:00,59.0,63.33333199999999,28.41508,77.04353,Nischal
2018-07-04 09:15:00,58.33333199999999,65.333336,28.41508,77.04353,Nischal
2018-07-04 09:30:00,61.0,67.333336,28.41508,77.04353,Nischal
2018-07-04 09:45:00,61.0,68.5,28.41508,77.04353,Nischal
2018-07-04 10:00:00,57.33333199999999,62.33333199999999,28.41508,77.04353,Nischal
2018-07-04 10:15:00,58.66666800000001,63.0,28.41508,77.04353,Nischal
2018-07-04 10:30:00,58.66666800000001,66.0,28.41508,77.04353,Nischal
2018-07-04 10:45:00,55.33333199999999,59.66666800000001,28.41508,77.04353,Nischal
2018-07-04 11:00:00,56.66666800000001,63.0,28.41508,77.04353,Nischal
2018-07-04 11:15:00,54.33333199999999,60.33333199999999,28.41508,77.04353,Nischal
2018-07-04 11:30:00,52.333332,58.0,28.41508,77.04353,Nischal
2018-07-04 11:45:00,52.66666800000001,56.66666800000001,28.41508,77.04353,Nischal
2018-07-04 12:00:00,47.0,50.333332,28.41508,77.04353,Nischal
2018-07-04 12:15:00,48.666668,53.66666800000001,28.41508,77.04353,Nischal
2018-07-04 12:30:00,44.0,48.0,28.41508,77.04353,Nischal
2018-07-04 12:45:00,42.0,48.666668,28.41508,77.04353,Nischal
2018-07-04 13:00:00,40.333332,45.333332,28.41508,77.04353,Nischal
2018-07-04 13:15:00,40.0,43.333332,28.41508,77.04353,Nischal
2018-07-04 13:30:00,38.333332,42.666668,28.41508,77.04353,Nischal
2018-07-04 13:45:00,40.666668,45.666668,28.41508,77.04353,Nischal
2018-07-04 14:00:00,38.333332,42.333332,28.41508,77.04353,Nischal
2018-07-04 14:15:00,38.666668,46.333332,28.41508,77.04353,Nischal
2018-07-04 14:30:00,41.0,46.0,28.41508,77.04353,Nischal
2018-07-04 14:45:00,48.333332,54.33333199999999,28.41508,77.04353,Nischal
2018-07-04 15:00:00,53.66666800000001,60.33333199999999,28.41508,77.04353,Nischal
2018-07-04 15:15:00,59.66666800000001,67.0,28.41508,77.04353,Nischal
2018-07-04 15:30:00,67.0,75.333336,28.41508,77.04353,Nischal
2018-07-04 15:45:00,70.666664,79.333336,28.41508,77.04353,Nischal
2018-07-04 16:00:00,76.666664,86.666664,28.41508,77.04353,Nischal
2018-07-04 16:15:00,75.666664,84.333336,28.41508,77.04353,Nischal
2018-07-04 16:30:00,72.333336,81.333336,28.41508,77.04353,Nischal
2018-07-04 16:45:00,72.666664,78.666664,28.41508,77.04353,Nischal
2018-07-04 17:00:00,67.333336,75.666664,28.41508,77.04353,Nischal
2018-07-04 17:15:00,69.333336,76.333336,28.41508,77.04353,Nischal
2018-07-04 17:30:00,69.666664,74.333336,28.41508,77.04353,Nischal
2018-07-04 17:45:00,70.333336,76.333336,28.41508,77.04353,Nischal
2018-07-04 18:00:00,65.333336,70.333336,28.41508,77.04353,Nischal
2018-07-04 18:15:00,70.0,74.333336,28.41508,77.04353,Nischal
2018-07-04 18:30:00,65.666664,70.666664,28.41508,77.04353,Nischal
2018-07-04 18:45:00,65.666664,70.666664,28.41508,77.04353,Nischal
2018-07-04 19:00:00,64.0,68.333336,28.41508,77.04353,Nischal
2018-07-04 19:15:00,71.333336,80.333336,28.41508,77.04353,Nischal
2018-07-04 19:30:00,71.666664,77.666664,28.41508,77.04353,Nischal
2018-07-04 19:45:00,66.333336,74.666664,28.41508,77.04353,Nischal
2018-07-04 20:00:00,66.666664,74.666664,28.41508,77.04353,Nischal
2018-07-04 20:15:00,63.66666800000001,70.0,28.41508,77.04353,Nischal
2018-07-04 20:30:00,63.0,67.333336,28.41508,77.04353,Nischal
2018-07-04 20:45:00,62.66666800000001,68.0,28.41508,77.04353,Nischal
2018-07-04 21:00:00,69.0,77.333336,28.41508,77.04353,Nischal
2018-07-04 21:15:00,63.66666800000001,69.666664,28.41508,77.04353,Nischal
2018-07-04 21:30:00,80.666664,89.666664,28.41508,77.04353,Nischal
2018-07-04 21:45:00,81.0,88.666664,28.41508,77.04353,Nischal
2018-07-04 22:00:00,79.666664,86.0,28.41508,77.04353,Nischal
2018-07-04 22:15:00,72.333336,77.666664,28.41508,77.04353,Nischal
2018-07-04 22:30:00,75.333336,79.333336,28.41508,77.04353,Nischal
2018-07-04 22:45:00,75.333336,80.333336,28.41508,77.04353,Nischal
2018-07-04 23:00:00,71.666664,79.0,28.41508,77.04353,Nischal
2018-07-04 23:15:00,75.0,78.0,28.41508,77.04353,Nischal
2018-07-04 23:30:00,77.666664,86.0,28.41508,77.04353,Nischal
2018-07-04 23:45:00,76.666664,83.333336,28.41508,77.04353,Nischal
2018-07-05 00:00:00,70.666664,75.333336,28.41508,77.04353,Nischal
2018-07-05 00:15:00,68.0,74.666664,28.41508,77.04353,Nischal
2018-07-05 00:30:00,62.0,68.333336,28.41508,77.04353,Nischal
2018-07-05 00:45:00,63.33333199999999,68.0,28.41508,77.04353,Nischal
2018-07-05 01:00:00,59.66666800000001,65.0,28.41508,77.04353,Nischal
2018-07-05 01:15:00,66.0,74.0,28.41508,77.04353,Nischal
2018-07-05 01:30:00,70.0,81.0,28.41508,77.04353,Nischal
2018-07-05 01:45:00,74.0,79.0,28.41508,77.04353,Nischal
2018-07-05 02:00:00,75.0,83.0,28.41508,77.04353,Nischal
2018-07-05 02:15:00,71.0,78.666664,28.41508,77.04353,Nischal
2018-07-05 02:30:00,72.666664,79.0,28.41508,77.04353,Nischal
2018-07-05 02:45:00,70.333336,77.666664,28.41508,77.04353,Nischal
2018-07-05 03:00:00,69.333336,76.666664,28.41508,77.04353,Nischal
2018-07-05 03:15:00,68.0,74.666664,28.41508,77.04353,Nischal
2018-07-05 03:30:00,61.33333199999999,69.333336,28.41508,77.04353,Nischal
2018-07-05 03:45:00,66.666664,75.333336,28.41508,77.04353,Nischal
2018-07-05 04:00:00,75.0,82.333336,28.41508,77.04353,Nischal
2018-07-05 04:15:00,,,28.41508,77.04353,Nischal
2018-07-05 04:30:00,,,28.41508,77.04353,Nischal
2018-07-05 04:45:00,163.0,192.0,28.41508,77.04353,Nischal
2018-07-05 05:00:00,123.0,140.0,28.41508,77.04353,Nischal
2018-07-05 05:15:00,81.333336,95.666664,28.41508,77.04353,Nischal
2018-07-05 05:30:00,69.333336,77.333336,28.41508,77.04353,Nischal
2018-07-05 05:45:00,62.0,70.0,28.41508,77.04353,Nischal
2018-07-05 06:00:00,55.0,58.66666800000001,28.41508,77.04353,Nischal
2018-07-05 06:15:00,55.0,59.66666800000001,28.41508,77.04353,Nischal
2018-07-05 06:30:00,63.33333199999999,68.333336,28.41508,77.04353,Nischal
2018-07-05 06:45:00,59.33333199999999,65.333336,28.41508,77.04353,Nischal
2018-07-05 07:00:00,55.33333199999999,61.66666800000001,28.41508,77.04353,Nischal
2018-07-05 07:15:00,60.33333199999999,68.333336,28.41508,77.04353,Nischal
2018-07-05 07:30:00,60.0,64.333336,28.41508,77.04353,Nischal
2018-07-05 07:45:00,59.66666800000001,65.0,28.41508,77.04353,Nischal
2018-07-05 08:00:00,58.0,64.666664,28.41508,77.04353,Nischal
2018-07-05 08:15:00,54.5,61.0,28.41508,77.04353,Nischal
2018-07-05 08:30:00,59.0,65.0,28.41508,77.04353,Nischal
2018-07-05 08:45:00,53.66666800000001,61.0,28.41508,77.04353,Nischal
2018-07-05 09:00:00,53.66666800000001,60.66666800000001,28.41508,77.04353,Nischal
2018-07-05 09:15:00,49.666668,59.66666800000001,28.41508,77.04353,Nischal
2018-07-05 09:30:00,26.333334000000004,32.0,28.41508,77.04353,Nischal
2018-07-05 09:45:00,28.5,32.0,28.41508,77.04353,Nischal
2018-07-05 10:00:00,26.666665999999996,32.333332,28.41508,77.04353,Nischal
2018-07-05 10:15:00,26.333334000000004,28.333334000000004,28.41508,77.04353,Nischal
2018-07-05 10:30:00,26.666665999999996,31.333334000000004,28.41508,77.04353,Nischal
2018-07-05 10:45:00,23.666666,28.666665999999996,28.41508,77.04353,Nischal
2018-07-05 11:00:00,24.666666,28.333334000000004,28.41508,77.04353,Nischal
2018-07-05 11:15:00,25.0,29.666665999999996,28.41508,77.04353,Nischal
2018-07-05 11:30:00,27.333334000000004,31.333334000000004,28.41508,77.04353,Nischal
2018-07-05 11:45:00,27.0,30.666665999999996,28.41508,77.04353,Nischal
2018-07-05 12:00:00,28.0,32.333332,28.41508,77.04353,Nischal
2018-07-05 12:15:00,28.0,31.333334000000004,28.41508,77.04353,Nischal
2018-07-05 12:30:00,30.0,33.0,28.41508,77.04353,Nischal
2018-07-05 12:45:00,30.333334000000004,33.666668,28.41508,77.04353,Nischal
2018-07-05 13:00:00,30.666665999999996,36.333332,28.41508,77.04353,Nischal
2018-07-05 13:15:00,31.333334000000004,34.0,28.41508,77.04353,Nischal
2018-07-05 13:30:00,30.666665999999996,33.666668,28.41508,77.04353,Nischal
2018-07-05 13:45:00,32.666668,35.0,28.41508,77.04353,Nischal
2018-07-05 14:00:00,43.0,50.0,28.41508,77.04353,Nischal
2018-07-05 14:15:00,373.5,464.5,28.41508,77.04353,Nischal
2018-07-05 14:30:00,433.0,531.0,28.41508,77.04353,Nischal
2018-07-05 14:45:00,490.66666,627.6667,28.41508,77.04353,Nischal
2018-07-05 15:00:00,431.66666,540.3333,28.41508,77.04353,Nischal
2018-07-05 15:15:00,274.33333999999996,330.0,28.41508,77.04353,Nischal
2018-07-05 15:30:00,229.33333,269.0,28.41508,77.04353,Nischal
2018-07-05 15:45:00,151.66666999999998,177.33333000000002,28.41508,77.04353,Nischal
2018-07-05 16:00:00,105.0,121.33333600000002,28.41508,77.04353,Nischal
2018-07-05 16:15:00,50.0,58.0,28.41508,77.04353,Nischal
2018-07-05 16:30:00,50.0,55.0,28.41508,77.04353,Nischal
2018-07-05 16:45:00,47.666668,53.0,28.41508,77.04353,Nischal
2018-07-05 17:00:00,41.333332,45.0,28.41508,77.04353,Nischal
2018-07-05 17:15:00,41.333332,45.333332,28.41508,77.04353,Nischal
2018-07-05 17:30:00,37.0,42.666668,28.41508,77.04353,Nischal
2018-07-05 17:45:00,288.66666000000004,363.0,28.41508,77.04353,Nischal
2018-07-05 18:00:00,622.0,791.3333,28.41508,77.04353,Nischal
2018-07-05 18:15:00,369.66666000000004,454.33334,28.41508,77.04353,Nischal
2018-07-05 18:30:00,174.66666999999998,203.33333000000002,28.41508,77.04353,Nischal
2018-07-05 18:45:00,96.666664,109.0,28.41508,77.04353,Nischal
2018-07-05 19:00:00,144.33333000000002,165.66666999999998,28.41508,77.04353,Nischal
2018-07-05 19:15:00,387.0,469.33334,28.41508,77.04353,Nischal
2018-07-05 19:30:00,133.66666999999998,151.33333000000002,28.41508,77.04353,Nischal
2018-07-05 19:45:00,64.0,76.333336,28.41508,77.04353,Nischal
2018-07-05 20:00:00,51.333332,59.66666800000001,28.41508,77.04353,Nischal
2018-07-05 20:15:00,54.66666800000001,61.66666800000001,28.41508,77.04353,Nischal
2018-07-05 20:30:00,60.0,68.333336,28.41508,77.04353,Nischal
2018-07-05 20:45:00,61.33333199999999,68.666664,28.41508,77.04353,Nischal
2018-07-05 21:00:00,65.0,72.333336,28.41508,77.04353,Nischal
2018-07-05 21:15:00,65.666664,74.333336,28.41508,77.04353,Nischal
2018-07-05 21:30:00,56.0,64.0,28.41508,77.04353,Nischal
2018-07-05 21:45:00,52.66666800000001,58.66666800000001,28.41508,77.04353,Nischal
2018-07-05 22:00:00,50.333332,56.0,28.41508,77.04353,Nischal
2018-07-05 22:15:00,51.666668,60.66666800000001,28.41508,77.04353,Nischal
2018-07-05 22:30:00,52.0,59.0,28.41508,77.04353,Nischal
2018-07-05 22:45:00,53.66666800000001,59.0,28.41508,77.04353,Nischal
2018-07-05 23:00:00,52.0,57.33333199999999,28.41508,77.04353,Nischal
2018-07-05 23:15:00,54.33333199999999,62.0,28.41508,77.04353,Nischal
2018-07-05 23:30:00,58.66666800000001,69.333336,28.41508,77.04353,Nischal
2018-07-05 23:45:00,63.33333199999999,70.0,28.41508,77.04353,Nischal
2018-07-06 00:00:00,67.0,74.0,28.41508,77.04353,Nischal
2018-07-06 00:15:00,67.333336,73.666664,28.41508,77.04353,Nischal
2018-07-06 00:30:00,77.666664,88.0,28.41508,77.04353,Nischal
2018-07-06 00:45:00,92.0,101.333336,28.41508,77.04353,Nischal
2018-07-06 01:00:00,117.33333600000002,136.33333000000002,28.41508,77.04353,Nischal
2018-07-06 01:15:00,137.33333000000002,154.33333000000002,28.41508,77.04353,Nischal
2018-07-06 01:30:00,142.66666999999998,165.0,28.41508,77.04353,Nischal
2018-07-06 01:45:00,133.0,153.33333000000002,28.41508,77.04353,Nischal
2018-07-06 02:00:00,161.33333000000002,189.0,28.41508,77.04353,Nischal
2018-07-06 02:15:00,146.66666999999998,171.0,28.41508,77.04353,Nischal
2018-07-06 02:30:00,124.0,146.66666999999998,28.41508,77.04353,Nischal
2018-07-06 02:45:00,105.0,117.66666399999998,28.41508,77.04353,Nischal
2018-07-06 03:00:00,90.333336,101.666664,28.41508,77.04353,Nischal
2018-07-06 03:15:00,88.333336,100.333336,28.41508,77.04353,Nischal
2018-07-06 03:30:00,79.0,91.333336,28.41508,77.04353,Nischal
2018-07-06 03:45:00,67.5,74.0,28.41508,77.04353,Nischal
2018-07-06 04:00:00,61.0,68.0,28.41508,77.04353,Nischal
2018-07-06 04:15:00,62.0,71.0,28.41508,77.04353,Nischal
2018-07-06 04:30:00,74.333336,83.333336,28.41508,77.04353,Nischal
2018-07-06 04:45:00,88.666664,98.0,28.41508,77.04353,Nischal
2018-07-06 05:00:00,69.666664,78.666664,28.41508,77.04353,Nischal
2018-07-06 05:15:00,54.33333199999999,61.33333199999999,28.41508,77.04353,Nischal
2018-07-06 05:30:00,43.666668,49.333332,28.41508,77.04353,Nischal
2018-07-06 05:45:00,38.0,43.333332,28.41508,77.04353,Nischal
2018-07-06 06:00:00,33.333332,38.666668,28.41508,77.04353,Nischal
2018-07-06 06:15:00,35.666668,42.666668,28.41508,77.04353,Nischal
2018-07-06 06:30:00,30.333334000000004,35.666668,28.41508,77.04353,Nischal
2018-07-06 06:45:00,162.33333000000002,189.33333000000002,28.41508,77.04353,Nischal
2018-07-06 07:00:00,399.66666000000004,489.0,28.41508,77.04353,Nischal
2018-07-06 07:15:00,92.333336,105.33333600000002,28.41508,77.04353,Nischal
2018-07-06 07:30:00,47.333332,51.0,28.41508,77.04353,Nischal
2018-07-06 07:45:00,34.666668,40.666668,28.41508,77.04353,Nischal
2018-07-06 08:00:00,30.333334000000004,34.333332,28.41508,77.04353,Nischal
2018-07-06 08:15:00,31.666665999999996,34.666668,28.41508,77.04353,Nischal
2018-07-06 08:30:00,31.333334000000004,36.666668,28.41508,77.04353,Nischal
2018-07-06 08:45:00,34.333332,38.333332,28.41508,77.04353,Nischal
2018-07-06 09:00:00,34.5,38.0,28.41508,77.04353,Nischal
2018-07-06 09:15:00,48.666668,52.66666800000001,28.41508,77.04353,Nischal
2018-07-06 09:30:00,45.333332,50.0,28.41508,77.04353,Nischal
2018-07-06 09:45:00,47.0,51.0,28.41508,77.04353,Nischal
2018-07-06 10:00:00,48.0,54.0,28.41508,77.04353,Nischal
2018-07-06 10:15:00,46.0,50.0,28.41508,77.04353,Nischal
2018-07-06 10:30:00,35.0,37.0,28.41508,77.04353,Nischal
2018-07-06 10:45:00,36.333332,44.0,28.41508,77.04353,Nischal
2018-07-06 11:00:00,35.0,39.333332,28.41508,77.04353,Nischal
2018-07-06 11:15:00,37.333332,42.333332,28.41508,77.04353,Nischal
2018-07-06 11:30:00,35.0,38.666668,28.41508,77.04353,Nischal
2018-07-06 11:45:00,35.333332,38.666668,28.41508,77.04353,Nischal
2018-07-06 12:00:00,383.0,497.33334,28.41508,77.04353,Nischal
2018-07-06 12:15:00,58.66666800000001,67.666664,28.41508,77.04353,Nischal
2018-07-06 12:30:00,48.0,52.66666800000001,28.41508,77.04353,Nischal
2018-07-06 12:45:00,47.333332,55.0,28.41508,77.04353,Nischal
2018-07-06 13:00:00,47.666668,54.0,28.41508,77.04353,Nischal
2018-07-06 13:15:00,49.333332,55.0,28.41508,77.04353,Nischal
2018-07-06 13:30:00,55.33333199999999,63.33333199999999,28.41508,77.04353,Nischal
2018-07-06 13:45:00,55.0,62.0,28.41508,77.04353,Nischal
2018-07-06 14:00:00,54.66666800000001,65.0,28.41508,77.04353,Nischal
2018-07-06 14:15:00,57.33333199999999,67.333336,28.41508,77.04353,Nischal
2018-07-06 14:30:00,50.666668,57.33333199999999,28.41508,77.04353,Nischal
2018-07-06 14:45:00,58.33333199999999,66.0,28.41508,77.04353,Nischal
2018-07-06 15:00:00,55.33333199999999,63.0,28.41508,77.04353,Nischal
2018-07-06 15:15:00,53.33333199999999,59.66666800000001,28.41508,77.04353,Nischal
2018-07-06 15:30:00,59.33333199999999,66.333336,28.41508,77.04353,Nischal
2018-07-06 15:45:00,59.33333199999999,65.666664,28.41508,77.04353,Nischal
2018-07-06 16:00:00,62.66666800000001,72.333336,28.41508,77.04353,Nischal
2018-07-06 16:15:00,61.66666800000001,71.333336,28.41508,77.04353,Nischal
2018-07-06 16:30:00,65.666664,79.333336,28.41508,77.04353,Nischal
2018-07-06 16:45:00,69.333336,78.666664,28.41508,77.04353,Nischal
2018-07-06 17:00:00,75.333336,87.333336,28.41508,77.04353,Nischal
2018-07-06 17:15:00,90.666664,105.33333600000002,28.41508,77.04353,Nischal
2018-07-06 17:30:00,92.333336,110.0,28.41508,77.04353,Nischal
2018-07-06 17:45:00,81.666664,89.666664,28.41508,77.04353,Nischal
2018-07-06 18:00:00,75.0,85.666664,28.41508,77.04353,Nischal
2018-07-06 18:15:00,74.666664,84.333336,28.41508,77.04353,Nischal
2018-07-06 18:30:00,76.0,85.0,28.41508,77.04353,Nischal
2018-07-06 18:45:00,77.333336,86.666664,28.41508,77.04353,Nischal
2018-07-06 19:00:00,75.666664,84.0,28.41508,77.04353,Nischal
2018-07-06 19:15:00,78.333336,89.333336,28.41508,77.04353,Nischal
2018-07-06 19:30:00,77.333336,90.0,28.41508,77.04353,Nischal
2018-07-06 19:45:00,79.0,88.666664,28.41508,77.04353,Nischal
2018-07-06 20:00:00,78.0,89.0,28.41508,77.04353,Nischal
2018-07-06 20:15:00,78.666664,89.0,28.41508,77.04353,Nischal
2018-07-06 20:30:00,77.666664,85.0,28.41508,77.04353,Nischal
2018-07-06 20:45:00,78.333336,85.666664,28.41508,77.04353,Nischal
2018-07-06 21:00:00,78.333336,87.666664,28.41508,77.04353,Nischal
2018-07-06 21:15:00,79.333336,86.666664,28.41508,77.04353,Nischal
2018-07-06 21:30:00,80.0,89.666664,28.41508,77.04353,Nischal
2018-07-06 21:45:00,77.0,87.333336,28.41508,77.04353,Nischal
2018-07-06 22:00:00,78.666664,87.0,28.41508,77.04353,Nischal
2018-07-06 22:15:00,78.666664,88.333336,28.41508,77.04353,Nischal
2018-07-06 22:30:00,80.666664,89.333336,28.41508,77.04353,Nischal
2018-07-06 22:45:00,82.0,91.333336,28.41508,77.04353,Nischal
2018-07-06 23:00:00,79.333336,89.666664,28.41508,77.04353,Nischal
2018-07-06 23:15:00,85.333336,96.333336,28.41508,77.04353,Nischal
2018-07-06 23:30:00,80.333336,89.0,28.41508,77.04353,Nischal
2018-07-06 23:45:00,89.333336,102.0,28.41508,77.04353,Nischal
2018-07-07 00:00:00,108.33333600000002,121.33333600000002,28.41508,77.04353,Nischal
2018-07-07 00:15:00,113.33333600000002,125.66666399999998,28.41508,77.04353,Nischal
2018-07-07 00:30:00,114.0,132.66666999999998,28.41508,77.04353,Nischal
2018-07-07 00:45:00,123.66666399999998,137.33333000000002,28.41508,77.04353,Nischal
2018-07-07 01:00:00,137.0,156.66666999999998,28.41508,77.04353,Nischal
2018-07-07 01:15:00,164.33333000000002,196.33333000000002,28.41508,77.04353,Nischal
2018-07-07 01:30:00,171.33333000000002,195.0,28.41508,77.04353,Nischal
2018-07-07 01:45:00,162.33333000000002,185.33333000000002,28.41508,77.04353,Nischal
2018-07-07 02:00:00,146.0,162.0,28.41508,77.04353,Nischal
2018-07-07 02:15:00,155.33333000000002,174.33333000000002,28.41508,77.04353,Nischal
2018-07-07 02:30:00,254.33333,296.33333999999996,28.41508,77.04353,Nischal
2018-07-07 02:45:00,143.66666999999998,159.66666999999998,28.41508,77.04353,Nischal
2018-07-07 03:00:00,105.33333600000002,118.66666399999998,28.41508,77.04353,Nischal
2018-07-07 03:15:00,96.333336,104.666664,28.41508,77.04353,Nischal
2018-07-07 03:30:00,92.666664,106.33333600000002,28.41508,77.04353,Nischal
2018-07-07 03:45:00,94.333336,104.333336,28.41508,77.04353,Nischal
2018-07-07 04:00:00,83.666664,97.0,28.41508,77.04353,Nischal
2018-07-07 04:15:00,76.333336,83.0,28.41508,77.04353,Nischal
2018-07-07 04:30:00,76.666664,86.333336,28.41508,77.04353,Nischal
2018-07-07 04:45:00,79.333336,86.0,28.41508,77.04353,Nischal
2018-07-07 05:00:00,78.0,87.0,28.41508,77.04353,Nischal
2018-07-07 05:15:00,71.0,77.333336,28.41508,77.04353,Nischal
2018-07-07 05:30:00,66.5,72.0,28.41508,77.04353,Nischal
2018-07-07 05:45:00,65.666664,70.666664,28.41508,77.04353,Nischal
2018-07-07 06:00:00,65.5,72.5,28.41508,77.04353,Nischal
2018-07-07 06:15:00,62.0,68.0,28.41508,77.04353,Nischal
2018-07-07 06:30:00,59.0,65.5,28.41508,77.04353,Nischal
2018-07-07 06:45:00,58.33333199999999,64.333336,28.41508,77.04353,Nischal
2018-07-07 07:00:00,61.0,67.333336,28.41508,77.04353,Nischal
2018-07-07 07:15:00,60.0,65.666664,28.41508,77.04353,Nischal
2018-07-07 07:30:00,60.0,67.333336,28.41508,77.04353,Nischal
2018-07-07 07:45:00,55.0,59.66666800000001,28.41508,77.04353,Nischal
2018-07-07 08:00:00,49.333332,55.0,28.41508,77.04353,Nischal
2018-07-07 08:15:00,47.666668,52.333332,28.41508,77.04353,Nischal
2018-07-07 08:30:00,501.0,613.6667,28.41508,77.04353,Nischal
2018-07-07 08:45:00,164.66666999999998,192.66666999999998,28.41508,77.04353,Nischal
2018-07-07 09:00:00,64.0,75.333336,28.41508,77.04353,Nischal
2018-07-07 09:15:00,55.33333199999999,61.66666800000001,28.41508,77.04353,Nischal
2018-07-07 09:30:00,59.33333199999999,70.0,28.41508,77.04353,Nischal
2018-07-07 09:45:00,57.66666800000001,64.666664,28.41508,77.04353,Nischal
2018-07-07 10:00:00,53.66666800000001,62.66666800000001,28.41508,77.04353,Nischal
2018-07-07 10:15:00,53.66666800000001,61.66666800000001,28.41508,77.04353,Nischal
2018-07-07 10:30:00,54.66666800000001,64.333336,28.41508,77.04353,Nischal
2018-07-07 10:45:00,51.333332,60.33333199999999,28.41508,77.04353,Nischal
2018-07-07 11:00:00,54.5,62.0,28.41508,77.04353,Nischal
2018-07-07 11:15:00,57.0,65.333336,28.41508,77.04353,Nischal
2018-07-07 11:30:00,108.0,122.0,28.41508,77.04353,Nischal
2018-07-07 11:45:00,68.5,77.5,28.41508,77.04353,Nischal
2018-07-07 12:00:00,60.0,67.0,28.41508,77.04353,Nischal
2018-07-07 12:15:00,58.5,68.5,28.41508,77.04353,Nischal
2018-07-07 12:30:00,58.0,67.0,28.41508,77.04353,Nischal
2018-07-07 12:45:00,58.0,67.0,28.41508,77.04353,Nischal
2018-07-07 13:00:00,57.0,69.0,28.41508,77.04353,Nischal
2018-07-07 13:15:00,56.66666800000001,62.33333199999999,28.41508,77.04353,Nischal
2018-07-07 13:30:00,58.33333199999999,66.333336,28.41508,77.04353,Nischal
2018-07-07 13:45:00,52.0,56.33333199999999,28.41508,77.04353,Nischal
2018-07-07 14:00:00,57.66666800000001,65.666664,28.41508,77.04353,Nischal
2018-07-07 14:15:00,54.66666800000001,61.33333199999999,28.41508,77.04353,Nischal
2018-07-07 14:30:00,55.66666800000001,61.33333199999999,28.41508,77.04353,Nischal
2018-07-07 14:45:00,57.33333199999999,65.0,28.41508,77.04353,Nischal
2018-07-07 15:00:00,56.0,65.333336,28.41508,77.04353,Nischal
2018-07-07 15:15:00,57.0,63.33333199999999,28.41508,77.04353,Nischal
2018-07-07 15:30:00,56.66666800000001,61.0,28.41508,77.04353,Nischal
2018-07-07 15:45:00,56.33333199999999,63.66666800000001,28.41508,77.04353,Nischal
2018-07-07 16:00:00,55.33333199999999,60.0,28.41508,77.04353,Nischal
2018-07-07 16:15:00,56.0,63.66666800000001,28.41508,77.04353,Nischal
2018-07-07 16:30:00,59.0,67.666664,28.41508,77.04353,Nischal
2018-07-07 16:45:00,54.0,58.33333199999999,28.41508,77.04353,Nischal
2018-07-07 17:00:00,54.33333199999999,61.0,28.41508,77.04353,Nischal
2018-07-07 17:15:00,54.66666800000001,63.33333199999999,28.41508,77.04353,Nischal
2018-07-07 17:30:00,56.33333199999999,64.666664,28.41508,77.04353,Nischal
2018-07-07 17:45:00,55.0,63.66666800000001,28.41508,77.04353,Nischal
2018-07-07 18:00:00,58.33333199999999,65.666664,28.41508,77.04353,Nischal
2018-07-07 18:15:00,57.66666800000001,64.666664,28.41508,77.04353,Nischal
2018-07-07 18:30:00,86.666664,96.0,28.41508,77.04353,Nischal
2018-07-07 18:45:00,262.0,301.66666000000004,28.41508,77.04353,Nischal
2018-07-07 19:00:00,67.333336,74.666664,28.41508,77.04353,Nischal
2018-07-07 19:15:00,43.666668,48.333332,28.41508,77.04353,Nischal
2018-07-07 19:30:00,40.333332,43.666668,28.41508,77.04353,Nischal
2018-07-07 19:45:00,43.666668,48.0,28.41508,77.04353,Nischal
2018-07-07 20:00:00,46.333332,53.66666800000001,28.41508,77.04353,Nischal
2018-07-07 20:15:00,52.0,56.0,28.41508,77.04353,Nischal
2018-07-07 20:30:00,561.3333,704.6667,28.41508,77.04353,Nischal
2018-07-07 20:45:00,399.0,476.0,28.41508,77.04353,Nischal
2018-07-07 21:00:00,196.66666999999998,230.0,28.41508,77.04353,Nischal
2018-07-07 21:15:00,110.33333600000002,123.0,28.41508,77.04353,Nischal
2018-07-07 21:30:00,77.333336,87.0,28.41508,77.04353,Nischal
2018-07-07 21:45:00,66.333336,73.0,28.41508,77.04353,Nischal
2018-07-07 22:00:00,60.33333199999999,62.66666800000001,28.41508,77.04353,Nischal
2018-07-07 22:15:00,58.0,65.333336,28.41508,77.04353,Nischal
2018-07-07 22:30:00,59.66666800000001,65.333336,28.41508,77.04353,Nischal
2018-07-07 22:45:00,64.0,71.333336,28.41508,77.04353,Nischal
2018-07-07 23:00:00,63.0,69.333336,28.41508,77.04353,Nischal
2018-07-07 23:15:00,65.0,68.666664,28.41508,77.04353,Nischal
2018-07-07 23:30:00,63.33333199999999,68.333336,28.41508,77.04353,Nischal
2018-07-07 23:45:00,63.0,69.666664,28.41508,77.04353,Nischal
2018-07-08 00:00:00,66.0,69.666664,28.41508,77.04353,Nischal
2018-07-08 00:15:00,67.666664,73.0,28.41508,77.04353,Nischal
2018-07-08 00:30:00,69.333336,76.333336,28.41508,77.04353,Nischal
2018-07-08 00:45:00,75.0,82.0,28.41508,77.04353,Nischal
2018-07-08 01:00:00,76.666664,82.0,28.41508,77.04353,Nischal
2018-07-08 01:15:00,79.666664,85.333336,28.41508,77.04353,Nischal
2018-07-08 01:30:00,92.333336,102.0,28.41508,77.04353,Nischal
2018-07-08 01:45:00,107.66666399999998,116.33333600000002,28.41508,77.04353,Nischal
2018-07-08 02:00:00,106.0,114.66666399999998,28.41508,77.04353,Nischal
2018-07-08 02:15:00,99.666664,108.0,28.41508,77.04353,Nischal
2018-07-08 02:30:00,92.666664,99.0,28.41508,77.04353,Nischal
2018-07-08 02:45:00,88.0,96.666664,28.41508,77.04353,Nischal
2018-07-08 03:00:00,88.333336,99.0,28.41508,77.04353,Nischal
2018-07-08 03:15:00,90.666664,99.0,28.41508,77.04353,Nischal
2018-07-08 03:30:00,86.5,93.5,28.41508,77.04353,Nischal
2018-07-08 03:45:00,87.0,95.333336,28.41508,77.04353,Nischal
2018-07-08 04:00:00,88.333336,95.666664,28.41508,77.04353,Nischal
2018-07-08 04:15:00,84.333336,94.0,28.41508,77.04353,Nischal
2018-07-08 04:30:00,84.0,91.0,28.41508,77.04353,Nischal
2018-07-08 04:45:00,94.0,105.33333600000002,28.41508,77.04353,Nischal
2018-07-08 05:00:00,98.0,108.33333600000002,28.41508,77.04353,Nischal
2018-07-08 05:15:00,86.333336,97.0,28.41508,77.04353,Nischal
2018-07-08 05:30:00,84.0,93.333336,28.41508,77.04353,Nischal
2018-07-08 05:45:00,79.333336,88.0,28.41508,77.04353,Nischal
2018-07-08 06:00:00,71.333336,80.333336,28.41508,77.04353,Nischal
2018-07-08 06:15:00,54.0,59.0,28.41508,77.04353,Nischal
2018-07-08 06:30:00,54.33333199999999,61.0,28.41508,77.04353,Nischal
2018-07-08 06:45:00,51.333332,57.66666800000001,28.41508,77.04353,Nischal
2018-07-08 07:00:00,51.666668,55.66666800000001,28.41508,77.04353,Nischal
2018-07-08 07:15:00,50.0,55.66666800000001,28.41508,77.04353,Nischal
2018-07-08 07:30:00,48.333332,55.0,28.41508,77.04353,Nischal
2018-07-08 07:45:00,52.0,57.0,28.41508,77.04353,Nischal
2018-07-08 08:00:00,53.33333199999999,60.0,28.41508,77.04353,Nischal
2018-07-08 08:15:00,52.0,58.66666800000001,28.41508,77.04353,Nischal
2018-07-08 08:30:00,48.666668,54.33333199999999,28.41508,77.04353,Nischal
2018-07-08 08:45:00,53.33333199999999,60.0,28.41508,77.04353,Nischal
2018-07-08 09:00:00,49.333332,55.33333199999999,28.41508,77.04353,Nischal
2018-07-08 09:15:00,49.333332,55.33333199999999,28.41508,77.04353,Nischal
2018-07-08 09:30:00,47.0,52.0,28.41508,77.04353,Nischal
2018-07-08 09:45:00,49.0,52.66666800000001,28.41508,77.04353,Nischal
2018-07-08 10:00:00,46.0,51.0,28.41508,77.04353,Nischal
2018-07-08 10:15:00,46.0,49.666668,28.41508,77.04353,Nischal
2018-07-08 10:30:00,43.333332,50.0,28.41508,77.04353,Nischal
2018-07-08 10:45:00,43.333332,46.666668,28.41508,77.04353,Nischal
2018-07-08 11:00:00,41.333332,44.666668,28.41508,77.04353,Nischal
2018-07-08 11:15:00,38.333332,43.0,28.41508,77.04353,Nischal
2018-07-08 11:30:00,37.0,41.333332,28.41508,77.04353,Nischal
2018-07-08 11:45:00,34.666668,38.333332,28.41508,77.04353,Nischal
2018-07-08 12:00:00,139.0,163.0,28.41508,77.04353,Nischal
2018-07-08 12:15:00,97.666664,111.33333600000002,28.41508,77.04353,Nischal
2018-07-08 12:30:00,34.666668,38.666668,28.41508,77.04353,Nischal
2018-07-08 12:45:00,40.0,46.0,28.41508,77.04353,Nischal
2018-07-08 13:00:00,44.0,49.666668,28.41508,77.04353,Nischal
2018-07-08 13:15:00,44.333332,50.333332,28.41508,77.04353,Nischal
2018-07-08 13:30:00,49.333332,53.33333199999999,28.41508,77.04353,Nischal
2018-07-08 13:45:00,52.0,58.66666800000001,28.41508,77.04353,Nischal
2018-07-08 14:00:00,52.333332,60.0,28.41508,77.04353,Nischal
2018-07-08 14:15:00,52.0,58.66666800000001,28.41508,77.04353,Nischal
2018-07-08 14:30:00,51.666668,57.66666800000001,28.41508,77.04353,Nischal
2018-07-08 14:45:00,57.33333199999999,63.33333199999999,28.41508,77.04353,Nischal
2018-07-08 15:00:00,58.66666800000001,70.666664,28.41508,77.04353,Nischal
2018-07-08 15:15:00,63.33333199999999,70.0,28.41508,77.04353,Nischal
2018-07-08 15:30:00,63.33333199999999,70.0,28.41508,77.04353,Nischal
2018-07-08 15:45:00,69.0,75.666664,28.41508,77.04353,Nischal
2018-07-08 16:00:00,87.333336,97.333336,28.41508,77.04353,Nischal
2018-07-08 16:15:00,100.666664,111.66666399999998,28.41508,77.04353,Nischal
2018-07-08 16:30:00,102.0,109.0,28.41508,77.04353,Nischal
2018-07-08 16:45:00,109.66666399999998,122.0,28.41508,77.04353,Nischal
2018-07-08 17:00:00,103.666664,115.0,28.41508,77.04353,Nischal
2018-07-08 17:15:00,93.333336,101.333336,28.41508,77.04353,Nischal
2018-07-08 17:30:00,88.0,98.0,28.41508,77.04353,Nischal
2018-07-08 17:45:00,88.666664,97.666664,28.41508,77.04353,Nischal
2018-07-08 18:00:00,87.666664,96.0,28.41508,77.04353,Nischal
2018-07-08 18:15:00,196.33333000000002,233.33333,28.41508,77.04353,Nischal
2018-07-08 18:30:00,712.0,936.0,28.41508,77.04353,Nischal
2018-07-08 18:45:00,451.66666,571.6667,28.41508,77.04353,Nischal
2018-07-08 19:00:00,211.66667,251.66667,28.41508,77.04353,Nischal
2018-07-08 19:15:00,124.33333600000002,136.0,28.41508,77.04353,Nischal
2018-07-08 19:30:00,106.66666399999998,117.33333600000002,28.41508,77.04353,Nischal
2018-07-08 19:45:00,101.666664,113.33333600000002,28.41508,77.04353,Nischal
2018-07-08 20:00:00,99.0,107.0,28.41508,77.04353,Nischal
2018-07-08 20:15:00,101.0,108.0,28.41508,77.04353,Nischal
2018-07-08 20:30:00,95.666664,108.66666399999998,28.41508,77.04353,Nischal
2018-07-08 20:45:00,97.0,109.5,28.41508,77.04353,Nischal
2018-07-08 21:00:00,99.333336,109.33333600000002,28.41508,77.04353,Nischal
2018-07-08 21:15:00,101.666664,111.33333600000002,28.41508,77.04353,Nischal
2018-07-08 21:30:00,104.333336,118.66666399999998,28.41508,77.04353,Nischal
2018-07-08 21:45:00,106.33333600000002,119.0,28.41508,77.04353,Nischal
2018-07-08 22:00:00,102.333336,112.33333600000002,28.41508,77.04353,Nischal
2018-07-08 22:15:00,100.333336,114.33333600000002,28.41508,77.04353,Nischal
2018-07-08 22:30:00,99.666664,111.66666399999998,28.41508,77.04353,Nischal
2018-07-08 22:45:00,99.333336,111.33333600000002,28.41508,77.04353,Nischal
2018-07-08 23:00:00,98.333336,108.33333600000002,28.41508,77.04353,Nischal
2018-07-08 23:15:00,99.666664,112.0,28.41508,77.04353,Nischal
2018-07-08 23:30:00,100.333336,108.0,28.41508,77.04353,Nischal
2018-07-08 23:45:00,99.666664,112.33333600000002,28.41508,77.04353,Nischal
2018-07-09 00:00:00,100.0,113.33333600000002,28.41508,77.04353,Nischal
2018-07-09 00:15:00,98.0,107.0,28.41508,77.04353,Nischal
2018-07-09 00:30:00,95.666664,108.0,28.41508,77.04353,Nischal
2018-07-09 00:45:00,105.33333600000002,119.66666399999998,28.41508,77.04353,Nischal
2018-07-09 01:00:00,118.66666399999998,135.66666999999998,28.41508,77.04353,Nischal
2018-07-09 01:15:00,138.0,163.0,28.41508,77.04353,Nischal
2018-07-09 01:30:00,133.0,155.66666999999998,28.41508,77.04353,Nischal
2018-07-09 01:45:00,131.66666999999998,150.0,28.41508,77.04353,Nischal
2018-07-09 02:00:00,126.66666399999998,143.33333000000002,28.41508,77.04353,Nischal
2018-07-09 02:15:00,125.66666399999998,141.66666999999998,28.41508,77.04353,Nischal
2018-07-09 02:30:00,112.33333600000002,127.33333600000002,28.41508,77.04353,Nischal
2018-07-09 02:45:00,98.0,110.0,28.41508,77.04353,Nischal
2018-07-09 03:00:00,106.5,119.5,28.41508,77.04353,Nischal
2018-07-09 03:15:00,,,28.41508,77.04353,Nischal
2018-07-09 03:30:00,96.0,108.0,28.41508,77.04353,Nischal
2018-07-09 03:45:00,101.0,111.33333600000002,28.41508,77.04353,Nischal
2018-07-09 04:00:00,111.33333600000002,124.0,28.41508,77.04353,Nischal
2018-07-09 04:15:00,117.66666399999998,129.66666999999998,28.41508,77.04353,Nischal
2018-07-09 04:30:00,124.33333600000002,140.66666999999998,28.41508,77.04353,Nischal
2018-07-09 04:45:00,112.0,127.66666399999998,28.41508,77.04353,Nischal
2018-07-09 05:00:00,111.66666399999998,122.33333600000002,28.41508,77.04353,Nischal
2018-07-09 05:15:00,102.333336,111.0,28.41508,77.04353,Nischal
2018-07-09 05:30:00,94.0,104.333336,28.41508,77.04353,Nischal
2018-07-09 05:45:00,92.666664,104.666664,28.41508,77.04353,Nischal
2018-07-09 06:00:00,95.666664,104.666664,28.41508,77.04353,Nischal
2018-07-09 06:15:00,96.333336,103.666664,28.41508,77.04353,Nischal
2018-07-09 06:30:00,99.0,110.66666399999998,28.41508,77.04353,Nischal
2018-07-09 06:45:00,93.5,107.5,28.41508,77.04353,Nischal
2018-07-09 07:00:00,92.333336,106.66666399999998,28.41508,77.04353,Nischal
2018-07-09 07:15:00,90.333336,98.333336,28.41508,77.04353,Nischal
2018-07-09 07:30:00,92.333336,102.666664,28.41508,77.04353,Nischal
2018-07-09 07:45:00,89.666664,101.0,28.41508,77.04353,Nischal
2018-07-09 08:00:00,88.333336,98.333336,28.41508,77.04353,Nischal
2018-07-09 08:15:00,85.0,94.333336,28.41508,77.04353,Nischal
2018-07-09 08:30:00,85.0,98.0,28.41508,77.04353,Nischal
2018-07-09 08:45:00,82.333336,91.666664,28.41508,77.04353,Nischal
2018-07-09 09:00:00,82.0,90.333336,28.41508,77.04353,Nischal
2018-07-09 09:15:00,79.0,88.333336,28.41508,77.04353,Nischal
2018-07-09 09:30:00,78.333336,86.333336,28.41508,77.04353,Nischal
2018-07-09 09:45:00,81.666664,91.0,28.41508,77.04353,Nischal
2018-07-09 10:00:00,82.0,89.333336,28.41508,77.04353,Nischal
2018-07-09 10:15:00,83.0,91.0,28.41508,77.04353,Nischal
2018-07-09 10:30:00,84.0,92.666664,28.41508,77.04353,Nischal
2018-07-09 10:45:00,82.333336,90.0,28.41508,77.04353,Nischal
2018-07-09 11:00:00,89.666664,98.0,28.41508,77.04353,Nischal
2018-07-09 11:15:00,95.0,101.666664,28.41508,77.04353,Nischal
2018-07-09 11:30:00,90.5,100.5,28.41508,77.04353,Nischal
2018-07-09 11:45:00,94.0,103.5,28.41508,77.04353,Nischal
2018-07-09 12:00:00,91.333336,102.666664,28.41508,77.04353,Nischal
2018-07-09 12:15:00,96.666664,107.33333600000002,28.41508,77.04353,Nischal
2018-07-09 12:30:00,95.0,106.0,28.41508,77.04353,Nischal
2018-07-09 12:45:00,105.33333600000002,112.66666399999998,28.41508,77.04353,Nischal
2018-07-09 13:00:00,102.0,114.33333600000002,28.41508,77.04353,Nischal
2018-07-09 13:15:00,106.0,116.5,28.41508,77.04353,Nischal
2018-07-09 13:30:00,105.33333600000002,120.66666399999998,28.41508,77.04353,Nischal
2018-07-09 13:45:00,98.0,110.0,28.41508,77.04353,Nischal
2018-07-09 14:00:00,100.333336,111.66666399999998,28.41508,77.04353,Nischal
2018-07-09 14:15:00,102.666664,114.66666399999998,28.41508,77.04353,Nischal
2018-07-09 14:30:00,105.66666399999998,119.33333600000002,28.41508,77.04353,Nischal
2018-07-09 14:45:00,103.666664,116.0,28.41508,77.04353,Nischal
2018-07-09 15:00:00,104.333336,115.66666399999998,28.41508,77.04353,Nischal
2018-07-09 15:15:00,105.33333600000002,114.0,28.41508,77.04353,Nischal
2018-07-09 15:30:00,106.33333600000002,116.0,28.41508,77.04353,Nischal
2018-07-09 15:45:00,107.33333600000002,117.66666399999998,28.41508,77.04353,Nischal
2018-07-09 16:00:00,106.66666399999998,117.33333600000002,28.41508,77.04353,Nischal
2018-07-09 16:15:00,105.66666399999998,116.33333600000002,28.41508,77.04353,Nischal
2018-07-09 16:30:00,96.333336,106.66666399999998,28.41508,77.04353,Nischal
2018-07-09 16:45:00,85.666664,94.0,28.41508,77.04353,Nischal
2018-07-09 17:00:00,78.666664,86.0,28.41508,77.04353,Nischal
2018-07-09 17:15:00,77.333336,84.666664,28.41508,77.04353,Nischal
2018-07-09 17:30:00,75.666664,84.666664,28.41508,77.04353,Nischal
2018-07-09 17:45:00,75.666664,82.0,28.41508,77.04353,Nischal
2018-07-09 18:00:00,67.0,72.0,28.41508,77.04353,Nischal
2018-07-09 18:15:00,57.33333199999999,63.33333199999999,28.41508,77.04353,Nischal
2018-07-09 18:30:00,51.666668,56.0,28.41508,77.04353,Nischal
2018-07-09 18:45:00,51.666668,57.33333199999999,28.41508,77.04353,Nischal
2018-07-09 19:00:00,48.666668,52.66666800000001,28.41508,77.04353,Nischal
2018-07-09 19:15:00,49.0,51.333332,28.41508,77.04353,Nischal
2018-07-09 19:30:00,67.333336,72.666664,28.41508,77.04353,Nischal
2018-07-09 19:45:00,655.0,830.6667,28.41508,77.04353,Nischal
2018-07-09 20:00:00,118.0,132.0,28.41508,77.04353,Nischal
2018-07-09 20:15:00,67.333336,76.0,28.41508,77.04353,Nischal
2018-07-09 20:30:00,54.33333199999999,58.66666800000001,28.41508,77.04353,Nischal
2018-07-09 20:45:00,48.666668,51.333332,28.41508,77.04353,Nischal
2018-07-09 21:00:00,59.33333199999999,62.66666800000001,28.41508,77.04353,Nischal
2018-07-09 21:15:00,68.0,73.0,28.41508,77.04353,Nischal
2018-07-09 21:30:00,71.333336,78.666664,28.41508,77.04353,Nischal
2018-07-09 21:45:00,73.0,78.333336,28.41508,77.04353,Nischal
2018-07-09 22:00:00,75.333336,83.666664,28.41508,77.04353,Nischal
2018-07-09 22:15:00,79.333336,86.333336,28.41508,77.04353,Nischal
2018-07-09 22:30:00,76.666664,85.0,28.41508,77.04353,Nischal
2018-07-09 22:45:00,78.0,84.666664,28.41508,77.04353,Nischal
2018-07-09 23:00:00,75.333336,82.333336,28.41508,77.04353,Nischal
2018-07-09 23:15:00,74.666664,80.0,28.41508,77.04353,Nischal
2018-07-09 23:30:00,71.666664,79.333336,28.41508,77.04353,Nischal
2018-07-09 23:45:00,69.333336,76.333336,28.41508,77.04353,Nischal
2018-07-10 00:00:00,67.333336,73.333336,28.41508,77.04353,Nischal
2018-07-10 00:15:00,63.33333199999999,69.666664,28.41508,77.04353,Nischal
2018-07-10 00:30:00,62.66666800000001,67.0,28.41508,77.04353,Nischal
2018-07-10 00:45:00,63.66666800000001,68.333336,28.41508,77.04353,Nischal
2018-07-10 01:00:00,73.333336,83.0,28.41508,77.04353,Nischal
2018-07-10 01:15:00,76.0,82.0,28.41508,77.04353,Nischal
2018-07-10 01:30:00,71.0,78.666664,28.41508,77.04353,Nischal
2018-07-10 01:45:00,68.0,74.0,28.41508,77.04353,Nischal
2018-07-10 02:00:00,69.0,75.333336,28.41508,77.04353,Nischal
2018-07-10 02:15:00,82.0,92.333336,28.41508,77.04353,Nischal
2018-07-10 02:30:00,82.666664,90.333336,28.41508,77.04353,Nischal
2018-07-10 02:45:00,79.0,87.333336,28.41508,77.04353,Nischal
2018-07-10 03:00:00,73.666664,80.0,28.41508,77.04353,Nischal
2018-07-10 03:15:00,62.0,67.666664,28.41508,77.04353,Nischal
2018-07-10 03:30:00,62.0,65.666664,28.41508,77.04353,Nischal
2018-07-10 03:45:00,70.333336,76.666664,28.41508,77.04353,Nischal
2018-07-10 04:00:00,101.0,114.33333600000002,28.41508,77.04353,Nischal
2018-07-10 04:15:00,134.0,148.0,28.41508,77.04353,Nischal
2018-07-10 04:30:00,127.33333600000002,140.33333000000002,28.41508,77.04353,Nischal
2018-07-10 04:45:00,98.666664,107.33333600000002,28.41508,77.04353,Nischal
2018-07-10 05:00:00,92.666664,99.666664,28.41508,77.04353,Nischal
2018-07-10 05:15:00,89.666664,97.666664,28.41508,77.04353,Nischal
2018-07-10 05:30:00,84.666664,93.0,28.41508,77.04353,Nischal
2018-07-10 05:45:00,80.0,86.0,28.41508,77.04353,Nischal
2018-07-10 06:00:00,82.0,87.5,28.41508,77.04353,Nischal
2018-07-10 06:15:00,113.66666399999998,125.33333600000002,28.41508,77.04353,Nischal
2018-07-10 06:30:00,119.0,132.33333000000002,28.41508,77.04353,Nischal
2018-07-10 06:45:00,112.0,125.33333600000002,28.41508,77.04353,Nischal
2018-07-10 07:00:00,89.333336,99.333336,28.41508,77.04353,Nischal
2018-07-10 07:15:00,80.333336,87.333336,28.41508,77.04353,Nischal
2018-07-10 07:30:00,72.5,78.5,28.41508,77.04353,Nischal
2018-07-10 07:45:00,69.75,75.75,28.41508,77.04353,Nischal
2018-07-10 08:00:00,67.666664,74.0,28.41508,77.04353,Nischal
2018-07-10 08:15:00,67.0,72.333336,28.41508,77.04353,Nischal
2018-07-10 08:30:00,62.0,67.0,28.41508,77.04353,Nischal
2018-07-10 08:45:00,63.33333199999999,68.333336,28.41508,77.04353,Nischal
2018-07-10 09:00:00,63.0,68.666664,28.41508,77.04353,Nischal
2018-07-10 09:15:00,61.0,66.666664,28.41508,77.04353,Nischal
2018-07-10 09:30:00,63.66666800000001,70.666664,28.41508,77.04353,Nischal
2018-07-10 09:45:00,58.5,62.5,28.41508,77.04353,Nischal
2018-07-10 10:00:00,62.0,67.666664,28.41508,77.04353,Nischal
2018-07-10 10:15:00,63.66666800000001,69.333336,28.41508,77.04353,Nischal
2018-07-10 10:30:00,62.0,66.666664,28.41508,77.04353,Nischal
2018-07-10 10:45:00,64.0,69.333336,28.41508,77.04353,Nischal
2018-07-10 11:00:00,66.333336,72.0,28.41508,77.04353,Nischal
2018-07-10 11:15:00,65.333336,71.333336,28.41508,77.04353,Nischal
2018-07-10 11:30:00,64.333336,72.666664,28.41508,77.04353,Nischal
2018-07-10 11:45:00,68.666664,72.0,28.41508,77.04353,Nischal
2018-07-10 12:00:00,68.666664,76.666664,28.41508,77.04353,Nischal
2018-07-10 12:15:00,67.666664,72.666664,28.41508,77.04353,Nischal
2018-07-10 12:30:00,67.0,73.666664,28.41508,77.04353,Nischal
2018-07-10 12:45:00,65.0,71.333336,28.41508,77.04353,Nischal
2018-07-10 13:00:00,64.333336,69.666664,28.41508,77.04353,Nischal
2018-07-10 13:15:00,64.0,69.0,28.41508,77.04353,Nischal
2018-07-10 13:30:00,76.333336,85.333336,28.41508,77.04353,Nischal
2018-07-10 13:45:00,73.0,82.333336,28.41508,77.04353,Nischal
2018-07-10 14:00:00,72.666664,80.333336,28.41508,77.04353,Nischal
2018-07-10 14:15:00,74.0,81.0,28.41508,77.04353,Nischal
2018-07-10 14:30:00,68.666664,76.0,28.41508,77.04353,Nischal
2018-07-10 14:45:00,65.0,70.0,28.41508,77.04353,Nischal
2018-07-10 15:00:00,59.33333199999999,65.666664,28.41508,77.04353,Nischal
2018-07-10 15:15:00,63.0,70.0,28.41508,77.04353,Nischal
2018-07-10 15:30:00,56.0,61.0,28.41508,77.04353,Nischal
2018-07-10 15:45:00,47.666668,52.0,28.41508,77.04353,Nischal
2018-07-10 16:00:00,44.0,47.666668,28.41508,77.04353,Nischal
2018-07-10 16:15:00,44.0,50.0,28.41508,77.04353,Nischal
2018-07-10 16:30:00,44.666668,48.333332,28.41508,77.04353,Nischal
2018-07-10 16:45:00,42.666668,46.0,28.41508,77.04353,Nischal
2018-07-10 17:00:00,46.666668,49.666668,28.41508,77.04353,Nischal
2018-07-10 17:15:00,48.333332,53.66666800000001,28.41508,77.04353,Nischal
2018-07-10 17:30:00,51.0,55.0,28.41508,77.04353,Nischal
2018-07-10 17:45:00,49.666668,54.0,28.41508,77.04353,Nischal
2018-07-10 18:00:00,45.0,46.333332,28.41508,77.04353,Nischal
2018-07-10 18:15:00,39.666668,43.333332,28.41508,77.04353,Nischal
2018-07-10 18:30:00,40.333332,43.0,28.41508,77.04353,Nischal
2018-07-10 18:45:00,543.0,681.0,28.41508,77.04353,Nischal
2018-07-10 19:00:00,261.66666000000004,314.33333999999996,28.41508,77.04353,Nischal
2018-07-10 19:15:00,74.666664,83.666664,28.41508,77.04353,Nischal
2018-07-10 19:30:00,43.0,45.333332,28.41508,77.04353,Nischal
2018-07-10 19:45:00,40.666668,44.333332,28.41508,77.04353,Nischal
2018-07-10 20:00:00,40.333332,43.333332,28.41508,77.04353,Nischal
2018-07-10 20:15:00,40.666668,45.666668,28.41508,77.04353,Nischal
2018-07-10 20:30:00,42.333332,46.0,28.41508,77.04353,Nischal
2018-07-10 20:45:00,45.0,49.666668,28.41508,77.04353,Nischal
2018-07-10 21:00:00,46.666668,51.666668,28.41508,77.04353,Nischal
2018-07-10 21:15:00,47.666668,51.333332,28.41508,77.04353,Nischal
2018-07-10 21:30:00,45.333332,47.333332,28.41508,77.04353,Nischal
2018-07-10 21:45:00,44.666668,49.666668,28.41508,77.04353,Nischal
2018-07-10 22:00:00,45.0,48.666668,28.41508,77.04353,Nischal
2018-07-10 22:15:00,45.0,49.0,28.41508,77.04353,Nischal
2018-07-10 22:30:00,45.0,46.666668,28.41508,77.04353,Nischal
2018-07-10 22:45:00,43.333332,45.333332,28.41508,77.04353,Nischal
2018-07-10 23:00:00,40.333332,43.666668,28.41508,77.04353,Nischal
2018-07-10 23:15:00,40.666668,43.0,28.41508,77.04353,Nischal
2018-07-10 23:30:00,40.0,42.333332,28.41508,77.04353,Nischal
2018-07-10 23:45:00,43.333332,46.666668,28.41508,77.04353,Nischal
2018-07-11 00:00:00,43.333332,48.333332,28.41508,77.04353,Nischal
2018-07-11 00:15:00,43.333332,46.666668,28.41508,77.04353,Nischal
2018-07-11 00:30:00,54.66666800000001,60.66666800000001,28.41508,77.04353,Nischal
2018-07-11 00:45:00,56.33333199999999,63.0,28.41508,77.04353,Nischal
2018-07-11 01:00:00,59.66666800000001,66.666664,28.41508,77.04353,Nischal
2018-07-11 01:15:00,58.66666800000001,66.333336,28.41508,77.04353,Nischal
2018-07-11 01:30:00,58.66666800000001,64.333336,28.41508,77.04353,Nischal
2018-07-11 01:45:00,64.666664,69.666664,28.41508,77.04353,Nischal
2018-07-11 02:00:00,62.33333199999999,71.333336,28.41508,77.04353,Nischal
2018-07-11 02:15:00,60.0,66.333336,28.41508,77.04353,Nischal
2018-07-11 02:30:00,59.0,64.333336,28.41508,77.04353,Nischal
2018-07-11 02:45:00,64.333336,72.0,28.41508,77.04353,Nischal
2018-07-11 03:00:00,68.0,78.0,28.41508,77.04353,Nischal
2018-07-11 03:15:00,73.666664,79.666664,28.41508,77.04353,Nischal
2018-07-11 03:30:00,105.66666399999998,115.66666399999998,28.41508,77.04353,Nischal
2018-07-11 03:45:00,82.0,91.0,28.41508,77.04353,Nischal
2018-07-11 04:00:00,82.0,89.666664,28.41508,77.04353,Nischal
2018-07-11 04:15:00,78.666664,88.0,28.41508,77.04353,Nischal
2018-07-11 04:30:00,80.666664,88.0,28.41508,77.04353,Nischal
2018-07-11 04:45:00,80.0,89.666664,28.41508,77.04353,Nischal
2018-07-11 05:00:00,72.0,78.0,28.41508,77.04353,Nischal
2018-07-11 05:15:00,68.333336,73.333336,28.41508,77.04353,Nischal
2018-07-11 05:30:00,69.333336,73.333336,28.41508,77.04353,Nischal
2018-07-11 05:45:00,70.333336,79.666664,28.41508,77.04353,Nischal
2018-07-11 06:00:00,76.666664,87.0,28.41508,77.04353,Nischal
2018-07-11 06:15:00,74.0,84.0,28.41508,77.04353,Nischal
2018-07-11 06:30:00,66.333336,73.666664,28.41508,77.04353,Nischal
2018-07-11 06:45:00,62.0,69.666664,28.41508,77.04353,Nischal
2018-07-11 07:00:00,53.0,59.66666800000001,28.41508,77.04353,Nischal
2018-07-11 07:15:00,43.666668,48.333332,28.41508,77.04353,Nischal
2018-07-11 07:30:00,38.0,43.666668,28.41508,77.04353,Nischal
2018-07-11 07:45:00,32.666668,37.666668,28.41508,77.04353,Nischal
2018-07-11 08:00:00,33.666668,38.666668,28.41508,77.04353,Nischal
2018-07-11 08:15:00,34.0,40.0,28.41508,77.04353,Nischal
2018-07-11 08:30:00,36.0,40.333332,28.41508,77.04353,Nischal
2018-07-11 08:45:00,39.0,42.333332,28.41508,77.04353,Nischal
2018-07-11 09:00:00,38.666668,44.333332,28.41508,77.04353,Nischal
2018-07-11 09:15:00,39.333332,43.0,28.41508,77.04353,Nischal
2018-07-11 09:30:00,67.666664,76.333336,28.41508,77.04353,Nischal
2018-07-11 09:45:00,90.5,97.5,28.41508,77.04353,Nischal
2018-07-11 10:00:00,93.333336,101.333336,28.41508,77.04353,Nischal
2018-07-11 10:15:00,88.333336,97.333336,28.41508,77.04353,Nischal
2018-07-11 10:30:00,81.0,90.333336,28.41508,77.04353,Nischal
2018-07-11 10:45:00,77.0,85.0,28.41508,77.04353,Nischal
2018-07-11 11:00:00,74.0,82.0,28.41508,77.04353,Nischal
2018-07-11 11:15:00,73.333336,82.666664,28.41508,77.04353,Nischal
2018-07-11 11:30:00,72.0,80.333336,28.41508,77.04353,Nischal
2018-07-11 11:45:00,62.0,69.333336,28.41508,77.04353,Nischal
2018-07-11 12:00:00,62.5,69.0,28.41508,77.04353,Nischal
2018-07-11 12:15:00,57.33333199999999,64.0,28.41508,77.04353,Nischal
2018-07-11 12:30:00,57.0,61.33333199999999,28.41508,77.04353,Nischal
2018-07-11 12:45:00,64.666664,70.666664,28.41508,77.04353,Nischal
2018-07-11 13:00:00,59.0,63.66666800000001,28.41508,77.04353,Nischal
2018-07-11 13:15:00,54.66666800000001,59.33333199999999,28.41508,77.04353,Nischal
2018-07-11 13:30:00,55.33333199999999,59.66666800000001,28.41508,77.04353,Nischal
2018-07-11 13:45:00,56.66666800000001,64.333336,28.41508,77.04353,Nischal
2018-07-11 14:00:00,60.33333199999999,67.333336,28.41508,77.04353,Nischal
2018-07-11 14:15:00,63.66666800000001,69.666664,28.41508,77.04353,Nischal
2018-07-11 14:30:00,75.666664,85.333336,28.41508,77.04353,Nischal
2018-07-11 14:45:00,65.666664,72.0,28.41508,77.04353,Nischal
2018-07-11 15:00:00,62.0,67.666664,28.41508,77.04353,Nischal
2018-07-11 15:15:00,58.66666800000001,61.66666800000001,28.41508,77.04353,Nischal
2018-07-11 15:30:00,55.0,60.0,28.41508,77.04353,Nischal
2018-07-11 15:45:00,57.33333199999999,62.33333199999999,28.41508,77.04353,Nischal
2018-07-11 16:00:00,60.66666800000001,66.666664,28.41508,77.04353,Nischal
2018-07-11 16:15:00,63.33333199999999,68.666664,28.41508,77.04353,Nischal
2018-07-11 16:30:00,66.0,75.333336,28.41508,77.04353,Nischal
2018-07-11 16:45:00,60.0,69.333336,28.41508,77.04353,Nischal
2018-07-11 17:00:00,40.666668,46.0,28.41508,77.04353,Nischal
2018-07-11 17:15:00,38.333332,44.0,28.41508,77.04353,Nischal
2018-07-11 17:30:00,34.333332,38.0,28.41508,77.04353,Nischal
2018-07-11 17:45:00,34.666668,39.666668,28.41508,77.04353,Nischal
2018-07-11 18:00:00,34.333332,40.333332,28.41508,77.04353,Nischal
2018-07-11 18:15:00,27.666665999999996,32.666668,28.41508,77.04353,Nischal
2018-07-11 18:30:00,29.666665999999996,33.0,28.41508,77.04353,Nischal
2018-07-11 18:45:00,30.0,36.0,28.41508,77.04353,Nischal
2018-07-11 19:00:00,32.666668,36.666668,28.41508,77.04353,Nischal
2018-07-11 19:15:00,36.666668,42.666668,28.41508,77.04353,Nischal
2018-07-11 19:30:00,35.666668,41.333332,28.41508,77.04353,Nischal
2018-07-11 19:45:00,39.0,45.666668,28.41508,77.04353,Nischal
2018-07-11 20:00:00,40.666668,45.666668,28.41508,77.04353,Nischal
2018-07-11 20:15:00,43.0,50.333332,28.41508,77.04353,Nischal
2018-07-11 20:30:00,45.666668,53.66666800000001,28.41508,77.04353,Nischal
2018-07-11 20:45:00,45.333332,52.333332,28.41508,77.04353,Nischal
2018-07-11 21:00:00,44.666668,50.666668,28.41508,77.04353,Nischal
2018-07-11 21:15:00,44.666668,51.333332,28.41508,77.04353,Nischal
2018-07-11 21:30:00,40.0,49.333332,28.41508,77.04353,Nischal
2018-07-11 21:45:00,34.0,39.0,28.41508,77.04353,Nischal
2018-07-11 22:00:00,28.333334000000004,31.333334000000004,28.41508,77.04353,Nischal
2018-07-11 22:15:00,24.0,27.666665999999996,28.41508,77.04353,Nischal
2018-07-11 22:30:00,23.666666,27.666665999999996,28.41508,77.04353,Nischal
2018-07-11 22:45:00,23.666666,24.666666,28.41508,77.04353,Nischal
2018-07-11 23:00:00,20.333334,21.666666,28.41508,77.04353,Nischal
2018-07-11 23:15:00,16.666666,18.0,28.41508,77.04353,Nischal
2018-07-11 23:30:00,13.0,13.666667000000002,28.41508,77.04353,Nischal
2018-07-11 23:45:00,12.0,13.0,28.41508,77.04353,Nischal
2018-07-12 00:00:00,12.333333,13.0,28.41508,77.04353,Nischal
2018-07-12 00:15:00,12.0,12.0,28.41508,77.04353,Nischal
2018-07-12 00:30:00,13.333332999999998,14.0,28.41508,77.04353,Nischal
2018-07-12 00:45:00,14.0,15.0,28.41508,77.04353,Nischal
2018-07-12 01:00:00,14.333332999999998,17.0,28.41508,77.04353,Nischal
2018-07-12 01:15:00,14.333332999999998,15.0,28.41508,77.04353,Nischal
2018-07-12 01:30:00,17.333334,18.0,28.41508,77.04353,Nischal
2018-07-12 01:45:00,18.333334,20.666666,28.41508,77.04353,Nischal
2018-07-12 02:00:00,20.0,22.333334,28.41508,77.04353,Nischal
2018-07-12 02:15:00,23.666666,26.333334000000004,28.41508,77.04353,Nischal
2018-07-12 02:30:00,25.333334,27.333334000000004,28.41508,77.04353,Nischal
2018-07-12 02:45:00,29.333334000000004,32.0,28.41508,77.04353,Nischal
2018-07-12 03:00:00,30.0,34.0,28.41508,77.04353,Nischal
2018-07-12 03:15:00,32.0,37.0,28.41508,77.04353,Nischal
2018-07-12 03:30:00,31.666665999999996,35.0,28.41508,77.04353,Nischal
2018-07-12 03:45:00,32.666668,35.333332,28.41508,77.04353,Nischal
2018-07-12 04:00:00,31.5,34.0,28.41508,77.04353,Nischal
2018-07-12 04:15:00,36.666668,40.333332,28.41508,77.04353,Nischal
2018-07-12 04:30:00,39.0,43.0,28.41508,77.04353,Nischal
2018-07-12 04:45:00,43.0,48.666668,28.41508,77.04353,Nischal
2018-07-12 05:00:00,47.0,52.66666800000001,28.41508,77.04353,Nischal
2018-07-12 05:15:00,76.0,89.333336,28.41508,77.04353,Nischal
2018-07-12 05:30:00,59.0,68.333336,28.41508,77.04353,Nischal
2018-07-12 05:45:00,48.666668,55.33333199999999,28.41508,77.04353,Nischal
2018-07-12 06:00:00,38.333332,42.666668,28.41508,77.04353,Nischal
2018-07-12 06:15:00,33.0,38.0,28.41508,77.04353,Nischal
2018-07-12 06:30:00,27.0,30.0,28.41508,77.04353,Nischal
2018-07-12 06:45:00,29.666665999999996,35.0,28.41508,77.04353,Nischal
2018-07-12 07:00:00,26.333334000000004,29.666665999999996,28.41508,77.04353,Nischal
2018-07-12 07:15:00,27.666665999999996,31.666665999999996,28.41508,77.04353,Nischal
2018-07-12 07:30:00,30.333334000000004,32.666668,28.41508,77.04353,Nischal
2018-07-12 07:45:00,30.333334000000004,34.666668,28.41508,77.04353,Nischal
2018-07-12 08:00:00,30.5,32.5,28.41508,77.04353,Nischal
2018-07-12 08:15:00,32.0,36.0,28.41508,77.04353,Nischal
2018-07-12 08:30:00,34.5,40.5,28.41508,77.04353,Nischal
2018-07-12 08:45:00,35.333332,40.666668,28.41508,77.04353,Nischal
2018-07-12 09:00:00,34.666668,39.333332,28.41508,77.04353,Nischal
2018-07-12 09:15:00,36.0,41.0,28.41508,77.04353,Nischal
2018-07-12 09:30:00,36.666668,41.666668,28.41508,77.04353,Nischal
2018-07-12 09:45:00,36.0,40.333332,28.41508,77.04353,Nischal
2018-07-12 10:00:00,39.333332,43.333332,28.41508,77.04353,Nischal
2018-07-12 10:15:00,41.0,45.666668,28.41508,77.04353,Nischal
2018-07-12 10:30:00,41.666668,47.666668,28.41508,77.04353,Nischal
2018-07-12 10:45:00,52.0,58.66666800000001,28.41508,77.04353,Nischal
2018-07-12 11:00:00,54.33333199999999,62.0,28.41508,77.04353,Nischal
2018-07-12 11:15:00,62.0,66.666664,28.41508,77.04353,Nischal
2018-07-12 11:30:00,69.0,75.0,28.41508,77.04353,Nischal
2018-07-12 11:45:00,81.333336,86.666664,28.41508,77.04353,Nischal
2018-07-12 12:00:00,91.0,102.0,28.41508,77.04353,Nischal
2018-07-12 12:15:00,93.5,107.0,28.41508,77.04353,Nischal
2018-07-12 12:30:00,100.0,111.66666399999998,28.41508,77.04353,Nischal
2018-07-12 12:45:00,88.333336,97.0,28.41508,77.04353,Nischal
2018-07-12 13:00:00,87.333336,95.0,28.41508,77.04353,Nischal
2018-07-12 13:15:00,110.66666399999998,123.33333600000002,28.41508,77.04353,Nischal
2018-07-12 13:30:00,75.0,84.0,28.41508,77.04353,Nischal
2018-07-12 13:45:00,47.666668,52.0,28.41508,77.04353,Nischal
2018-07-12 14:00:00,36.333332,40.666668,28.41508,77.04353,Nischal
2018-07-12 14:15:00,31.666665999999996,34.0,28.41508,77.04353,Nischal
2018-07-12 14:30:00,45.333332,49.666668,28.41508,77.04353,Nischal
2018-07-12 14:45:00,68.666664,78.0,28.41508,77.04353,Nischal
2018-07-12 15:00:00,47.0,53.0,28.41508,77.04353,Nischal
2018-07-12 15:15:00,33.0,36.333332,28.41508,77.04353,Nischal
2018-07-12 15:30:00,27.666665999999996,31.0,28.41508,77.04353,Nischal
2018-07-12 15:45:00,31.0,33.0,28.41508,77.04353,Nischal
2018-07-12 16:00:00,33.666668,36.0,28.41508,77.04353,Nischal
2018-07-12 16:15:00,33.5,38.0,28.41508,77.04353,Nischal
2018-07-12 16:30:00,35.333332,38.333332,28.41508,77.04353,Nischal
2018-07-12 16:45:00,32.333332,35.333332,28.41508,77.04353,Nischal
2018-07-12 17:00:00,25.333334,27.666665999999996,28.41508,77.04353,Nischal
2018-07-12 17:15:00,22.0,24.333334,28.41508,77.04353,Nischal
2018-07-12 17:30:00,18.0,19.666666,28.41508,77.04353,Nischal
2018-07-12 17:45:00,17.333334,19.333334,28.41508,77.04353,Nischal
2018-07-12 18:00:00,19.333334,21.0,28.41508,77.04353,Nischal
2018-07-12 18:15:00,21.333334,22.333334,28.41508,77.04353,Nischal
2018-07-12 18:30:00,21.333334,22.666666,28.41508,77.04353,Nischal
2018-07-12 18:45:00,21.333334,22.666666,28.41508,77.04353,Nischal
2018-07-12 19:00:00,20.0,21.666666,28.41508,77.04353,Nischal
2018-07-12 19:15:00,23.333334,26.666665999999996,28.41508,77.04353,Nischal
2018-07-12 19:30:00,23.666666,26.333334000000004,28.41508,77.04353,Nischal
2018-07-12 19:45:00,21.0,22.0,28.41508,77.04353,Nischal
2018-07-12 20:00:00,19.666666,22.0,28.41508,77.04353,Nischal
2018-07-12 20:15:00,15.666667000000002,16.333334,28.41508,77.04353,Nischal
2018-07-12 20:30:00,14.333332999999998,14.666667000000002,28.41508,77.04353,Nischal
2018-07-12 20:45:00,14.333332999999998,16.0,28.41508,77.04353,Nischal
2018-07-12 21:00:00,15.0,16.0,28.41508,77.04353,Nischal
2018-07-12 21:15:00,16.333334,18.333334,28.41508,77.04353,Nischal
2018-07-12 21:30:00,19.666666,21.0,28.41508,77.04353,Nischal
2018-07-12 21:45:00,22.0,24.666666,28.41508,77.04353,Nischal
2018-07-12 22:00:00,23.666666,25.333334,28.41508,77.04353,Nischal
2018-07-12 22:15:00,21.666666,23.666666,28.41508,77.04353,Nischal
2018-07-12 22:30:00,21.666666,23.666666,28.41508,77.04353,Nischal
2018-07-12 22:45:00,23.666666,26.0,28.41508,77.04353,Nischal
2018-07-12 23:00:00,25.333334,28.333334000000004,28.41508,77.04353,Nischal
2018-07-12 23:15:00,27.0,29.0,28.41508,77.04353,Nischal
2018-07-12 23:30:00,25.333334,28.0,28.41508,77.04353,Nischal
2018-07-12 23:45:00,26.666665999999996,31.0,28.41508,77.04353,Nischal
2018-07-13 00:00:00,26.666665999999996,28.666665999999996,28.41508,77.04353,Nischal
2018-07-13 00:15:00,25.333334,26.666665999999996,28.41508,77.04353,Nischal
2018-07-13 00:30:00,24.666666,26.666665999999996,28.41508,77.04353,Nischal
2018-07-13 00:45:00,25.333334,26.333334000000004,28.41508,77.04353,Nischal
2018-07-13 01:00:00,22.666666,24.666666,28.41508,77.04353,Nischal
2018-07-13 01:15:00,22.666666,25.666666,28.41508,77.04353,Nischal
2018-07-13 01:30:00,24.666666,27.333334000000004,28.41508,77.04353,Nischal
2018-07-13 01:45:00,22.666666,24.666666,28.41508,77.04353,Nischal
2018-07-13 02:00:00,25.333334,27.666665999999996,28.41508,77.04353,Nischal
2018-07-13 02:15:00,38.666668,43.333332,28.41508,77.04353,Nischal
2018-07-13 02:30:00,43.666668,49.0,28.41508,77.04353,Nischal
2018-07-13 02:45:00,40.0,45.0,28.41508,77.04353,Nischal
2018-07-13 03:00:00,38.333332,44.666668,28.41508,77.04353,Nischal
2018-07-13 03:15:00,45.333332,49.666668,28.41508,77.04353,Nischal
2018-07-13 03:30:00,44.666668,50.333332,28.41508,77.04353,Nischal
2018-07-13 03:45:00,67.0,73.666664,28.41508,77.04353,Nischal
2018-07-13 04:00:00,66.333336,75.333336,28.41508,77.04353,Nischal
2018-07-13 04:15:00,56.33333199999999,62.0,28.41508,77.04353,Nischal
2018-07-13 04:30:00,150.0,165.0,28.41508,77.04353,Nischal
2018-07-13 04:45:00,179.33333000000002,204.33333000000002,28.41508,77.04353,Nischal
2018-07-13 05:00:00,106.66666399999998,116.66666399999998,28.41508,77.04353,Nischal
2018-07-13 05:15:00,60.66666800000001,68.666664,28.41508,77.04353,Nischal
2018-07-13 05:30:00,55.66666800000001,61.33333199999999,28.41508,77.04353,Nischal
2018-07-13 05:45:00,55.33333199999999,61.66666800000001,28.41508,77.04353,Nischal
2018-07-13 06:00:00,54.33333199999999,59.0,28.41508,77.04353,Nischal
2018-07-13 06:15:00,58.66666800000001,64.0,28.41508,77.04353,Nischal
2018-07-13 06:30:00,56.33333199999999,60.66666800000001,28.41508,77.04353,Nischal
2018-07-13 06:45:00,58.0,61.5,28.41508,77.04353,Nischal
2018-07-13 07:00:00,96.0,112.66666399999998,28.41508,77.04353,Nischal
2018-07-13 07:15:00,65.75,73.0,28.41508,77.04353,Nischal
2018-07-13 07:30:00,57.0,64.0,28.41508,77.04353,Nischal
2018-07-13 07:45:00,54.33333199999999,60.66666800000001,28.41508,77.04353,Nischal
2018-07-13 08:00:00,49.0,53.66666800000001,28.41508,77.04353,Nischal
2018-07-13 08:15:00,46.0,48.333332,28.41508,77.04353,Nischal
2018-07-13 08:30:00,44.333332,46.666668,28.41508,77.04353,Nischal
2018-07-13 08:45:00,45.333332,49.333332,28.41508,77.04353,Nischal
2018-07-13 09:00:00,51.0,56.0,28.41508,77.04353,Nischal
2018-07-13 09:15:00,55.66666800000001,59.0,28.41508,77.04353,Nischal
2018-07-13 09:30:00,71.0,77.666664,28.41508,77.04353,Nischal
2018-07-13 09:45:00,79.0,87.0,28.41508,77.04353,Nischal
2018-07-13 10:00:00,72.333336,80.666664,28.41508,77.04353,Nischal
2018-07-13 10:15:00,39.333332,43.333332,28.41508,77.04353,Nischal
2018-07-13 10:30:00,21.666666,22.666666,28.41508,77.04353,Nischal
2018-07-13 10:45:00,12.333333,13.333332999999998,28.41508,77.04353,Nischal
2018-07-13 11:00:00,15.333332999999998,16.333334,28.41508,77.04353,Nischal
2018-07-13 11:15:00,16.0,17.666666,28.41508,77.04353,Nischal
2018-07-13 11:30:00,19.666666,20.333334,28.41508,77.04353,Nischal
2018-07-13 11:45:00,22.666666,24.666666,28.41508,77.04353,Nischal
2018-07-13 12:00:00,24.333334,25.0,28.41508,77.04353,Nischal
2018-07-13 12:15:00,23.333334,25.333334,28.41508,77.04353,Nischal
2018-07-13 12:30:00,27.666665999999996,30.333334000000004,28.41508,77.04353,Nischal
2018-07-13 12:45:00,28.333334000000004,30.333334000000004,28.41508,77.04353,Nischal
2018-07-13 13:00:00,25.0,28.333334000000004,28.41508,77.04353,Nischal
2018-07-13 13:15:00,39.333332,43.0,28.41508,77.04353,Nischal
2018-07-13 13:30:00,73.666664,84.0,28.41508,77.04353,Nischal
2018-07-13 13:45:00,56.33333199999999,67.0,28.41508,77.04353,Nischal
2018-07-13 14:00:00,48.666668,55.33333199999999,28.41508,77.04353,Nischal
2018-07-13 14:15:00,48.666668,54.0,28.41508,77.04353,Nischal
2018-07-13 14:30:00,48.333332,51.333332,28.41508,77.04353,Nischal
2018-07-13 14:45:00,52.66666800000001,59.0,28.41508,77.04353,Nischal
2018-07-13 15:00:00,57.66666800000001,61.0,28.41508,77.04353,Nischal
2018-07-13 15:15:00,57.33333199999999,64.333336,28.41508,77.04353,Nischal
2018-07-13 15:30:00,61.66666800000001,66.666664,28.41508,77.04353,Nischal
2018-07-13 15:45:00,60.66666800000001,65.333336,28.41508,77.04353,Nischal
2018-07-13 16:00:00,65.666664,70.666664,28.41508,77.04353,Nischal
2018-07-13 16:15:00,70.0,78.333336,28.41508,77.04353,Nischal
2018-07-13 16:30:00,65.0,72.0,28.41508,77.04353,Nischal
2018-07-13 16:45:00,67.333336,74.666664,28.41508,77.04353,Nischal
2018-07-13 17:00:00,67.0,74.666664,28.41508,77.04353,Nischal
2018-07-13 17:15:00,63.0,69.0,28.41508,77.04353,Nischal
2018-07-13 17:30:00,55.0,60.33333199999999,28.41508,77.04353,Nischal
2018-07-13 17:45:00,48.666668,51.666668,28.41508,77.04353,Nischal
2018-07-13 18:00:00,45.0,49.333332,28.41508,77.04353,Nischal
2018-07-13 18:15:00,49.0,53.66666800000001,28.41508,77.04353,Nischal
2018-07-13 18:30:00,47.0,49.333332,28.41508,77.04353,Nischal
2018-07-13 18:45:00,43.666668,46.666668,28.41508,77.04353,Nischal
2018-07-13 19:00:00,314.66666000000004,397.0,28.41508,77.04353,Nischal
2018-07-13 19:15:00,282.66666000000004,337.66666000000004,28.41508,77.04353,Nischal
2018-07-13 19:30:00,106.66666399999998,128.66666999999998,28.41508,77.04353,Nischal
2018-07-13 19:45:00,54.66666800000001,61.0,28.41508,77.04353,Nischal
2018-07-13 20:00:00,38.0,41.0,28.41508,77.04353,Nischal
2018-07-13 20:15:00,36.333332,38.666668,28.41508,77.04353,Nischal
2018-07-13 20:30:00,36.666668,39.0,28.41508,77.04353,Nischal
2018-07-13 20:45:00,35.666668,38.333332,28.41508,77.04353,Nischal
2018-07-13 21:00:00,36.666668,39.333332,28.41508,77.04353,Nischal
2018-07-13 21:15:00,38.666668,41.666668,28.41508,77.04353,Nischal
2018-07-13 21:30:00,37.333332,40.666668,28.41508,77.04353,Nischal
2018-07-13 21:45:00,39.0,40.666668,28.41508,77.04353,Nischal
2018-07-13 22:00:00,37.333332,40.0,28.41508,77.04353,Nischal
2018-07-13 22:15:00,40.666668,45.0,28.41508,77.04353,Nischal
2018-07-13 22:30:00,43.333332,46.333332,28.41508,77.04353,Nischal
2018-07-13 22:45:00,41.0,44.666668,28.41508,77.04353,Nischal
2018-07-13 23:00:00,43.333332,48.666668,28.41508,77.04353,Nischal
2018-07-13 23:15:00,44.0,47.333332,28.41508,77.04353,Nischal
2018-07-13 23:30:00,44.0,47.333332,28.41508,77.04353,Nischal
2018-07-13 23:45:00,45.666668,48.666668,28.41508,77.04353,Nischal
2018-07-14 00:00:00,46.0,48.666668,28.41508,77.04353,Nischal
2018-07-14 00:15:00,47.333332,49.666668,28.41508,77.04353,Nischal
2018-07-14 00:30:00,49.333332,51.333332,28.41508,77.04353,Nischal
2018-07-14 00:45:00,53.33333199999999,56.33333199999999,28.41508,77.04353,Nischal
2018-07-14 01:00:00,59.0,63.0,28.41508,77.04353,Nischal
2018-07-14 01:15:00,72.0,78.666664,28.41508,77.04353,Nischal
2018-07-14 01:30:00,83.333336,92.0,28.41508,77.04353,Nischal
2018-07-14 01:45:00,91.666664,106.33333600000002,28.41508,77.04353,Nischal
2018-07-14 02:00:00,94.666664,104.333336,28.41508,77.04353,Nischal
2018-07-14 02:15:00,96.666664,106.66666399999998,28.41508,77.04353,Nischal
2018-07-14 02:30:00,94.0,98.333336,28.41508,77.04353,Nischal
2018-07-14 02:45:00,105.0,114.33333600000002,28.41508,77.04353,Nischal
2018-07-14 03:00:00,122.0,137.33333000000002,28.41508,77.04353,Nischal
2018-07-14 03:15:00,121.5,134.0,28.41508,77.04353,Nischal
2018-07-14 03:30:00,125.33333600000002,138.0,28.41508,77.04353,Nischal
2018-07-14 03:45:00,98.333336,112.66666399999998,28.41508,77.04353,Nischal
2018-07-14 04:00:00,79.0,88.0,28.41508,77.04353,Nischal
2018-07-14 04:15:00,68.0,76.666664,28.41508,77.04353,Nischal
2018-07-14 04:30:00,69.0,79.0,28.41508,77.04353,Nischal
2018-07-14 04:45:00,69.666664,77.666664,28.41508,77.04353,Nischal
2018-07-14 05:00:00,104.666664,118.66666399999998,28.41508,77.04353,Nischal
2018-07-14 05:15:00,65.333336,74.333336,28.41508,77.04353,Nischal
2018-07-14 05:30:00,38.0,43.333332,28.41508,77.04353,Nischal
2018-07-14 05:45:00,50.333332,54.66666800000001,28.41508,77.04353,Nischal
2018-07-14 06:00:00,41.333332,44.666668,28.41508,77.04353,Nischal
2018-07-14 06:15:00,34.333332,36.666668,28.41508,77.04353,Nischal
2018-07-14 06:30:00,32.666668,34.666668,28.41508,77.04353,Nischal
2018-07-14 06:45:00,39.0,42.0,28.41508,77.04353,Nischal
2018-07-14 07:00:00,51.333332,55.66666800000001,28.41508,77.04353,Nischal
2018-07-14 07:15:00,61.33333199999999,67.666664,28.41508,77.04353,Nischal
2018-07-14 07:30:00,62.5,68.0,28.41508,77.04353,Nischal
2018-07-14 07:45:00,62.5,67.0,28.41508,77.04353,Nischal
2018-07-14 08:00:00,61.66666800000001,68.666664,28.41508,77.04353,Nischal
2018-07-14 08:15:00,59.0,66.666664,28.41508,77.04353,Nischal
2018-07-14 08:30:00,39.5,42.5,28.41508,77.04353,Nischal
2018-07-14 08:45:00,36.666668,38.666668,28.41508,77.04353,Nischal
2018-07-14 09:00:00,45.666668,48.333332,28.41508,77.04353,Nischal
2018-07-14 09:15:00,46.0,50.666668,28.41508,77.04353,Nischal
2018-07-14 09:30:00,36.666668,40.0,28.41508,77.04353,Nischal
2018-07-14 09:45:00,36.333332,38.0,28.41508,77.04353,Nischal
2018-07-14 10:00:00,38.333332,41.333332,28.41508,77.04353,Nischal
2018-07-14 10:15:00,46.333332,51.0,28.41508,77.04353,Nischal
2018-07-14 10:30:00,53.33333199999999,58.0,28.41508,77.04353,Nischal
2018-07-14 10:45:00,56.66666800000001,62.0,28.41508,77.04353,Nischal
2018-07-14 11:00:00,50.333332,54.33333199999999,28.41508,77.04353,Nischal
2018-07-14 11:15:00,45.5,48.5,28.41508,77.04353,Nischal
2018-07-14 11:30:00,47.0,51.0,28.41508,77.04353,Nischal
2018-07-14 11:45:00,45.0,48.666668,28.41508,77.04353,Nischal
2018-07-14 12:00:00,41.333332,44.666668,28.41508,77.04353,Nischal
2018-07-14 12:15:00,42.333332,45.333332,28.41508,77.04353,Nischal
2018-07-14 12:30:00,41.333332,46.0,28.41508,77.04353,Nischal
2018-07-14 12:45:00,46.5,50.5,28.41508,77.04353,Nischal
2018-07-14 13:00:00,45.333332,51.333332,28.41508,77.04353,Nischal
2018-07-14 13:15:00,46.0,51.333332,28.41508,77.04353,Nischal
2018-07-14 13:30:00,49.666668,55.0,28.41508,77.04353,Nischal
2018-07-14 13:45:00,51.666668,55.66666800000001,28.41508,77.04353,Nischal
2018-07-14 14:00:00,46.666668,51.666668,28.41508,77.04353,Nischal
2018-07-14 14:15:00,44.5,48.5,28.41508,77.04353,Nischal
2018-07-14 14:30:00,42.0,45.666668,28.41508,77.04353,Nischal
2018-07-14 14:45:00,40.0,42.0,28.41508,77.04353,Nischal
2018-07-14 15:00:00,38.333332,41.666668,28.41508,77.04353,Nischal
2018-07-14 15:15:00,50.0,55.0,28.41508,77.04353,Nischal
2018-07-14 15:30:00,48.333332,51.666668,28.41508,77.04353,Nischal
2018-07-14 15:45:00,50.666668,54.0,28.41508,77.04353,Nischal
2018-07-14 16:00:00,51.666668,55.33333199999999,28.41508,77.04353,Nischal
2018-07-14 16:15:00,57.66666800000001,62.33333199999999,28.41508,77.04353,Nischal
2018-07-14 16:30:00,61.0,68.666664,28.41508,77.04353,Nischal
2018-07-14 16:45:00,57.33333199999999,60.66666800000001,28.41508,77.04353,Nischal
2018-07-14 17:00:00,55.66666800000001,61.33333199999999,28.41508,77.04353,Nischal
2018-07-14 17:15:00,53.0,57.66666800000001,28.41508,77.04353,Nischal
2018-07-14 17:30:00,40.333332,43.666668,28.41508,77.04353,Nischal
2018-07-14 17:45:00,32.666668,35.666668,28.41508,77.04353,Nischal
2018-07-14 18:00:00,29.0,31.0,28.41508,77.04353,Nischal
2018-07-14 18:15:00,30.333334000000004,32.333332,28.41508,77.04353,Nischal
2018-07-14 18:30:00,29.0,31.666665999999996,28.41508,77.04353,Nischal
2018-07-14 18:45:00,29.0,31.333334000000004,28.41508,77.04353,Nischal
2018-07-14 19:00:00,27.333334000000004,30.333334000000004,28.41508,77.04353,Nischal
2018-07-14 19:15:00,29.666665999999996,31.666665999999996,28.41508,77.04353,Nischal
2018-07-14 19:30:00,34.666668,38.666668,28.41508,77.04353,Nischal
2018-07-14 19:45:00,37.0,40.666668,28.41508,77.04353,Nischal
2018-07-14 20:00:00,36.0,39.0,28.41508,77.04353,Nischal
2018-07-14 20:15:00,31.0,32.666668,28.41508,77.04353,Nischal
2018-07-14 20:30:00,27.0,29.0,28.41508,77.04353,Nischal
2018-07-14 20:45:00,29.0,31.666665999999996,28.41508,77.04353,Nischal
2018-07-14 21:00:00,27.0,28.666665999999996,28.41508,77.04353,Nischal
2018-07-14 21:15:00,29.333334000000004,32.0,28.41508,77.04353,Nischal
2018-07-14 21:30:00,32.0,34.0,28.41508,77.04353,Nischal
2018-07-14 21:45:00,33.333332,36.333332,28.41508,77.04353,Nischal
2018-07-14 22:00:00,38.666668,40.666668,28.41508,77.04353,Nischal
2018-07-14 22:15:00,42.333332,46.666668,28.41508,77.04353,Nischal
2018-07-14 22:30:00,47.666668,51.666668,28.41508,77.04353,Nischal
2018-07-14 22:45:00,50.0,54.66666800000001,28.41508,77.04353,Nischal
2018-07-14 23:00:00,49.0,52.0,28.41508,77.04353,Nischal
2018-07-14 23:15:00,50.666668,54.66666800000001,28.41508,77.04353,Nischal
2018-07-14 23:30:00,50.666668,53.0,28.41508,77.04353,Nischal
2018-07-14 23:45:00,53.66666800000001,57.66666800000001,28.41508,77.04353,Nischal
2018-07-15 00:00:00,54.0,59.33333199999999,28.41508,77.04353,Nischal
2018-07-15 00:15:00,56.33333199999999,60.66666800000001,28.41508,77.04353,Nischal
2018-07-15 00:30:00,52.66666800000001,56.66666800000001,28.41508,77.04353,Nischal
2018-07-15 00:45:00,44.666668,49.666668,28.41508,77.04353,Nischal
2018-07-15 01:00:00,41.666668,43.333332,28.41508,77.04353,Nischal
2018-07-15 01:15:00,41.0,43.0,28.41508,77.04353,Nischal
2018-07-15 01:30:00,46.5,49.5,28.41508,77.04353,Nischal
2018-07-15 01:45:00,47.333332,50.666668,28.41508,77.04353,Nischal
2018-07-15 02:00:00,47.666668,51.666668,28.41508,77.04353,Nischal
2018-07-15 02:15:00,50.666668,54.0,28.41508,77.04353,Nischal
2018-07-15 02:30:00,52.0,56.0,28.41508,77.04353,Nischal
2018-07-15 02:45:00,48.666668,54.33333199999999,28.41508,77.04353,Nischal
2018-07-15 03:00:00,46.666668,49.666668,28.41508,77.04353,Nischal
2018-07-15 03:15:00,42.666668,45.666668,28.41508,77.04353,Nischal
2018-07-15 03:30:00,44.666668,49.666668,28.41508,77.04353,Nischal
2018-07-15 03:45:00,44.0,49.0,28.41508,77.04353,Nischal
2018-07-15 04:00:00,43.666668,46.333332,28.41508,77.04353,Nischal
2018-07-15 04:15:00,45.0,48.0,28.41508,77.04353,Nischal
2018-07-15 04:30:00,51.333332,56.33333199999999,28.41508,77.04353,Nischal
2018-07-15 04:45:00,60.33333199999999,65.666664,28.41508,77.04353,Nischal
2018-07-15 05:00:00,71.333336,79.666664,28.41508,77.04353,Nischal
2018-07-15 05:15:00,81.666664,93.333336,28.41508,77.04353,Nischal
2018-07-15 05:30:00,68.333336,75.333336,28.41508,77.04353,Nischal
2018-07-15 05:45:00,59.33333199999999,68.0,28.41508,77.04353,Nischal
2018-07-15 06:00:00,58.0,63.33333199999999,28.41508,77.04353,Nischal
2018-07-15 06:15:00,52.66666800000001,56.33333199999999,28.41508,77.04353,Nischal
2018-07-15 06:30:00,51.333332,56.66666800000001,28.41508,77.04353,Nischal
2018-07-15 06:45:00,51.0,55.5,28.41508,77.04353,Nischal
2018-07-15 07:00:00,48.5,50.5,28.41508,77.04353,Nischal
2018-07-15 07:15:00,58.66666800000001,62.33333199999999,28.41508,77.04353,Nischal
2018-07-15 07:30:00,60.0,63.0,28.41508,77.04353,Nischal
2018-07-15 07:45:00,48.666668,52.333332,28.41508,77.04353,Nischal
2018-07-15 08:00:00,50.666668,54.66666800000001,28.41508,77.04353,Nischal
2018-07-15 08:15:00,56.0,61.5,28.41508,77.04353,Nischal
2018-07-15 08:30:00,49.666668,53.66666800000001,28.41508,77.04353,Nischal
2018-07-15 08:45:00,52.333332,56.33333199999999,28.41508,77.04353,Nischal
2018-07-15 09:00:00,55.66666800000001,60.0,28.41508,77.04353,Nischal
2018-07-15 09:15:00,56.0,60.33333199999999,28.41508,77.04353,Nischal
2018-07-15 09:30:00,52.5,55.5,28.41508,77.04353,Nischal
2018-07-15 09:45:00,50.0,56.66666800000001,28.41508,77.04353,Nischal
2018-07-15 10:00:00,55.33333199999999,61.0,28.41508,77.04353,Nischal
2018-07-15 10:15:00,52.0,56.33333199999999,28.41508,77.04353,Nischal
2018-07-15 10:30:00,53.0,56.33333199999999,28.41508,77.04353,Nischal
2018-07-15 10:45:00,53.66666800000001,59.0,28.41508,77.04353,Nischal
2018-07-15 11:00:00,54.66666800000001,59.33333199999999,28.41508,77.04353,Nischal
2018-07-15 11:15:00,56.0,63.0,28.41508,77.04353,Nischal
2018-07-15 11:30:00,53.0,57.66666800000001,28.41508,77.04353,Nischal
2018-07-15 11:45:00,53.66666800000001,58.33333199999999,28.41508,77.04353,Nischal
2018-07-15 12:00:00,50.333332,54.0,28.41508,77.04353,Nischal
2018-07-15 12:15:00,51.333332,54.66666800000001,28.41508,77.04353,Nischal
2018-07-15 12:30:00,54.0,60.0,28.41508,77.04353,Nischal
2018-07-15 12:45:00,52.66666800000001,57.33333199999999,28.41508,77.04353,Nischal
2018-07-15 13:00:00,48.333332,51.666668,28.41508,77.04353,Nischal
2018-07-15 13:15:00,48.0,52.0,28.41508,77.04353,Nischal
2018-07-15 13:30:00,48.666668,54.33333199999999,28.41508,77.04353,Nischal
2018-07-15 13:45:00,52.333332,56.66666800000001,28.41508,77.04353,Nischal
2018-07-15 14:00:00,52.0,55.0,28.41508,77.04353,Nischal
2018-07-15 14:15:00,54.0,59.0,28.41508,77.04353,Nischal
2018-07-15 14:30:00,60.0,65.0,28.41508,77.04353,Nischal
2018-07-15 14:45:00,63.0,68.0,28.41508,77.04353,Nischal
2018-07-15 15:00:00,68.0,76.666664,28.41508,77.04353,Nischal
2018-07-15 15:15:00,70.666664,78.666664,28.41508,77.04353,Nischal
2018-07-15 15:30:00,68.666664,74.666664,28.41508,77.04353,Nischal
2018-07-15 15:45:00,65.666664,71.0,28.41508,77.04353,Nischal
2018-07-15 16:00:00,67.0,73.333336,28.41508,77.04353,Nischal
2018-07-15 16:15:00,71.666664,77.333336,28.41508,77.04353,Nischal
2018-07-15 16:30:00,74.666664,80.0,28.41508,77.04353,Nischal
2018-07-15 16:45:00,82.0,88.666664,28.41508,77.04353,Nischal
2018-07-15 17:00:00,75.0,81.333336,28.41508,77.04353,Nischal
2018-07-15 17:15:00,70.666664,77.333336,28.41508,77.04353,Nischal
2018-07-15 17:30:00,84.333336,95.333336,28.41508,77.04353,Nischal
2018-07-15 17:45:00,88.0,96.0,28.41508,77.04353,Nischal
2018-07-15 18:00:00,83.666664,90.666664,28.41508,77.04353,Nischal
2018-07-15 18:15:00,69.333336,75.0,28.41508,77.04353,Nischal
2018-07-15 18:30:00,65.333336,71.333336,28.41508,77.04353,Nischal
2018-07-15 18:45:00,55.66666800000001,60.66666800000001,28.41508,77.04353,Nischal
2018-07-15 19:00:00,45.333332,49.666668,28.41508,77.04353,Nischal
2018-07-15 19:15:00,41.0,43.666668,28.41508,77.04353,Nischal
2018-07-15 19:30:00,41.333332,44.666668,28.41508,77.04353,Nischal
2018-07-15 19:45:00,42.666668,44.333332,28.41508,77.04353,Nischal
2018-07-15 20:00:00,46.333332,50.0,28.41508,77.04353,Nischal
2018-07-15 20:15:00,47.0,50.333332,28.41508,77.04353,Nischal
2018-07-15 20:30:00,47.333332,49.666668,28.41508,77.04353,Nischal
2018-07-15 20:45:00,49.333332,54.0,28.41508,77.04353,Nischal
2018-07-15 21:00:00,52.66666800000001,58.0,28.41508,77.04353,Nischal
2018-07-15 21:15:00,55.0,58.0,28.41508,77.04353,Nischal
2018-07-15 21:30:00,52.333332,54.33333199999999,28.41508,77.04353,Nischal
2018-07-15 21:45:00,43.666668,47.666668,28.41508,77.04353,Nischal
2018-07-15 22:00:00,41.666668,43.666668,28.41508,77.04353,Nischal
2018-07-15 22:15:00,41.0,44.333332,28.41508,77.04353,Nischal
2018-07-15 22:30:00,39.666668,44.0,28.41508,77.04353,Nischal
2018-07-15 22:45:00,39.333332,40.666668,28.41508,77.04353,Nischal
2018-07-15 23:00:00,36.333332,40.0,28.41508,77.04353,Nischal
2018-07-15 23:15:00,36.333332,39.0,28.41508,77.04353,Nischal
2018-07-15 23:30:00,35.666668,37.666668,28.41508,77.04353,Nischal
2018-07-15 23:45:00,35.0,36.333332,28.41508,77.04353,Nischal
2018-07-16 00:00:00,34.666668,37.0,28.41508,77.04353,Nischal
2018-07-16 00:15:00,34.666668,38.0,28.41508,77.04353,Nischal
2018-07-16 00:30:00,37.0,39.666668,28.41508,77.04353,Nischal
2018-07-16 00:45:00,37.0,40.333332,28.41508,77.04353,Nischal
2018-07-16 01:00:00,41.333332,43.666668,28.41508,77.04353,Nischal
2018-07-16 01:15:00,44.666668,48.666668,28.41508,77.04353,Nischal
2018-07-16 01:30:00,48.666668,53.0,28.41508,77.04353,Nischal
2018-07-16 01:45:00,49.0,53.0,28.41508,77.04353,Nischal
2018-07-16 02:00:00,54.66666800000001,60.66666800000001,28.41508,77.04353,Nischal
2018-07-16 02:15:00,67.0,71.333336,28.41508,77.04353,Nischal
2018-07-16 02:30:00,87.0,97.666664,28.41508,77.04353,Nischal
2018-07-16 02:45:00,99.0,112.0,28.41508,77.04353,Nischal
2018-07-16 03:00:00,91.666664,101.666664,28.41508,77.04353,Nischal
2018-07-16 03:15:00,82.0,91.333336,28.41508,77.04353,Nischal
2018-07-16 03:30:00,77.333336,86.0,28.41508,77.04353,Nischal
2018-07-16 03:45:00,87.333336,96.333336,28.41508,77.04353,Nischal
2018-07-16 04:00:00,73.333336,79.666664,28.41508,77.04353,Nischal
2018-07-16 04:15:00,77.333336,85.333336,28.41508,77.04353,Nischal
2018-07-16 04:30:00,86.666664,92.333336,28.41508,77.04353,Nischal
2018-07-16 04:45:00,88.666664,97.0,28.41508,77.04353,Nischal
2018-07-16 05:00:00,86.0,94.0,28.41508,77.04353,Nischal
2018-07-16 05:15:00,75.0,82.666664,28.41508,77.04353,Nischal
2018-07-16 05:30:00,70.333336,77.0,28.41508,77.04353,Nischal
2018-07-16 05:45:00,62.66666800000001,65.333336,28.41508,77.04353,Nischal
2018-07-16 06:00:00,57.0,62.0,28.41508,77.04353,Nischal
2018-07-16 06:15:00,58.0,62.0,28.41508,77.04353,Nischal
2018-07-16 06:30:00,64.0,69.0,28.41508,77.04353,Nischal
2018-07-16 06:45:00,61.0,65.666664,28.41508,77.04353,Nischal
2018-07-16 07:00:00,56.0,59.66666800000001,28.41508,77.04353,Nischal
2018-07-16 07:15:00,60.5,67.0,28.41508,77.04353,Nischal
2018-07-16 07:30:00,58.0,62.0,28.41508,77.04353,Nischal
2018-07-16 07:45:00,59.0,61.66666800000001,28.41508,77.04353,Nischal
2018-07-16 08:00:00,61.66666800000001,65.0,28.41508,77.04353,Nischal
2018-07-16 08:15:00,60.33333199999999,64.333336,28.41508,77.04353,Nischal
2018-07-16 08:30:00,62.0,66.333336,28.41508,77.04353,Nischal
2018-07-16 08:45:00,62.33333199999999,67.666664,28.41508,77.04353,Nischal
2018-07-16 09:00:00,67.333336,72.0,28.41508,77.04353,Nischal
2018-07-16 09:15:00,58.33333199999999,62.66666800000001,28.41508,77.04353,Nischal
2018-07-16 09:30:00,42.666668,45.0,28.41508,77.04353,Nischal
2018-07-16 09:45:00,36.333332,39.0,28.41508,77.04353,Nischal
2018-07-16 10:00:00,35.0,39.0,28.41508,77.04353,Nischal
2018-07-16 10:15:00,29.666665999999996,31.333334000000004,28.41508,77.04353,Nischal
2018-07-16 10:30:00,27.0,29.333334000000004,28.41508,77.04353,Nischal
2018-07-16 10:45:00,26.333334000000004,27.666665999999996,28.41508,77.04353,Nischal
2018-07-16 11:00:00,35.0,38.666668,28.41508,77.04353,Nischal
2018-07-16 11:15:00,36.333332,40.0,28.41508,77.04353,Nischal
2018-07-16 11:30:00,31.333334000000004,32.666668,28.41508,77.04353,Nischal
2018-07-16 11:45:00,28.333334000000004,30.666665999999996,28.41508,77.04353,Nischal
2018-07-16 12:00:00,27.666665999999996,29.666665999999996,28.41508,77.04353,Nischal
2018-07-16 12:15:00,29.0,31.0,28.41508,77.04353,Nischal
2018-07-16 12:30:00,34.0,35.333332,28.41508,77.04353,Nischal
2018-07-16 12:45:00,37.333332,40.333332,28.41508,77.04353,Nischal
2018-07-16 13:00:00,35.333332,36.666668,28.41508,77.04353,Nischal
2018-07-16 13:15:00,45.0,48.5,28.41508,77.04353,Nischal
2018-07-16 13:30:00,55.66666800000001,59.66666800000001,28.41508,77.04353,Nischal
2018-07-16 13:45:00,54.66666800000001,58.66666800000001,28.41508,77.04353,Nischal
2018-07-16 14:00:00,54.66666800000001,58.66666800000001,28.41508,77.04353,Nischal
2018-07-16 14:15:00,58.33333199999999,63.0,28.41508,77.04353,Nischal
2018-07-16 14:30:00,58.0,61.0,28.41508,77.04353,Nischal
2018-07-16 14:45:00,65.0,70.0,28.41508,77.04353,Nischal
2018-07-16 15:00:00,63.33333199999999,68.0,28.41508,77.04353,Nischal
2018-07-16 15:15:00,62.0,69.0,28.41508,77.04353,Nischal
2018-07-16 15:30:00,60.66666800000001,65.333336,28.41508,77.04353,Nischal
2018-07-16 15:45:00,86.0,95.666664,28.41508,77.04353,Nischal
2018-07-16 16:00:00,93.666664,105.33333600000002,28.41508,77.04353,Nischal
2018-07-16 16:15:00,97.0,106.33333600000002,28.41508,77.04353,Nischal
2018-07-16 16:30:00,102.0,113.0,28.41508,77.04353,Nischal
2018-07-16 16:45:00,108.66666399999998,120.33333600000002,28.41508,77.04353,Nischal
2018-07-16 17:00:00,113.66666399999998,124.33333600000002,28.41508,77.04353,Nischal
2018-07-16 17:15:00,78.0,82.666664,28.41508,77.04353,Nischal
2018-07-16 17:30:00,68.666664,75.333336,28.41508,77.04353,Nischal
2018-07-16 17:45:00,61.66666800000001,68.666664,28.41508,77.04353,Nischal
2018-07-16 18:00:00,220.66667,271.33333999999996,28.41508,77.04353,Nischal
2018-07-16 18:15:00,455.33334,584.0,28.41508,77.04353,Nischal
2018-07-16 18:30:00,152.66666999999998,174.0,28.41508,77.04353,Nischal
2018-07-16 18:45:00,98.0,110.33333600000002,28.41508,77.04353,Nischal
2018-07-16 19:00:00,42.333332,45.333332,28.41508,77.04353,Nischal
2018-07-16 19:15:00,16.666666,17.666666,28.41508,77.04353,Nischal
2018-07-16 19:30:00,12.666667,13.666667000000002,28.41508,77.04353,Nischal
2018-07-16 19:45:00,12.666667,13.333332999999998,28.41508,77.04353,Nischal
2018-07-16 20:00:00,15.0,16.0,28.41508,77.04353,Nischal
2018-07-16 20:15:00,30.666665999999996,31.666665999999996,28.41508,77.04353,Nischal
2018-07-16 20:30:00,56.0,61.33333199999999,28.41508,77.04353,Nischal
2018-07-16 20:45:00,65.666664,71.0,28.41508,77.04353,Nischal
2018-07-16 21:00:00,72.333336,79.666664,28.41508,77.04353,Nischal
2018-07-16 21:15:00,73.333336,79.666664,28.41508,77.04353,Nischal
2018-07-16 21:30:00,73.0,78.666664,28.41508,77.04353,Nischal
2018-07-16 21:45:00,66.666664,71.333336,28.41508,77.04353,Nischal
2018-07-16 22:00:00,69.0,73.666664,28.41508,77.04353,Nischal
2018-07-16 22:15:00,68.0,74.0,28.41508,77.04353,Nischal
2018-07-16 22:30:00,64.0,69.666664,28.41508,77.04353,Nischal
2018-07-16 22:45:00,63.33333199999999,67.333336,28.41508,77.04353,Nischal
2018-07-16 23:00:00,65.666664,70.333336,28.41508,77.04353,Nischal
2018-07-16 23:15:00,60.0,65.666664,28.41508,77.04353,Nischal
2018-07-16 23:30:00,53.0,56.33333199999999,28.41508,77.04353,Nischal
2018-07-16 23:45:00,53.0,58.33333199999999,28.41508,77.04353,Nischal
2018-07-17 00:00:00,48.333332,51.0,28.41508,77.04353,Nischal
2018-07-17 00:15:00,42.666668,44.333332,28.41508,77.04353,Nischal
2018-07-17 00:30:00,42.666668,45.666668,28.41508,77.04353,Nischal
2018-07-17 00:45:00,40.666668,44.333332,28.41508,77.04353,Nischal
2018-07-17 01:00:00,40.0,43.0,28.41508,77.04353,Nischal
2018-07-17 01:15:00,41.333332,45.0,28.41508,77.04353,Nischal
2018-07-17 01:30:00,49.0,53.66666800000001,28.41508,77.04353,Nischal
2018-07-17 01:45:00,52.0,57.66666800000001,28.41508,77.04353,Nischal
2018-07-17 02:00:00,55.0,61.0,28.41508,77.04353,Nischal
2018-07-17 02:15:00,53.0,57.66666800000001,28.41508,77.04353,Nischal
2018-07-17 02:30:00,51.333332,55.66666800000001,28.41508,77.04353,Nischal
2018-07-17 02:45:00,51.0,57.33333199999999,28.41508,77.04353,Nischal
2018-07-17 03:00:00,45.666668,50.333332,28.41508,77.04353,Nischal
2018-07-17 03:15:00,44.0,48.666668,28.41508,77.04353,Nischal
2018-07-17 03:30:00,37.333332,41.333332,28.41508,77.04353,Nischal
2018-07-17 03:45:00,34.666668,36.333332,28.41508,77.04353,Nischal
2018-07-17 04:00:00,36.0,38.0,28.41508,77.04353,Nischal
2018-07-17 04:15:00,37.666668,41.0,28.41508,77.04353,Nischal
2018-07-17 04:30:00,73.333336,81.666664,28.41508,77.04353,Nischal
2018-07-17 04:45:00,34.333332,38.333332,28.41508,77.04353,Nischal
2018-07-17 05:00:00,28.333334000000004,31.0,28.41508,77.04353,Nischal
2018-07-17 05:15:00,31.333334000000004,33.333332,28.41508,77.04353,Nischal
2018-07-17 05:30:00,33.666668,35.666668,28.41508,77.04353,Nischal
2018-07-17 05:45:00,35.666668,38.0,28.41508,77.04353,Nischal
2018-07-17 06:00:00,35.0,38.333332,28.41508,77.04353,Nischal
2018-07-17 06:15:00,34.666668,36.666668,28.41508,77.04353,Nischal
2018-07-17 06:30:00,35.333332,36.333332,28.41508,77.04353,Nischal
2018-07-17 06:45:00,35.0,37.0,28.41508,77.04353,Nischal
2018-07-17 07:00:00,34.666668,37.333332,28.41508,77.04353,Nischal
2018-07-17 07:15:00,35.0,35.666668,28.41508,77.04353,Nischal
2018-07-17 07:30:00,35.666668,36.0,28.41508,77.04353,Nischal
2018-07-17 07:45:00,38.666668,39.666668,28.41508,77.04353,Nischal
2018-07-17 08:00:00,39.0,41.0,28.41508,77.04353,Nischal
2018-07-17 08:15:00,36.0,38.333332,28.41508,77.04353,Nischal
2018-07-17 08:30:00,37.333332,39.0,28.41508,77.04353,Nischal
2018-07-17 08:45:00,36.0,39.0,28.41508,77.04353,Nischal
2018-07-17 09:00:00,35.333332,36.0,28.41508,77.04353,Nischal
2018-07-17 09:15:00,33.333332,35.0,28.41508,77.04353,Nischal
2018-07-17 09:30:00,37.666668,40.333332,28.41508,77.04353,Nischal
2018-07-17 09:45:00,41.666668,43.666668,28.41508,77.04353,Nischal
2018-07-17 10:00:00,42.333332,44.333332,28.41508,77.04353,Nischal
2018-07-17 10:15:00,45.0,47.666668,28.41508,77.04353,Nischal
2018-07-17 10:30:00,44.0,45.333332,28.41508,77.04353,Nischal
2018-07-17 10:45:00,46.333332,49.0,28.41508,77.04353,Nischal
2018-07-17 11:00:00,45.0,47.5,28.41508,77.04353,Nischal
2018-07-17 11:15:00,38.0,40.333332,28.41508,77.04353,Nischal
2018-07-17 11:30:00,31.0,31.666665999999996,28.41508,77.04353,Nischal
2018-07-17 11:45:00,31.666665999999996,32.666668,28.41508,77.04353,Nischal
2018-07-17 12:00:00,33.333332,34.333332,28.41508,77.04353,Nischal
2018-07-17 12:15:00,32.666668,33.333332,28.41508,77.04353,Nischal
2018-07-17 12:30:00,34.333332,37.666668,28.41508,77.04353,Nischal
2018-07-17 12:45:00,32.333332,34.333332,28.41508,77.04353,Nischal
2018-07-17 13:00:00,30.333334000000004,32.0,28.41508,77.04353,Nischal
2018-07-17 13:15:00,32.0,33.666668,28.41508,77.04353,Nischal
2018-07-17 13:30:00,32.0,34.0,28.41508,77.04353,Nischal
2018-07-17 13:45:00,35.0,36.0,28.41508,77.04353,Nischal
2018-07-17 14:00:00,58.66666800000001,60.66666800000001,28.41508,77.04353,Nischal
2018-07-17 14:15:00,85.333336,91.333336,28.41508,77.04353,Nischal
2018-07-17 14:30:00,103.666664,114.66666399999998,28.41508,77.04353,Nischal
2018-07-17 14:45:00,107.0,117.33333600000002,28.41508,77.04353,Nischal
2018-07-17 15:00:00,110.33333600000002,119.66666399999998,28.41508,77.04353,Nischal
2018-07-17 15:15:00,109.33333600000002,118.33333600000002,28.41508,77.04353,Nischal
2018-07-17 15:30:00,114.66666399999998,125.33333600000002,28.41508,77.04353,Nischal
2018-07-17 15:45:00,162.0,176.33333000000002,28.41508,77.04353,Nischal
2018-07-17 16:00:00,162.66666999999998,178.0,28.41508,77.04353,Nischal
2018-07-17 16:15:00,168.0,184.0,28.41508,77.04353,Nischal
2018-07-17 16:30:00,155.33333000000002,171.66666999999998,28.41508,77.04353,Nischal
2018-07-17 16:45:00,150.33333000000002,168.66666999999998,28.41508,77.04353,Nischal
2018-07-17 17:00:00,219.66667,248.66667,28.41508,77.04353,Nischal
2018-07-17 17:15:00,383.33333999999996,468.66666,28.41508,77.04353,Nischal
2018-07-17 17:30:00,105.66666399999998,117.0,28.41508,77.04353,Nischal
2018-07-17 17:45:00,62.0,68.666664,28.41508,77.04353,Nischal
2018-07-17 18:00:00,52.66666800000001,55.66666800000001,28.41508,77.04353,Nischal
2018-07-17 18:15:00,56.0,61.33333199999999,28.41508,77.04353,Nischal
2018-07-17 18:30:00,403.33333999999996,499.66666,28.41508,77.04353,Nischal
2018-07-17 18:45:00,223.66667,264.33333999999996,28.41508,77.04353,Nischal
2018-07-17 19:00:00,74.0,82.333336,28.41508,77.04353,Nischal
2018-07-17 19:15:00,41.666668,44.0,28.41508,77.04353,Nischal
2018-07-17 19:30:00,42.0,44.0,28.41508,77.04353,Nischal
2018-07-17 19:45:00,42.666668,46.333332,28.41508,77.04353,Nischal
2018-07-17 20:00:00,42.0,44.333332,28.41508,77.04353,Nischal
2018-07-17 20:15:00,43.333332,45.0,28.41508,77.04353,Nischal
2018-07-17 20:30:00,46.666668,50.333332,28.41508,77.04353,Nischal
2018-07-17 20:45:00,43.333332,47.333332,28.41508,77.04353,Nischal
2018-07-17 21:00:00,45.0,47.0,28.41508,77.04353,Nischal
2018-07-17 21:15:00,46.666668,50.333332,28.41508,77.04353,Nischal
2018-07-17 21:30:00,51.666668,53.66666800000001,28.41508,77.04353,Nischal
2018-07-17 21:45:00,58.33333199999999,63.0,28.41508,77.04353,Nischal
2018-07-17 22:00:00,59.0,61.66666800000001,28.41508,77.04353,Nischal
2018-07-17 22:15:00,56.0,58.66666800000001,28.41508,77.04353,Nischal
2018-07-17 22:30:00,54.0,57.33333199999999,28.41508,77.04353,Nischal
2018-07-17 22:45:00,52.5,57.0,28.41508,77.04353,Nischal
2018-07-17 23:00:00,51.0,54.66666800000001,28.41508,77.04353,Nischal
2018-07-17 23:15:00,49.666668,54.66666800000001,28.41508,77.04353,Nischal
2018-07-17 23:30:00,49.666668,53.0,28.41508,77.04353,Nischal
2018-07-17 23:45:00,48.666668,53.0,28.41508,77.04353,Nischal
2018-07-18 00:00:00,48.333332,52.0,28.41508,77.04353,Nischal
2018-07-18 00:15:00,56.0,60.0,28.41508,77.04353,Nischal
2018-07-18 00:30:00,56.0,61.66666800000001,28.41508,77.04353,Nischal
2018-07-18 00:45:00,53.33333199999999,56.0,28.41508,77.04353,Nischal
2018-07-18 01:00:00,49.333332,54.66666800000001,28.41508,77.04353,Nischal
2018-07-18 01:15:00,43.333332,46.666668,28.41508,77.04353,Nischal
2018-07-18 01:30:00,43.666668,47.333332,28.41508,77.04353,Nischal
2018-07-18 01:45:00,46.333332,49.666668,28.41508,77.04353,Nischal
2018-07-18 02:00:00,43.666668,46.666668,28.41508,77.04353,Nischal
2018-07-18 02:15:00,44.666668,46.666668,28.41508,77.04353,Nischal
2018-07-18 02:30:00,59.66666800000001,65.333336,28.41508,77.04353,Nischal
2018-07-18 02:45:00,65.333336,72.333336,28.41508,77.04353,Nischal
2018-07-18 03:00:00,62.66666800000001,68.333336,28.41508,77.04353,Nischal
2018-07-18 03:15:00,70.333336,77.333336,28.41508,77.04353,Nischal
2018-07-18 03:30:00,57.33333199999999,61.33333199999999,28.41508,77.04353,Nischal
2018-07-18 03:45:00,56.33333199999999,59.66666800000001,28.41508,77.04353,Nischal
2018-07-18 04:00:00,61.0,69.0,28.41508,77.04353,Nischal
2018-07-18 04:15:00,52.0,54.33333199999999,28.41508,77.04353,Nischal
2018-07-18 04:30:00,42.333332,45.666668,28.41508,77.04353,Nischal
2018-07-18 04:45:00,36.333332,39.0,28.41508,77.04353,Nischal
2018-07-18 05:00:00,34.0,39.0,28.41508,77.04353,Nischal
2018-07-18 05:15:00,28.0,29.333334000000004,28.41508,77.04353,Nischal
2018-07-18 05:30:00,23.0,24.333334,28.41508,77.04353,Nischal
2018-07-18 05:45:00,23.0,23.333334,28.41508,77.04353,Nischal
2018-07-18 06:00:00,23.0,24.0,28.41508,77.04353,Nischal
2018-07-18 06:15:00,23.333334,27.333334000000004,28.41508,77.04353,Nischal
2018-07-18 06:30:00,27.666665999999996,28.666665999999996,28.41508,77.04353,Nischal
2018-07-18 06:45:00,28.0,29.333334000000004,28.41508,77.04353,Nischal
2018-07-18 07:00:00,28.0,29.0,28.41508,77.04353,Nischal
2018-07-18 07:15:00,28.333334000000004,29.333334000000004,28.41508,77.04353,Nischal
2018-07-18 07:30:00,557.3333,717.6667,28.41508,77.04353,Nischal
2018-07-18 07:45:00,53.0,55.33333199999999,28.41508,77.04353,Nischal
2018-07-18 08:00:00,39.0,43.333332,28.41508,77.04353,Nischal
2018-07-18 08:15:00,34.666668,38.333332,28.41508,77.04353,Nischal
2018-07-18 08:30:00,34.666668,39.333332,28.41508,77.04353,Nischal
2018-07-18 08:45:00,36.333332,38.666668,28.41508,77.04353,Nischal
2018-07-18 09:00:00,33.666668,34.666668,28.41508,77.04353,Nischal
2018-07-18 09:15:00,30.666665999999996,33.0,28.41508,77.04353,Nischal
2018-07-18 09:30:00,25.0,26.333334000000004,28.41508,77.04353,Nischal
2018-07-18 09:45:00,22.0,23.0,28.41508,77.04353,Nischal
2018-07-18 10:00:00,20.333334,21.666666,28.41508,77.04353,Nischal
2018-07-18 10:15:00,20.0,22.0,28.41508,77.04353,Nischal
2018-07-18 10:30:00,19.333334,20.0,28.41508,77.04353,Nischal
2018-07-18 10:45:00,19.0,21.0,28.41508,77.04353,Nischal
2018-07-18 11:00:00,18.0,18.0,28.41508,77.04353,Nischal
2018-07-18 11:15:00,25.333334,27.333334000000004,28.41508,77.04353,Nischal
2018-07-18 11:30:00,27.0,27.333334000000004,28.41508,77.04353,Nischal
2018-07-18 11:45:00,22.666666,23.666666,28.41508,77.04353,Nischal
2018-07-18 12:00:00,25.0,26.666665999999996,28.41508,77.04353,Nischal
2018-07-18 12:15:00,25.666666,27.666665999999996,28.41508,77.04353,Nischal
2018-07-18 12:30:00,25.0,26.0,28.41508,77.04353,Nischal
2018-07-18 12:45:00,24.0,24.666666,28.41508,77.04353,Nischal
2018-07-18 13:00:00,23.666666,26.666665999999996,28.41508,77.04353,Nischal
2018-07-18 13:15:00,24.666666,27.333334000000004,28.41508,77.04353,Nischal
2018-07-18 13:30:00,26.0,27.333334000000004,28.41508,77.04353,Nischal
2018-07-18 13:45:00,24.333334,26.0,28.41508,77.04353,Nischal
2018-07-18 14:00:00,28.0,30.0,28.41508,77.04353,Nischal
2018-07-18 14:15:00,36.0,38.0,28.41508,77.04353,Nischal
2018-07-18 14:30:00,37.666668,41.666668,28.41508,77.04353,Nischal
2018-07-18 14:45:00,35.333332,38.333332,28.41508,77.04353,Nischal
2018-07-18 15:00:00,33.333332,34.666668,28.41508,77.04353,Nischal
2018-07-18 15:15:00,36.333332,40.333332,28.41508,77.04353,Nischal
2018-07-18 15:30:00,39.333332,42.666668,28.41508,77.04353,Nischal
2018-07-18 15:45:00,41.666668,43.666668,28.41508,77.04353,Nischal
2018-07-18 16:00:00,40.333332,43.666668,28.41508,77.04353,Nischal
2018-07-18 16:15:00,38.666668,41.0,28.41508,77.04353,Nischal
2018-07-18 16:30:00,36.0,38.666668,28.41508,77.04353,Nischal
2018-07-18 16:45:00,39.0,43.333332,28.41508,77.04353,Nischal
2018-07-18 17:00:00,40.0,42.666668,28.41508,77.04353,Nischal
2018-07-18 17:15:00,33.333332,33.666668,28.41508,77.04353,Nischal
2018-07-18 17:30:00,34.666668,37.666668,28.41508,77.04353,Nischal
2018-07-18 17:45:00,36.0,39.333332,28.41508,77.04353,Nischal
2018-07-18 18:00:00,38.0,40.0,28.41508,77.04353,Nischal
2018-07-18 18:15:00,412.66666000000004,537.0,28.41508,77.04353,Nischal
2018-07-18 18:30:00,829.3333,1115.0,28.41508,77.04353,Nischal
2018-07-18 18:45:00,349.33333999999996,436.66666,28.41508,77.04353,Nischal
2018-07-18 19:00:00,135.0,157.33333000000002,28.41508,77.04353,Nischal
2018-07-18 19:15:00,79.0,89.333336,28.41508,77.04353,Nischal
2018-07-18 19:30:00,63.66666800000001,70.0,28.41508,77.04353,Nischal
2018-07-18 19:45:00,57.33333199999999,63.0,28.41508,77.04353,Nischal
2018-07-18 20:00:00,59.33333199999999,64.0,28.41508,77.04353,Nischal
2018-07-18 20:15:00,60.33333199999999,65.666664,28.41508,77.04353,Nischal
2018-07-18 20:30:00,62.0,67.666664,28.41508,77.04353,Nischal
2018-07-18 20:45:00,59.0,67.0,28.41508,77.04353,Nischal
2018-07-18 21:00:00,64.0,68.333336,28.41508,77.04353,Nischal
2018-07-18 21:15:00,58.33333199999999,64.0,28.41508,77.04353,Nischal
2018-07-18 21:30:00,57.66666800000001,64.666664,28.41508,77.04353,Nischal
2018-07-18 21:45:00,54.0,60.33333199999999,28.41508,77.04353,Nischal
2018-07-18 22:00:00,53.33333199999999,61.33333199999999,28.41508,77.04353,Nischal
2018-07-18 22:15:00,51.333332,56.0,28.41508,77.04353,Nischal
2018-07-18 22:30:00,57.0,65.0,28.41508,77.04353,Nischal
2018-07-18 22:45:00,61.66666800000001,69.666664,28.41508,77.04353,Nischal
2018-07-18 23:00:00,63.33333199999999,70.333336,28.41508,77.04353,Nischal
2018-07-18 23:15:00,68.333336,75.0,28.41508,77.04353,Nischal
2018-07-18 23:30:00,69.333336,75.333336,28.41508,77.04353,Nischal
2018-07-18 23:45:00,70.0,75.666664,28.41508,77.04353,Nischal
2018-07-19 00:00:00,73.333336,80.666664,28.41508,77.04353,Nischal
2018-07-19 00:15:00,73.333336,78.333336,28.41508,77.04353,Nischal
2018-07-19 00:30:00,71.333336,78.666664,28.41508,77.04353,Nischal
2018-07-19 00:45:00,69.666664,78.333336,28.41508,77.04353,Nischal
2018-07-19 01:00:00,70.666664,76.333336,28.41508,77.04353,Nischal
2018-07-19 01:15:00,69.666664,77.333336,28.41508,77.04353,Nischal
2018-07-19 01:30:00,69.666664,74.333336,28.41508,77.04353,Nischal
2018-07-19 01:45:00,71.666664,78.666664,28.41508,77.04353,Nischal
2018-07-19 02:00:00,67.666664,73.333336,28.41508,77.04353,Nischal
2018-07-19 02:15:00,67.0,75.0,28.41508,77.04353,Nischal
2018-07-19 02:30:00,64.666664,68.666664,28.41508,77.04353,Nischal
2018-07-19 02:45:00,67.333336,74.666664,28.41508,77.04353,Nischal
2018-07-19 03:00:00,64.333336,69.666664,28.41508,77.04353,Nischal
2018-07-19 03:15:00,58.33333199999999,62.0,28.41508,77.04353,Nischal
2018-07-19 03:30:00,51.333332,56.0,28.41508,77.04353,Nischal
2018-07-19 03:45:00,43.0,45.333332,28.41508,77.04353,Nischal
2018-07-19 04:00:00,44.0,46.333332,28.41508,77.04353,Nischal
2018-07-19 04:15:00,46.0,50.666668,28.41508,77.04353,Nischal
2018-07-19 04:30:00,52.0,56.66666800000001,28.41508,77.04353,Nischal
2018-07-19 04:45:00,61.66666800000001,65.666664,28.41508,77.04353,Nischal
2018-07-19 05:00:00,58.33333199999999,63.0,28.41508,77.04353,Nischal
2018-07-19 05:15:00,58.0,62.66666800000001,28.41508,77.04353,Nischal
2018-07-19 05:30:00,50.0,54.33333199999999,28.41508,77.04353,Nischal
2018-07-19 05:45:00,46.0,49.0,28.41508,77.04353,Nischal
2018-07-19 06:00:00,46.0,48.666668,28.41508,77.04353,Nischal
2018-07-19 06:15:00,42.0,44.333332,28.41508,77.04353,Nischal
2018-07-19 06:30:00,37.0,40.333332,28.41508,77.04353,Nischal
2018-07-19 06:45:00,34.333332,36.0,28.41508,77.04353,Nischal
2018-07-19 07:00:00,36.666668,37.333332,28.41508,77.04353,Nischal
2018-07-19 07:15:00,38.5,41.0,28.41508,77.04353,Nischal
2018-07-19 07:30:00,36.333332,38.0,28.41508,77.04353,Nischal
2018-07-19 07:45:00,33.333332,35.333332,28.41508,77.04353,Nischal
2018-07-19 08:00:00,34.333332,36.0,28.41508,77.04353,Nischal
2018-07-19 08:15:00,33.666668,36.0,28.41508,77.04353,Nischal
2018-07-19 08:30:00,37.5,39.0,28.41508,77.04353,Nischal
2018-07-19 08:45:00,41.5,45.0,28.41508,77.04353,Nischal
2018-07-19 09:00:00,46.333332,50.333332,28.41508,77.04353,Nischal
2018-07-19 09:15:00,48.333332,52.333332,28.41508,77.04353,Nischal
2018-07-19 09:30:00,47.333332,50.333332,28.41508,77.04353,Nischal
2018-07-19 09:45:00,47.0,48.666668,28.41508,77.04353,Nischal
2018-07-19 10:00:00,46.333332,50.0,28.41508,77.04353,Nischal
2018-07-19 10:15:00,45.0,47.666668,28.41508,77.04353,Nischal
2018-07-19 10:30:00,44.0,46.333332,28.41508,77.04353,Nischal
2018-07-19 10:45:00,42.0,45.333332,28.41508,77.04353,Nischal
2018-07-19 11:00:00,46.666668,51.666668,28.41508,77.04353,Nischal
2018-07-19 11:15:00,43.333332,44.333332,28.41508,77.04353,Nischal
2018-07-19 11:30:00,44.0,47.0,28.41508,77.04353,Nischal
2018-07-19 11:45:00,41.0,43.666668,28.41508,77.04353,Nischal
2018-07-19 12:00:00,39.0,42.666668,28.41508,77.04353,Nischal
2018-07-19 12:15:00,43.666668,46.0,28.41508,77.04353,Nischal
2018-07-19 12:30:00,43.0,46.0,28.41508,77.04353,Nischal
2018-07-19 12:45:00,33.0,35.5,28.41508,77.04353,Nischal
2018-07-19 13:00:00,39.0,42.333332,28.41508,77.04353,Nischal
2018-07-19 13:15:00,40.333332,43.333332,28.41508,77.04353,Nischal
2018-07-19 13:30:00,43.666668,47.0,28.41508,77.04353,Nischal
2018-07-19 13:45:00,44.0,48.0,28.41508,77.04353,Nischal
2018-07-19 14:00:00,48.0,51.333332,28.41508,77.04353,Nischal
2018-07-19 14:15:00,42.0,47.0,28.41508,77.04353,Nischal
2018-07-19 14:30:00,40.333332,43.666668,28.41508,77.04353,Nischal
2018-07-19 14:45:00,44.0,47.0,28.41508,77.04353,Nischal
2018-07-19 15:00:00,46.666668,50.333332,28.41508,77.04353,Nischal
2018-07-19 15:15:00,48.666668,52.66666800000001,28.41508,77.04353,Nischal
2018-07-19 15:30:00,45.333332,48.0,28.41508,77.04353,Nischal
2018-07-19 15:45:00,42.666668,45.666668,28.41508,77.04353,Nischal
2018-07-19 16:00:00,42.0,45.333332,28.41508,77.04353,Nischal
2018-07-19 16:15:00,45.666668,49.666668,28.41508,77.04353,Nischal
2018-07-19 16:30:00,46.333332,50.333332,28.41508,77.04353,Nischal
2018-07-19 16:45:00,48.666668,53.0,28.41508,77.04353,Nischal
2018-07-19 17:00:00,54.0,59.33333199999999,28.41508,77.04353,Nischal
2018-07-19 17:15:00,49.0,50.666668,28.41508,77.04353,Nischal
2018-07-19 17:30:00,51.333332,54.66666800000001,28.41508,77.04353,Nischal
2018-07-19 17:45:00,47.333332,50.333332,28.41508,77.04353,Nischal
2018-07-19 18:00:00,46.0,50.0,28.41508,77.04353,Nischal
2018-07-19 18:15:00,42.0,46.0,28.41508,77.04353,Nischal
2018-07-19 18:30:00,42.666668,46.0,28.41508,77.04353,Nischal
2018-07-19 18:45:00,438.66666,561.0,28.41508,77.04353,Nischal
2018-07-19 19:00:00,663.3333,884.6667,28.41508,77.04353,Nischal
2018-07-19 19:15:00,356.66666000000004,435.66666,28.41508,77.04353,Nischal
2018-07-19 19:30:00,243.0,285.66666000000004,28.41508,77.04353,Nischal
2018-07-19 19:45:00,96.666664,106.66666399999998,28.41508,77.04353,Nischal
2018-07-19 20:00:00,58.66666800000001,64.333336,28.41508,77.04353,Nischal
2018-07-19 20:15:00,46.0,48.333332,28.41508,77.04353,Nischal
2018-07-19 20:30:00,41.0,43.0,28.41508,77.04353,Nischal
2018-07-19 20:45:00,38.666668,40.666668,28.41508,77.04353,Nischal
2018-07-19 21:00:00,35.666668,37.0,28.41508,77.04353,Nischal
2018-07-19 21:15:00,37.0,39.333332,28.41508,77.04353,Nischal
2018-07-19 21:30:00,35.333332,36.666668,28.41508,77.04353,Nischal
2018-07-19 21:45:00,37.333332,43.0,28.41508,77.04353,Nischal
2018-07-19 22:00:00,42.333332,45.0,28.41508,77.04353,Nischal
2018-07-19 22:15:00,42.333332,46.0,28.41508,77.04353,Nischal
2018-07-19 22:30:00,41.333332,44.0,28.41508,77.04353,Nischal
2018-07-19 22:45:00,39.333332,43.333332,28.41508,77.04353,Nischal
2018-07-19 23:00:00,40.666668,44.333332,28.41508,77.04353,Nischal
2018-07-19 23:15:00,43.333332,48.0,28.41508,77.04353,Nischal
2018-07-19 23:30:00,23.333334,26.333334000000004,28.41508,77.04353,Nischal
2018-07-19 23:45:00,9.666667,9.666667,28.41508,77.04353,Nischal
2018-07-20 00:00:00,7.333333500000001,7.666666499999999,28.41508,77.04353,Nischal
2018-07-20 00:15:00,8.333333,8.666667,28.41508,77.04353,Nischal
2018-07-20 00:30:00,9.666667,9.0,28.41508,77.04353,Nischal
2018-07-20 00:45:00,12.0,12.5,28.41508,77.04353,Nischal
2018-07-20 01:00:00,15.333332999999998,17.333334,28.41508,77.04353,Nischal
2018-07-20 01:15:00,20.0,22.0,28.41508,77.04353,Nischal
2018-07-20 01:30:00,27.0,29.0,28.41508,77.04353,Nischal
2018-07-20 01:45:00,28.0,30.0,28.41508,77.04353,Nischal
2018-07-20 02:00:00,33.0,36.5,28.41508,77.04353,Nischal
2018-07-20 02:15:00,34.0,36.666668,28.41508,77.04353,Nischal
2018-07-20 02:30:00,33.0,35.5,28.41508,77.04353,Nischal
2018-07-20 02:45:00,33.0,35.0,28.41508,77.04353,Nischal
2018-07-20 03:00:00,29.0,32.0,28.41508,77.04353,Nischal
2018-07-20 03:15:00,27.0,29.666665999999996,28.41508,77.04353,Nischal
2018-07-20 03:30:00,26.333334000000004,28.0,28.41508,77.04353,Nischal
2018-07-20 03:45:00,25.333334,27.0,28.41508,77.04353,Nischal
2018-07-20 04:00:00,29.333334000000004,34.0,28.41508,77.04353,Nischal
2018-07-20 04:15:00,36.0,40.0,28.41508,77.04353,Nischal
2018-07-20 04:30:00,28.666665999999996,31.0,28.41508,77.04353,Nischal
2018-07-20 04:45:00,68.666664,79.666664,28.41508,77.04353,Nischal
2018-07-20 05:00:00,63.0,69.0,28.41508,77.04353,Nischal
2018-07-20 05:15:00,40.666668,44.0,28.41508,77.04353,Nischal
2018-07-20 05:30:00,43.333332,47.666668,28.41508,77.04353,Nischal
2018-07-20 05:45:00,42.333332,46.666668,28.41508,77.04353,Nischal
2018-07-20 06:00:00,56.66666800000001,62.0,28.41508,77.04353,Nischal
2018-07-20 06:15:00,63.0,70.666664,28.41508,77.04353,Nischal
2018-07-20 06:30:00,59.0,66.666664,28.41508,77.04353,Nischal
2018-07-20 06:45:00,65.0,71.666664,28.41508,77.04353,Nischal
2018-07-20 07:00:00,78.0,87.333336,28.41508,77.04353,Nischal
2018-07-20 07:15:00,85.0,92.333336,28.41508,77.04353,Nischal
2018-07-20 07:30:00,81.333336,89.0,28.41508,77.04353,Nischal
2018-07-20 07:45:00,77.0,85.333336,28.41508,77.04353,Nischal
2018-07-20 08:00:00,78.0,86.333336,28.41508,77.04353,Nischal
2018-07-20 08:15:00,86.333336,94.666664,28.41508,77.04353,Nischal
2018-07-20 08:30:00,82.333336,90.666664,28.41508,77.04353,Nischal
2018-07-20 08:45:00,81.0,93.666664,28.41508,77.04353,Nischal
2018-07-20 09:00:00,77.333336,87.0,28.41508,77.04353,Nischal
2018-07-20 09:15:00,82.0,92.333336,28.41508,77.04353,Nischal
2018-07-20 09:30:00,78.0,84.333336,28.41508,77.04353,Nischal
2018-07-20 09:45:00,75.0,83.666664,28.41508,77.04353,Nischal
2018-07-20 10:00:00,77.333336,88.333336,28.41508,77.04353,Nischal
2018-07-20 10:15:00,82.0,92.666664,28.41508,77.04353,Nischal
2018-07-20 10:30:00,83.0,93.0,28.41508,77.04353,Nischal
2018-07-20 10:45:00,83.333336,95.0,28.41508,77.04353,Nischal
2018-07-20 11:00:00,81.0,90.333336,28.41508,77.04353,Nischal
2018-07-20 11:15:00,96.0,110.33333600000002,28.41508,77.04353,Nischal
2018-07-20 11:30:00,76.0,86.5,28.41508,77.04353,Nischal
2018-07-20 11:45:00,90.333336,99.0,28.41508,77.04353,Nischal
2018-07-20 12:00:00,75.333336,87.333336,28.41508,77.04353,Nischal
2018-07-20 12:15:00,62.66666800000001,69.666664,28.41508,77.04353,Nischal
2018-07-20 12:30:00,60.0,66.333336,28.41508,77.04353,Nischal
2018-07-20 12:45:00,61.66666800000001,65.333336,28.41508,77.04353,Nischal
2018-07-20 13:00:00,70.333336,76.0,28.41508,77.04353,Nischal
2018-07-20 13:15:00,83.0,94.5,28.41508,77.04353,Nischal
2018-07-20 13:30:00,84.666664,93.0,28.41508,77.04353,Nischal
2018-07-20 13:45:00,78.666664,84.0,28.41508,77.04353,Nischal
2018-07-20 14:00:00,80.0,88.333336,28.41508,77.04353,Nischal
2018-07-20 14:15:00,77.333336,86.0,28.41508,77.04353,Nischal
2018-07-20 14:30:00,83.333336,93.333336,28.41508,77.04353,Nischal
2018-07-20 14:45:00,82.666664,91.666664,28.41508,77.04353,Nischal
2018-07-20 15:00:00,83.333336,91.666664,28.41508,77.04353,Nischal
2018-07-20 15:15:00,89.666664,99.333336,28.41508,77.04353,Nischal
2018-07-20 15:30:00,85.0,92.333336,28.41508,77.04353,Nischal
2018-07-20 15:45:00,82.333336,91.666664,28.41508,77.04353,Nischal
2018-07-20 16:00:00,81.333336,91.333336,28.41508,77.04353,Nischal
2018-07-20 16:15:00,74.666664,80.0,28.41508,77.04353,Nischal
2018-07-20 16:30:00,72.666664,78.666664,28.41508,77.04353,Nischal
2018-07-20 16:45:00,64.666664,72.333336,28.41508,77.04353,Nischal
2018-07-20 17:00:00,59.0,68.0,28.41508,77.04353,Nischal
2018-07-20 17:15:00,54.66666800000001,57.0,28.41508,77.04353,Nischal
2018-07-20 17:30:00,61.33333199999999,67.666664,28.41508,77.04353,Nischal
2018-07-20 17:45:00,63.66666800000001,68.0,28.41508,77.04353,Nischal
2018-07-20 18:00:00,65.333336,72.333336,28.41508,77.04353,Nischal
2018-07-20 18:15:00,72.666664,79.666664,28.41508,77.04353,Nischal
2018-07-20 18:30:00,79.666664,85.333336,28.41508,77.04353,Nischal
2018-07-20 18:45:00,88.666664,98.666664,28.41508,77.04353,Nischal
2018-07-20 19:00:00,94.0,105.0,28.41508,77.04353,Nischal
2018-07-20 19:15:00,96.666664,107.0,28.41508,77.04353,Nischal
2018-07-20 19:30:00,94.666664,103.666664,28.41508,77.04353,Nischal
2018-07-20 19:45:00,93.333336,102.0,28.41508,77.04353,Nischal
2018-07-20 20:00:00,104.0,115.66666399999998,28.41508,77.04353,Nischal
2018-07-20 20:15:00,96.666664,109.33333600000002,28.41508,77.04353,Nischal
2018-07-20 20:30:00,87.0,97.666664,28.41508,77.04353,Nischal
2018-07-20 20:45:00,85.0,92.333336,28.41508,77.04353,Nischal
2018-07-20 21:00:00,82.666664,89.666664,28.41508,77.04353,Nischal
2018-07-20 21:15:00,78.333336,83.666664,28.41508,77.04353,Nischal
2018-07-20 21:30:00,79.333336,85.0,28.41508,77.04353,Nischal
2018-07-20 21:45:00,72.333336,78.0,28.41508,77.04353,Nischal
2018-07-20 22:00:00,66.666664,73.0,28.41508,77.04353,Nischal
2018-07-20 22:15:00,61.33333199999999,67.666664,28.41508,77.04353,Nischal
2018-07-20 22:30:00,64.0,69.666664,28.41508,77.04353,Nischal
2018-07-20 22:45:00,61.66666800000001,65.333336,28.41508,77.04353,Nischal
2018-07-20 23:00:00,59.0,64.666664,28.41508,77.04353,Nischal
2018-07-20 23:15:00,59.33333199999999,63.66666800000001,28.41508,77.04353,Nischal
2018-07-20 23:30:00,61.33333199999999,65.0,28.41508,77.04353,Nischal
2018-07-20 23:45:00,78.333336,83.666664,28.41508,77.04353,Nischal
2018-07-21 00:00:00,103.333336,113.33333600000002,28.41508,77.04353,Nischal
2018-07-21 00:15:00,104.333336,112.33333600000002,28.41508,77.04353,Nischal
2018-07-21 00:30:00,124.33333600000002,139.66666999999998,28.41508,77.04353,Nischal
2018-07-21 00:45:00,113.66666399999998,124.33333600000002,28.41508,77.04353,Nischal
2018-07-21 01:00:00,110.0,117.33333600000002,28.41508,77.04353,Nischal
2018-07-21 01:15:00,101.0,110.66666399999998,28.41508,77.04353,Nischal
2018-07-21 01:30:00,98.333336,112.33333600000002,28.41508,77.04353,Nischal
2018-07-21 01:45:00,99.0,109.0,28.41508,77.04353,Nischal
2018-07-21 02:00:00,99.333336,109.66666399999998,28.41508,77.04353,Nischal
2018-07-21 02:15:00,94.666664,104.666664,28.41508,77.04353,Nischal
2018-07-21 02:30:00,94.333336,101.0,28.41508,77.04353,Nischal
2018-07-21 02:45:00,123.66666399999998,137.0,28.41508,77.04353,Nischal
2018-07-21 03:00:00,128.33333000000002,144.0,28.41508,77.04353,Nischal
2018-07-21 03:15:00,123.66666399999998,135.33333000000002,28.41508,77.04353,Nischal
2018-07-21 03:30:00,138.66666999999998,156.33333000000002,28.41508,77.04353,Nischal
2018-07-21 03:45:00,148.0,162.0,28.41508,77.04353,Nischal
2018-07-21 04:00:00,147.66666999999998,163.33333000000002,28.41508,77.04353,Nischal
2018-07-21 04:15:00,145.33333000000002,163.0,28.41508,77.04353,Nischal
2018-07-21 04:30:00,150.66666999999998,170.33333000000002,28.41508,77.04353,Nischal
2018-07-21 04:45:00,154.0,171.66666999999998,28.41508,77.04353,Nischal
2018-07-21 05:00:00,153.0,169.66666999999998,28.41508,77.04353,Nischal
2018-07-21 05:15:00,161.0,178.66666999999998,28.41508,77.04353,Nischal
2018-07-21 05:30:00,163.33333000000002,181.66666999999998,28.41508,77.04353,Nischal
2018-07-21 05:45:00,155.0,170.66666999999998,28.41508,77.04353,Nischal
2018-07-21 06:00:00,153.33333000000002,169.66666999999998,28.41508,77.04353,Nischal
2018-07-21 06:15:00,147.33333000000002,162.66666999999998,28.41508,77.04353,Nischal
2018-07-21 06:30:00,135.33333000000002,150.66666999999998,28.41508,77.04353,Nischal
2018-07-21 06:45:00,130.0,142.33333000000002,28.41508,77.04353,Nischal
2018-07-21 07:00:00,136.66666999999998,150.66666999999998,28.41508,77.04353,Nischal
2018-07-21 07:15:00,145.66666999999998,162.66666999999998,28.41508,77.04353,Nischal
2018-07-21 07:30:00,141.66666999999998,155.0,28.41508,77.04353,Nischal
2018-07-21 07:45:00,128.66666999999998,141.33333000000002,28.41508,77.04353,Nischal
2018-07-21 08:00:00,105.33333600000002,116.33333600000002,28.41508,77.04353,Nischal
2018-07-21 08:15:00,95.0,104.333336,28.41508,77.04353,Nischal
2018-07-21 08:30:00,87.0,95.0,28.41508,77.04353,Nischal
2018-07-21 08:45:00,93.666664,105.33333600000002,28.41508,77.04353,Nischal
2018-07-21 09:00:00,97.666664,109.66666399999998,28.41508,77.04353,Nischal
2018-07-21 09:15:00,93.333336,105.66666399999998,28.41508,77.04353,Nischal
2018-07-21 09:30:00,89.0,96.666664,28.41508,77.04353,Nischal
2018-07-21 09:45:00,95.333336,104.333336,28.41508,77.04353,Nischal
2018-07-21 10:00:00,107.33333600000002,120.0,28.41508,77.04353,Nischal
2018-07-21 10:15:00,100.666664,114.33333600000002,28.41508,77.04353,Nischal
2018-07-21 10:30:00,41.333332,47.333332,28.41508,77.04353,Nischal
2018-07-21 10:45:00,29.666665999999996,32.333332,28.41508,77.04353,Nischal
2018-07-21 11:00:00,24.333334,27.0,28.41508,77.04353,Nischal
2018-07-21 11:15:00,20.0,22.333334,28.41508,77.04353,Nischal
2018-07-21 11:30:00,21.0,24.0,28.41508,77.04353,Nischal
2018-07-21 11:45:00,24.666666,27.666665999999996,28.41508,77.04353,Nischal
2018-07-21 12:00:00,28.333334000000004,31.666665999999996,28.41508,77.04353,Nischal
2018-07-21 12:15:00,33.333332,36.666668,28.41508,77.04353,Nischal
2018-07-21 12:30:00,29.0,32.0,28.41508,77.04353,Nischal
2018-07-21 12:45:00,27.0,30.0,28.41508,77.04353,Nischal
2018-07-21 13:00:00,25.666666,27.333334000000004,28.41508,77.04353,Nischal
2018-07-21 13:15:00,28.666665999999996,30.333334000000004,28.41508,77.04353,Nischal
2018-07-21 13:30:00,33.0,36.0,28.41508,77.04353,Nischal
2018-07-21 13:45:00,36.333332,39.666668,28.41508,77.04353,Nischal
2018-07-21 14:00:00,39.0,42.0,28.41508,77.04353,Nischal
2018-07-21 14:15:00,38.666668,41.333332,28.41508,77.04353,Nischal
2018-07-21 14:30:00,42.333332,44.333332,28.41508,77.04353,Nischal
2018-07-21 14:45:00,46.0,49.666668,28.41508,77.04353,Nischal
2018-07-21 15:00:00,41.333332,44.333332,28.41508,77.04353,Nischal
2018-07-21 15:15:00,33.666668,35.666668,28.41508,77.04353,Nischal
2018-07-21 15:30:00,33.0,36.333332,28.41508,77.04353,Nischal
2018-07-21 15:45:00,28.666665999999996,30.666665999999996,28.41508,77.04353,Nischal
2018-07-21 16:00:00,26.666665999999996,29.666665999999996,28.41508,77.04353,Nischal
2018-07-21 16:15:00,29.666665999999996,32.0,28.41508,77.04353,Nischal
2018-07-21 16:30:00,30.333334000000004,33.333332,28.41508,77.04353,Nischal
2018-07-21 16:45:00,30.333334000000004,33.666668,28.41508,77.04353,Nischal
2018-07-21 17:00:00,31.333334000000004,35.0,28.41508,77.04353,Nischal
2018-07-21 17:15:00,27.666665999999996,29.333334000000004,28.41508,77.04353,Nischal
2018-07-21 17:30:00,19.333334,21.0,28.41508,77.04353,Nischal
2018-07-21 17:45:00,17.0,18.0,28.41508,77.04353,Nischal
2018-07-21 18:00:00,17.666666,18.0,28.41508,77.04353,Nischal
2018-07-21 18:15:00,78.333336,92.0,28.41508,77.04353,Nischal
2018-07-21 18:30:00,105.66666399999998,122.33333600000002,28.41508,77.04353,Nischal
2018-07-21 18:45:00,63.33333199999999,76.333336,28.41508,77.04353,Nischal
2018-07-21 19:00:00,40.333332,45.666668,28.41508,77.04353,Nischal
2018-07-21 19:15:00,28.0,29.666665999999996,28.41508,77.04353,Nischal
2018-07-21 19:30:00,19.666666,22.0,28.41508,77.04353,Nischal
2018-07-21 19:45:00,16.666666,17.666666,28.41508,77.04353,Nischal
2018-07-21 20:00:00,12.666667,13.666667000000002,28.41508,77.04353,Nischal
2018-07-21 20:15:00,12.0,12.333333,28.41508,77.04353,Nischal
2018-07-21 20:30:00,12.0,11.666667,28.41508,77.04353,Nischal
2018-07-21 20:45:00,10.666667,10.333333,28.41508,77.04353,Nischal
2018-07-21 21:00:00,10.666667,10.333333,28.41508,77.04353,Nischal
2018-07-21 21:15:00,12.0,12.666667,28.41508,77.04353,Nischal
2018-07-21 21:30:00,12.666667,12.666667,28.41508,77.04353,Nischal
2018-07-21 21:45:00,13.0,14.0,28.41508,77.04353,Nischal
2018-07-21 22:00:00,13.333332999999998,14.666667000000002,28.41508,77.04353,Nischal
2018-07-21 22:15:00,13.333332999999998,13.333332999999998,28.41508,77.04353,Nischal
2018-07-21 22:30:00,14.0,15.333332999999998,28.41508,77.04353,Nischal
2018-07-21 22:45:00,12.333333,12.666667,28.41508,77.04353,Nischal
2018-07-21 23:00:00,11.0,10.333333,28.41508,77.04353,Nischal
2018-07-21 23:15:00,9.0,8.0,28.41508,77.04353,Nischal
2018-07-21 23:30:00,7.333333500000001,6.3333335,28.41508,77.04353,Nischal
2018-07-21 23:45:00,6.3333335,5.6666665,28.41508,77.04353,Nischal
2018-07-22 00:00:00,6.0,5.3333335,28.41508,77.04353,Nischal
2018-07-22 00:15:00,5.3333335,5.0,28.41508,77.04353,Nischal
2018-07-22 00:30:00,6.3333335,5.6666665,28.41508,77.04353,Nischal
2018-07-22 00:45:00,9.0,9.0,28.41508,77.04353,Nischal
2018-07-22 01:00:00,11.0,11.0,28.41508,77.04353,Nischal
2018-07-22 01:15:00,12.666667,14.666667000000002,28.41508,77.04353,Nischal
2018-07-22 01:30:00,14.333332999999998,15.666667000000002,28.41508,77.04353,Nischal
2018-07-22 01:45:00,15.666667000000002,17.333334,28.41508,77.04353,Nischal
2018-07-22 02:00:00,16.333334,19.0,28.41508,77.04353,Nischal
2018-07-22 02:15:00,19.0,20.666666,28.41508,77.04353,Nischal
2018-07-22 02:30:00,22.333334,25.333334,28.41508,77.04353,Nischal
2018-07-22 02:45:00,22.0,24.0,28.41508,77.04353,Nischal
2018-07-22 03:00:00,24.0,27.666665999999996,28.41508,77.04353,Nischal
2018-07-22 03:15:00,23.5,25.5,28.41508,77.04353,Nischal
2018-07-22 03:30:00,23.666666,26.333334000000004,28.41508,77.04353,Nischal
2018-07-22 03:45:00,23.666666,26.0,28.41508,77.04353,Nischal
2018-07-22 04:00:00,26.333334000000004,28.333334000000004,28.41508,77.04353,Nischal
2018-07-22 04:15:00,29.5,34.5,28.41508,77.04353,Nischal
2018-07-22 04:30:00,30.333334000000004,32.0,28.41508,77.04353,Nischal
2018-07-22 04:45:00,31.666665999999996,34.333332,28.41508,77.04353,Nischal
2018-07-22 05:00:00,35.666668,39.333332,28.41508,77.04353,Nischal
2018-07-22 05:15:00,51.666668,57.33333199999999,28.41508,77.04353,Nischal
2018-07-22 05:30:00,118.66666399999998,141.66666999999998,28.41508,77.04353,Nischal
2018-07-22 05:45:00,77.666664,90.333336,28.41508,77.04353,Nischal
2018-07-22 06:00:00,88.0,100.666664,28.41508,77.04353,Nischal
2018-07-22 06:15:00,65.0,73.333336,28.41508,77.04353,Nischal
2018-07-22 06:30:00,63.66666800000001,69.666664,28.41508,77.04353,Nischal
2018-07-22 06:45:00,59.66666800000001,67.333336,28.41508,77.04353,Nischal
2018-07-22 07:00:00,50.333332,56.66666800000001,28.41508,77.04353,Nischal
2018-07-22 07:15:00,49.333332,54.66666800000001,28.41508,77.04353,Nischal
2018-07-22 07:30:00,73.333336,83.666664,28.41508,77.04353,Nischal
2018-07-22 07:45:00,59.5,64.0,28.41508,77.04353,Nischal
2018-07-22 08:00:00,63.33333199999999,72.333336,28.41508,77.04353,Nischal
2018-07-22 08:15:00,59.66666800000001,66.0,28.41508,77.04353,Nischal
2018-07-22 08:30:00,59.33333199999999,63.66666800000001,28.41508,77.04353,Nischal
2018-07-22 08:45:00,49.0,54.33333199999999,28.41508,77.04353,Nischal
2018-07-22 09:00:00,35.666668,38.666668,28.41508,77.04353,Nischal
2018-07-22 09:15:00,35.666668,38.666668,28.41508,77.04353,Nischal
2018-07-22 09:30:00,35.666668,38.666668,28.41508,77.04353,Nischal
2018-07-22 09:45:00,38.0,40.0,28.41508,77.04353,Nischal
2018-07-22 10:00:00,40.333332,45.0,28.41508,77.04353,Nischal
2018-07-22 10:15:00,34.0,36.666668,28.41508,77.04353,Nischal
2018-07-22 10:30:00,21.666666,23.666666,28.41508,77.04353,Nischal
2018-07-22 10:45:00,16.666666,18.666666,28.41508,77.04353,Nischal
2018-07-22 11:00:00,18.0,20.666666,28.41508,77.04353,Nischal
2018-07-22 11:15:00,21.0,24.0,28.41508,77.04353,Nischal
2018-07-22 11:30:00,13.333332999999998,13.666667000000002,28.41508,77.04353,Nischal
2018-07-22 11:45:00,11.333333,12.0,28.41508,77.04353,Nischal
2018-07-22 12:00:00,11.0,11.0,28.41508,77.04353,Nischal
2018-07-22 12:15:00,11.666667,12.0,28.41508,77.04353,Nischal
2018-07-22 12:30:00,11.333333,11.0,28.41508,77.04353,Nischal
2018-07-22 12:45:00,10.666667,10.666667,28.41508,77.04353,Nischal
2018-07-22 13:00:00,13.666667000000002,14.0,28.41508,77.04353,Nischal
2018-07-22 13:15:00,15.333332999999998,18.333334,28.41508,77.04353,Nischal
2018-07-22 13:30:00,15.666667000000002,17.666666,28.41508,77.04353,Nischal
2018-07-22 13:45:00,18.333334,19.666666,28.41508,77.04353,Nischal
2018-07-22 14:00:00,20.666666,21.333334,28.41508,77.04353,Nischal
2018-07-22 14:15:00,25.333334,27.666665999999996,28.41508,77.04353,Nischal
2018-07-22 14:30:00,23.666666,25.333334,28.41508,77.04353,Nischal
2018-07-22 14:45:00,28.0,29.0,28.41508,77.04353,Nischal
2018-07-22 15:00:00,32.666668,35.0,28.41508,77.04353,Nischal
2018-07-22 15:15:00,33.5,37.0,28.41508,77.04353,Nischal
2018-07-22 15:30:00,37.0,40.333332,28.41508,77.04353,Nischal
2018-07-22 15:45:00,39.666668,44.333332,28.41508,77.04353,Nischal
2018-07-22 16:00:00,53.33333199999999,60.66666800000001,28.41508,77.04353,Nischal
2018-07-22 16:15:00,63.66666800000001,71.0,28.41508,77.04353,Nischal
2018-07-22 16:30:00,60.66666800000001,70.333336,28.41508,77.04353,Nischal
2018-07-22 16:45:00,48.0,53.66666800000001,28.41508,77.04353,Nischal
2018-07-22 17:00:00,43.333332,49.0,28.41508,77.04353,Nischal
2018-07-22 17:15:00,43.0,45.333332,28.41508,77.04353,Nischal
2018-07-22 17:30:00,56.33333199999999,62.33333199999999,28.41508,77.04353,Nischal
2018-07-22 17:45:00,71.333336,77.333336,28.41508,77.04353,Nischal
2018-07-22 18:00:00,70.666664,76.333336,28.41508,77.04353,Nischal
2018-07-22 18:15:00,66.0,72.0,28.41508,77.04353,Nischal
2018-07-22 18:30:00,73.0,83.333336,28.41508,77.04353,Nischal
2018-07-22 18:45:00,100.0,114.66666399999998,28.41508,77.04353,Nischal
2018-07-22 19:00:00,120.0,134.33333000000002,28.41508,77.04353,Nischal
2018-07-22 19:15:00,109.33333600000002,122.0,28.41508,77.04353,Nischal
2018-07-22 19:30:00,86.333336,99.333336,28.41508,77.04353,Nischal
2018-07-22 19:45:00,91.0,104.0,28.41508,77.04353,Nischal
2018-07-22 20:00:00,98.333336,108.66666399999998,28.41508,77.04353,Nischal
2018-07-22 20:15:00,100.666664,114.33333600000002,28.41508,77.04353,Nischal
2018-07-22 20:30:00,107.0,126.33333600000002,28.41508,77.04353,Nischal
2018-07-22 20:45:00,117.0,133.66666999999998,28.41508,77.04353,Nischal
2018-07-22 21:00:00,120.33333600000002,140.66666999999998,28.41508,77.04353,Nischal
2018-07-22 21:15:00,118.66666399999998,133.33333000000002,28.41508,77.04353,Nischal
2018-07-22 21:30:00,109.0,127.0,28.41508,77.04353,Nischal
2018-07-22 21:45:00,103.333336,118.33333600000002,28.41508,77.04353,Nischal
2018-07-22 22:00:00,108.33333600000002,119.66666399999998,28.41508,77.04353,Nischal
2018-07-22 22:15:00,106.66666399999998,121.66666399999998,28.41508,77.04353,Nischal
2018-07-22 22:30:00,100.333336,113.66666399999998,28.41508,77.04353,Nischal
2018-07-22 22:45:00,94.0,105.66666399999998,28.41508,77.04353,Nischal
2018-07-22 23:00:00,94.666664,108.66666399999998,28.41508,77.04353,Nischal
2018-07-22 23:15:00,93.0,104.0,28.41508,77.04353,Nischal
2018-07-22 23:30:00,90.666664,98.666664,28.41508,77.04353,Nischal
2018-07-22 23:45:00,94.666664,107.66666399999998,28.41508,77.04353,Nischal
2018-07-23 00:00:00,93.0,102.666664,28.41508,77.04353,Nischal
2018-07-23 00:15:00,92.0,106.33333600000002,28.41508,77.04353,Nischal
2018-07-23 00:30:00,95.333336,107.66666399999998,28.41508,77.04353,Nischal
2018-07-23 00:45:00,101.0,110.66666399999998,28.41508,77.04353,Nischal
2018-07-23 01:00:00,105.66666399999998,118.66666399999998,28.41508,77.04353,Nischal
2018-07-23 01:15:00,111.33333600000002,120.66666399999998,28.41508,77.04353,Nischal
2018-07-23 01:30:00,144.0,167.0,28.41508,77.04353,Nischal
2018-07-23 01:45:00,173.66666999999998,199.0,28.41508,77.04353,Nischal
2018-07-23 02:00:00,166.0,193.0,28.41508,77.04353,Nischal
2018-07-23 02:15:00,171.0,190.66666999999998,28.41508,77.04353,Nischal
2018-07-23 02:30:00,172.33333000000002,192.66666999999998,28.41508,77.04353,Nischal
2018-07-23 02:45:00,170.33333000000002,190.0,28.41508,77.04353,Nischal
2018-07-23 03:00:00,135.0,157.33333000000002,28.41508,77.04353,Nischal
2018-07-23 03:15:00,95.666664,106.33333600000002,28.41508,77.04353,Nischal
2018-07-23 03:30:00,64.666664,72.0,28.41508,77.04353,Nischal
2018-07-23 03:45:00,60.0,64.666664,28.41508,77.04353,Nischal
2018-07-23 04:00:00,68.0,71.666664,28.41508,77.04353,Nischal
2018-07-23 04:15:00,84.333336,94.333336,28.41508,77.04353,Nischal
2018-07-23 04:30:00,91.666664,105.0,28.41508,77.04353,Nischal
2018-07-23 04:45:00,81.0,91.0,28.41508,77.04353,Nischal
2018-07-23 05:00:00,94.666664,105.33333600000002,28.41508,77.04353,Nischal
2018-07-23 05:15:00,87.0,100.0,28.41508,77.04353,Nischal
2018-07-23 05:30:00,69.333336,74.333336,28.41508,77.04353,Nischal
2018-07-23 05:45:00,53.0,57.66666800000001,28.41508,77.04353,Nischal
2018-07-23 06:00:00,79.0,88.666664,28.41508,77.04353,Nischal
2018-07-23 06:15:00,63.0,70.0,28.41508,77.04353,Nischal
2018-07-23 06:30:00,43.333332,45.333332,28.41508,77.04353,Nischal
2018-07-23 06:45:00,35.666668,37.666668,28.41508,77.04353,Nischal
2018-07-23 07:00:00,33.666668,37.333332,28.41508,77.04353,Nischal
2018-07-23 07:15:00,34.333332,35.666668,28.41508,77.04353,Nischal
2018-07-23 07:30:00,28.333334000000004,30.0,28.41508,77.04353,Nischal
2018-07-23 07:45:00,24.333334,25.333334,28.41508,77.04353,Nischal
2018-07-23 08:00:00,19.333334,20.333334,28.41508,77.04353,Nischal
2018-07-23 08:15:00,12.333333,12.333333,28.41508,77.04353,Nischal
2018-07-23 08:30:00,11.0,10.5,28.41508,77.04353,Nischal
2018-07-23 08:45:00,7.333333500000001,7.0,28.41508,77.04353,Nischal
2018-07-23 09:00:00,6.0,5.6666665,28.41508,77.04353,Nischal
2018-07-23 09:15:00,7.0,6.0,28.41508,77.04353,Nischal
2018-07-23 09:30:00,6.3333335,6.0,28.41508,77.04353,Nischal
2018-07-23 09:45:00,7.666666499999999,7.0,28.41508,77.04353,Nischal
2018-07-23 10:00:00,7.333333500000001,6.666666499999999,28.41508,77.04353,Nischal
2018-07-23 10:15:00,8.333333,8.0,28.41508,77.04353,Nischal
2018-07-23 10:30:00,11.0,10.666667,28.41508,77.04353,Nischal
2018-07-23 10:45:00,13.666667000000002,14.666667000000002,28.41508,77.04353,Nischal
2018-07-23 11:00:00,14.333332999999998,15.666667000000002,28.41508,77.04353,Nischal
2018-07-23 11:15:00,24.0,26.0,28.41508,77.04353,Nischal
2018-07-23 11:30:00,27.0,28.5,28.41508,77.04353,Nischal
2018-07-23 11:45:00,20.666666,22.0,28.41508,77.04353,Nischal
2018-07-23 12:00:00,20.666666,21.666666,28.41508,77.04353,Nischal
2018-07-23 12:15:00,20.666666,21.333334,28.41508,77.04353,Nischal
2018-07-23 12:30:00,21.666666,24.666666,28.41508,77.04353,Nischal
2018-07-23 12:45:00,21.0,22.666666,28.41508,77.04353,Nischal
2018-07-23 13:00:00,20.0,22.0,28.41508,77.04353,Nischal
2018-07-23 13:15:00,18.5,19.5,28.41508,77.04353,Nischal
2018-07-23 13:30:00,20.0,21.0,28.41508,77.04353,Nischal
2018-07-23 13:45:00,17.5,19.5,28.41508,77.04353,Nischal
2018-07-23 14:00:00,19.666666,22.0,28.41508,77.04353,Nischal
2018-07-23 14:15:00,21.333334,25.333334,28.41508,77.04353,Nischal
2018-07-23 14:30:00,21.666666,23.333334,28.41508,77.04353,Nischal
2018-07-23 14:45:00,25.333334,26.333334000000004,28.41508,77.04353,Nischal
2018-07-23 15:00:00,25.666666,27.666665999999996,28.41508,77.04353,Nischal
2018-07-23 15:15:00,25.666666,28.0,28.41508,77.04353,Nischal
2018-07-23 15:30:00,24.0,26.333334000000004,28.41508,77.04353,Nischal
2018-07-23 15:45:00,23.333334,24.666666,28.41508,77.04353,Nischal
2018-07-23 16:00:00,25.666666,27.333334000000004,28.41508,77.04353,Nischal
2018-07-23 16:15:00,27.333334000000004,29.666665999999996,28.41508,77.04353,Nischal
2018-07-23 16:30:00,27.0,28.333334000000004,28.41508,77.04353,Nischal
2018-07-23 16:45:00,30.0,35.0,28.41508,77.04353,Nischal
2018-07-23 17:00:00,30.0,32.0,28.41508,77.04353,Nischal
2018-07-23 17:15:00,29.0,31.333334000000004,28.41508,77.04353,Nischal
2018-07-23 17:30:00,20.666666,22.666666,28.41508,77.04353,Nischal
2018-07-23 17:45:00,19.333334,19.666666,28.41508,77.04353,Nischal
2018-07-23 18:00:00,19.666666,20.333334,28.41508,77.04353,Nischal
2018-07-23 18:15:00,398.66666000000004,535.6667,28.41508,77.04353,Nischal
2018-07-23 18:30:00,322.66666000000004,402.33333999999996,28.41508,77.04353,Nischal
2018-07-23 18:45:00,81.0,94.333336,28.41508,77.04353,Nischal
2018-07-23 19:00:00,32.333332,36.0,28.41508,77.04353,Nischal
2018-07-23 19:15:00,21.333334,23.333334,28.41508,77.04353,Nischal
2018-07-23 19:30:00,17.0,18.333334,28.41508,77.04353,Nischal
2018-07-23 19:45:00,17.333334,19.333334,28.41508,77.04353,Nischal
2018-07-23 20:00:00,17.666666,18.666666,28.41508,77.04353,Nischal
2018-07-23 20:15:00,17.0,17.666666,28.41508,77.04353,Nischal
2018-07-23 20:30:00,16.666666,17.333334,28.41508,77.04353,Nischal
2018-07-23 20:45:00,17.0,17.666666,28.41508,77.04353,Nischal
2018-07-23 21:00:00,17.0,18.333334,28.41508,77.04353,Nischal
2018-07-23 21:15:00,17.0,17.333334,28.41508,77.04353,Nischal
2018-07-23 21:30:00,16.333334,17.333334,28.41508,77.04353,Nischal
2018-07-23 21:45:00,16.0,17.0,28.41508,77.04353,Nischal
2018-07-23 22:00:00,15.666667000000002,16.333334,28.41508,77.04353,Nischal
2018-07-23 22:15:00,15.0,15.666667000000002,28.41508,77.04353,Nischal
2018-07-23 22:30:00,15.333332999999998,16.666666,28.41508,77.04353,Nischal
2018-07-23 22:45:00,17.0,17.666666,28.41508,77.04353,Nischal
2018-07-23 23:00:00,17.333334,18.666666,28.41508,77.04353,Nischal
2018-07-23 23:15:00,19.666666,20.666666,28.41508,77.04353,Nischal
2018-07-23 23:30:00,18.666666,20.0,28.41508,77.04353,Nischal
2018-07-23 23:45:00,23.0,25.333334,28.41508,77.04353,Nischal
2018-07-24 00:00:00,24.0,26.0,28.41508,77.04353,Nischal
2018-07-24 00:15:00,30.0,32.333332,28.41508,77.04353,Nischal
2018-07-24 00:30:00,33.666668,36.333332,28.41508,77.04353,Nischal
2018-07-24 00:45:00,37.666668,41.666668,28.41508,77.04353,Nischal
2018-07-24 01:00:00,42.0,46.0,28.41508,77.04353,Nischal
2018-07-24 01:15:00,46.0,49.666668,28.41508,77.04353,Nischal
2018-07-24 01:30:00,48.666668,53.33333199999999,28.41508,77.04353,Nischal
2018-07-24 01:45:00,54.33333199999999,59.0,28.41508,77.04353,Nischal
2018-07-24 02:00:00,53.0,59.0,28.41508,77.04353,Nischal
2018-07-24 02:15:00,62.33333199999999,67.0,28.41508,77.04353,Nischal
2018-07-24 02:30:00,66.333336,76.333336,28.41508,77.04353,Nischal
2018-07-24 02:45:00,64.666664,70.333336,28.41508,77.04353,Nischal
2018-07-24 03:00:00,52.66666800000001,57.66666800000001,28.41508,77.04353,Nischal
2018-07-24 03:15:00,44.666668,50.0,28.41508,77.04353,Nischal
2018-07-24 03:30:00,41.666668,44.333332,28.41508,77.04353,Nischal
2018-07-24 03:45:00,73.333336,79.333336,28.41508,77.04353,Nischal
2018-07-24 04:00:00,71.0,79.333336,28.41508,77.04353,Nischal
2018-07-24 04:15:00,52.333332,59.0,28.41508,77.04353,Nischal
2018-07-24 04:30:00,47.333332,50.333332,28.41508,77.04353,Nischal
2018-07-24 04:45:00,32.333332,38.0,28.41508,77.04353,Nischal
2018-07-24 05:00:00,31.0,34.0,28.41508,77.04353,Nischal
2018-07-24 05:15:00,33.0,36.0,28.41508,77.04353,Nischal
2018-07-24 05:30:00,31.666665999999996,34.333332,28.41508,77.04353,Nischal
2018-07-24 05:45:00,28.333334000000004,29.333334000000004,28.41508,77.04353,Nischal
2018-07-24 06:00:00,32.333332,35.333332,28.41508,77.04353,Nischal
2018-07-24 06:15:00,31.0,33.333332,28.41508,77.04353,Nischal
2018-07-24 06:30:00,34.666668,37.333332,28.41508,77.04353,Nischal
2018-07-24 06:45:00,33.666668,35.0,28.41508,77.04353,Nischal
2018-07-24 07:00:00,35.666668,37.333332,28.41508,77.04353,Nischal
2018-07-24 07:15:00,34.0,39.0,28.41508,77.04353,Nischal
2018-07-24 07:30:00,32.666668,35.666668,28.41508,77.04353,Nischal
2018-07-24 07:45:00,34.666668,36.0,28.41508,77.04353,Nischal
2018-07-24 08:00:00,31.666665999999996,35.333332,28.41508,77.04353,Nischal
2018-07-24 08:15:00,31.333334000000004,33.666668,28.41508,77.04353,Nischal
2018-07-24 08:30:00,34.333332,37.0,28.41508,77.04353,Nischal
2018-07-24 08:45:00,35.0,37.666668,28.41508,77.04353,Nischal
2018-07-24 09:00:00,35.0,36.333332,28.41508,77.04353,Nischal
2018-07-24 09:15:00,33.333332,36.333332,28.41508,77.04353,Nischal
2018-07-24 09:30:00,26.0,26.333334000000004,28.41508,77.04353,Nischal
2018-07-24 09:45:00,26.0,26.0,28.41508,77.04353,Nischal
2018-07-24 10:00:00,24.333334,26.666665999999996,28.41508,77.04353,Nischal
2018-07-24 10:15:00,21.666666,24.666666,28.41508,77.04353,Nischal
2018-07-24 10:30:00,20.333334,21.333334,28.41508,77.04353,Nischal
2018-07-24 10:45:00,21.0,23.0,28.41508,77.04353,Nischal
2018-07-24 11:00:00,21.666666,23.666666,28.41508,77.04353,Nischal
2018-07-24 11:15:00,29.0,31.0,28.41508,77.04353,Nischal
2018-07-24 11:30:00,30.0,32.666668,28.41508,77.04353,Nischal
2018-07-24 11:45:00,26.333334000000004,28.0,28.41508,77.04353,Nischal
2018-07-24 12:00:00,29.666665999999996,33.0,28.41508,77.04353,Nischal
2018-07-24 12:15:00,29.666665999999996,32.0,28.41508,77.04353,Nischal
2018-07-24 12:30:00,28.666665999999996,31.0,28.41508,77.04353,Nischal
2018-07-24 12:45:00,33.666668,36.666668,28.41508,77.04353,Nischal
2018-07-24 13:00:00,34.0,36.333332,28.41508,77.04353,Nischal
2018-07-24 13:15:00,32.0,36.666668,28.41508,77.04353,Nischal
2018-07-24 13:30:00,31.666665999999996,36.333332,28.41508,77.04353,Nischal
2018-07-24 13:45:00,38.666668,43.666668,28.41508,77.04353,Nischal
2018-07-24 14:00:00,38.666668,42.333332,28.41508,77.04353,Nischal
2018-07-24 14:15:00,34.0,37.0,28.41508,77.04353,Nischal
2018-07-24 14:30:00,41.0,43.666668,28.41508,77.04353,Nischal
2018-07-24 14:45:00,38.666668,41.0,28.41508,77.04353,Nischal
2018-07-24 15:00:00,37.0,41.5,28.41508,77.04353,Nischal
2018-07-24 15:15:00,39.333332,41.333332,28.41508,77.04353,Nischal
2018-07-24 15:30:00,37.666668,41.666668,28.41508,77.04353,Nischal
2018-07-24 15:45:00,37.666668,40.666668,28.41508,77.04353,Nischal
2018-07-24 16:00:00,36.333332,38.666668,28.41508,77.04353,Nischal
2018-07-24 16:15:00,36.666668,40.0,28.41508,77.04353,Nischal
2018-07-24 16:30:00,34.333332,37.333332,28.41508,77.04353,Nischal
2018-07-24 16:45:00,33.666668,36.333332,28.41508,77.04353,Nischal
2018-07-24 17:00:00,40.333332,45.0,28.41508,77.04353,Nischal
2018-07-24 17:15:00,35.0,38.333332,28.41508,77.04353,Nischal
2018-07-24 17:30:00,28.0,29.666665999999996,28.41508,77.04353,Nischal
2018-07-24 17:45:00,27.666665999999996,33.333332,28.41508,77.04353,Nischal
2018-07-24 18:00:00,27.333334000000004,28.666665999999996,28.41508,77.04353,Nischal
2018-07-24 18:15:00,551.6667,736.0,28.41508,77.04353,Nischal
2018-07-24 18:30:00,419.0,536.0,28.41508,77.04353,Nischal
2018-07-24 18:45:00,167.66666999999998,196.66666999999998,28.41508,77.04353,Nischal
2018-07-24 19:00:00,64.0,71.666664,28.41508,77.04353,Nischal
2018-07-24 19:15:00,57.0,63.66666800000001,28.41508,77.04353,Nischal
2018-07-24 19:30:00,45.333332,49.0,28.41508,77.04353,Nischal
2018-07-24 19:45:00,37.0,41.666668,28.41508,77.04353,Nischal
2018-07-24 20:00:00,26.0,27.333334000000004,28.41508,77.04353,Nischal
2018-07-24 20:15:00,23.0,25.333334,28.41508,77.04353,Nischal
2018-07-24 20:30:00,23.333334,26.0,28.41508,77.04353,Nischal
2018-07-24 20:45:00,20.333334,22.333334,28.41508,77.04353,Nischal
2018-07-24 21:00:00,19.0,21.333334,28.41508,77.04353,Nischal
2018-07-24 21:15:00,16.666666,17.666666,28.41508,77.04353,Nischal
2018-07-24 21:30:00,15.666667000000002,17.0,28.41508,77.04353,Nischal
2018-07-24 21:45:00,16.0,18.0,28.41508,77.04353,Nischal
2018-07-24 22:00:00,16.0,17.666666,28.41508,77.04353,Nischal
2018-07-24 22:15:00,15.333332999999998,16.666666,28.41508,77.04353,Nischal
2018-07-24 22:30:00,14.666667000000002,16.333334,28.41508,77.04353,Nischal
2018-07-24 22:45:00,13.666667000000002,14.333332999999998,28.41508,77.04353,Nischal
2018-07-24 23:00:00,12.666667,13.0,28.41508,77.04353,Nischal
2018-07-24 23:15:00,12.333333,13.0,28.41508,77.04353,Nischal
2018-07-24 23:30:00,11.666667,11.333333,28.41508,77.04353,Nischal
2018-07-24 23:45:00,11.0,11.0,28.41508,77.04353,Nischal
2018-07-25 00:00:00,11.333333,11.333333,28.41508,77.04353,Nischal
2018-07-25 00:15:00,12.333333,14.666667000000002,28.41508,77.04353,Nischal
2018-07-25 00:30:00,13.0,14.0,28.41508,77.04353,Nischal
2018-07-25 00:45:00,13.333332999999998,13.666667000000002,28.41508,77.04353,Nischal
2018-07-25 01:00:00,14.666667000000002,16.0,28.41508,77.04353,Nischal
2018-07-25 01:15:00,15.666667000000002,18.333334,28.41508,77.04353,Nischal
2018-07-25 01:30:00,17.333334,18.333334,28.41508,77.04353,Nischal
2018-07-25 01:45:00,20.333334,23.333334,28.41508,77.04353,Nischal
2018-07-25 02:00:00,39.666668,44.0,28.41508,77.04353,Nischal
2018-07-25 02:15:00,46.333332,54.66666800000001,28.41508,77.04353,Nischal
2018-07-25 02:30:00,41.666668,44.333332,28.41508,77.04353,Nischal
2018-07-25 02:45:00,38.0,42.0,28.41508,77.04353,Nischal
2018-07-25 03:00:00,39.0,42.0,28.41508,77.04353,Nischal
2018-07-25 03:15:00,42.666668,51.666668,28.41508,77.04353,Nischal
2018-07-25 03:30:00,48.0,55.33333199999999,28.41508,77.04353,Nischal
2018-07-25 03:45:00,36.0,39.333332,28.41508,77.04353,Nischal
2018-07-25 04:00:00,22.0,25.666666,28.41508,77.04353,Nischal
2018-07-25 04:15:00,23.0,24.333334,28.41508,77.04353,Nischal
2018-07-25 04:30:00,39.0,43.333332,28.41508,77.04353,Nischal
2018-07-25 04:45:00,55.66666800000001,64.0,28.41508,77.04353,Nischal
2018-07-25 05:00:00,40.0,45.666668,28.41508,77.04353,Nischal
2018-07-25 05:15:00,28.333334000000004,31.333334000000004,28.41508,77.04353,Nischal
2018-07-25 05:30:00,26.333334000000004,28.333334000000004,28.41508,77.04353,Nischal
2018-07-25 05:45:00,22.666666,24.666666,28.41508,77.04353,Nischal
2018-07-25 06:00:00,26.333334000000004,29.0,28.41508,77.04353,Nischal
2018-07-25 06:15:00,26.333334000000004,30.0,28.41508,77.04353,Nischal
2018-07-25 06:30:00,26.0,29.0,28.41508,77.04353,Nischal
2018-07-25 06:45:00,33.0,38.0,28.41508,77.04353,Nischal
2018-07-25 07:00:00,31.0,35.333332,28.41508,77.04353,Nischal
2018-07-25 07:15:00,32.666668,37.666668,28.41508,77.04353,Nischal
2018-07-25 07:30:00,28.666665999999996,32.333332,28.41508,77.04353,Nischal
2018-07-25 07:45:00,30.0,33.333332,28.41508,77.04353,Nischal
2018-07-25 08:00:00,31.333334000000004,36.0,28.41508,77.04353,Nischal
2018-07-25 08:15:00,34.666668,39.0,28.41508,77.04353,Nischal
2018-07-25 08:30:00,30.333334000000004,33.333332,28.41508,77.04353,Nischal
2018-07-25 08:45:00,31.333334000000004,35.666668,28.41508,77.04353,Nischal
2018-07-25 09:00:00,35.0,39.0,28.41508,77.04353,Nischal
2018-07-25 09:15:00,39.0,44.666668,28.41508,77.04353,Nischal
2018-07-25 09:30:00,42.333332,50.333332,28.41508,77.04353,Nischal
2018-07-25 09:45:00,43.333332,47.666668,28.41508,77.04353,Nischal
2018-07-25 10:00:00,44.333332,50.0,28.41508,77.04353,Nischal
2018-07-25 10:15:00,44.666668,50.0,28.41508,77.04353,Nischal
2018-07-25 10:30:00,46.0,52.333332,28.41508,77.04353,Nischal
2018-07-25 10:45:00,46.333332,54.66666800000001,28.41508,77.04353,Nischal
2018-07-25 11:00:00,45.666668,49.333332,28.41508,77.04353,Nischal
2018-07-25 11:15:00,52.0,61.0,28.41508,77.04353,Nischal
2018-07-25 11:30:00,58.66666800000001,66.333336,28.41508,77.04353,Nischal
2018-07-25 11:45:00,53.66666800000001,61.66666800000001,28.41508,77.04353,Nischal
2018-07-25 12:00:00,49.333332,54.0,28.41508,77.04353,Nischal
2018-07-25 12:15:00,44.333332,52.0,28.41508,77.04353,Nischal
2018-07-25 12:30:00,44.0,50.333332,28.41508,77.04353,Nischal
2018-07-25 12:45:00,46.666668,50.666668,28.41508,77.04353,Nischal
2018-07-25 13:00:00,50.666668,59.66666800000001,28.41508,77.04353,Nischal
2018-07-25 13:15:00,48.333332,56.66666800000001,28.41508,77.04353,Nischal
2018-07-25 13:30:00,47.666668,55.33333199999999,28.41508,77.04353,Nischal
2018-07-25 13:45:00,47.666668,53.0,28.41508,77.04353,Nischal
2018-07-25 14:00:00,51.666668,59.0,28.41508,77.04353,Nischal
2018-07-25 14:15:00,50.0,56.0,28.41508,77.04353,Nischal
2018-07-25 14:30:00,56.0,65.0,28.41508,77.04353,Nischal
2018-07-25 14:45:00,58.0,68.0,28.41508,77.04353,Nischal
2018-07-25 15:00:00,60.66666800000001,68.333336,28.41508,77.04353,Nischal
2018-07-25 15:15:00,53.33333199999999,58.33333199999999,28.41508,77.04353,Nischal
2018-07-25 15:30:00,47.666668,54.0,28.41508,77.04353,Nischal
2018-07-25 15:45:00,49.0,54.66666800000001,28.41508,77.04353,Nischal
2018-07-25 16:00:00,43.666668,47.666668,28.41508,77.04353,Nischal
2018-07-25 16:15:00,38.666668,42.666668,28.41508,77.04353,Nischal
2018-07-25 16:30:00,37.0,43.0,28.41508,77.04353,Nischal
2018-07-25 16:45:00,38.0,41.666668,28.41508,77.04353,Nischal
2018-07-25 17:00:00,44.0,47.0,28.41508,77.04353,Nischal
2018-07-25 17:15:00,49.333332,54.0,28.41508,77.04353,Nischal
2018-07-25 17:30:00,47.0,52.66666800000001,28.41508,77.04353,Nischal
2018-07-25 17:45:00,44.0,51.666668,28.41508,77.04353,Nischal
2018-07-25 18:00:00,46.0,55.0,28.41508,77.04353,Nischal
2018-07-25 18:15:00,49.666668,54.33333199999999,28.41508,77.04353,Nischal
2018-07-25 18:30:00,50.666668,57.0,28.41508,77.04353,Nischal
2018-07-25 18:45:00,52.0,57.0,28.41508,77.04353,Nischal
2018-07-25 19:00:00,47.333332,52.0,28.41508,77.04353,Nischal
2018-07-25 19:15:00,48.333332,52.0,28.41508,77.04353,Nischal
2018-07-25 19:30:00,49.333332,54.33333199999999,28.41508,77.04353,Nischal
2018-07-25 19:45:00,52.0,60.33333199999999,28.41508,77.04353,Nischal
2018-07-25 20:00:00,52.66666800000001,61.33333199999999,28.41508,77.04353,Nischal
2018-07-25 20:15:00,52.333332,60.0,28.41508,77.04353,Nischal
2018-07-25 20:30:00,53.0,62.0,28.41508,77.04353,Nischal
2018-07-25 20:45:00,55.66666800000001,63.66666800000001,28.41508,77.04353,Nischal
2018-07-25 21:00:00,63.0,70.0,28.41508,77.04353,Nischal
2018-07-25 21:15:00,66.666664,77.0,28.41508,77.04353,Nischal
2018-07-25 21:30:00,67.333336,77.0,28.41508,77.04353,Nischal
2018-07-25 21:45:00,67.333336,76.666664,28.41508,77.04353,Nischal
2018-07-25 22:00:00,73.0,87.333336,28.41508,77.04353,Nischal
2018-07-25 22:15:00,77.0,89.333336,28.41508,77.04353,Nischal
2018-07-25 22:30:00,79.0,89.0,28.41508,77.04353,Nischal
2018-07-25 22:45:00,77.333336,90.666664,28.41508,77.04353,Nischal
2018-07-25 23:00:00,76.333336,86.666664,28.41508,77.04353,Nischal
2018-07-25 23:15:00,76.0,85.666664,28.41508,77.04353,Nischal
2018-07-25 23:30:00,78.0,91.0,28.41508,77.04353,Nischal
2018-07-25 23:45:00,70.333336,80.666664,28.41508,77.04353,Nischal
2018-07-26 00:00:00,63.33333199999999,68.666664,28.41508,77.04353,Nischal
2018-07-26 00:15:00,58.0,65.333336,28.41508,77.04353,Nischal
2018-07-26 00:30:00,57.66666800000001,69.0,28.41508,77.04353,Nischal
2018-07-26 00:45:00,53.33333199999999,62.33333199999999,28.41508,77.04353,Nischal
2018-07-26 01:00:00,54.0,63.0,28.41508,77.04353,Nischal
2018-07-26 01:15:00,45.0,52.0,28.41508,77.04353,Nischal
2018-07-26 01:30:00,41.0,44.666668,28.41508,77.04353,Nischal
2018-07-26 01:45:00,39.333332,45.333332,28.41508,77.04353,Nischal
2018-07-26 02:00:00,52.333332,59.0,28.41508,77.04353,Nischal
2018-07-26 02:15:00,55.66666800000001,62.66666800000001,28.41508,77.04353,Nischal
2018-07-26 02:30:00,52.333332,60.0,28.41508,77.04353,Nischal
2018-07-26 02:45:00,49.0,54.66666800000001,28.41508,77.04353,Nischal
2018-07-26 03:00:00,27.333334000000004,31.666665999999996,28.41508,77.04353,Nischal
2018-07-26 03:15:00,16.666666,18.333334,28.41508,77.04353,Nischal
2018-07-26 03:30:00,18.666666,21.0,28.41508,77.04353,Nischal
2018-07-26 03:45:00,25.666666,29.333334000000004,28.41508,77.04353,Nischal
2018-07-26 04:00:00,21.0,23.0,28.41508,77.04353,Nischal
2018-07-26 04:15:00,21.5,25.0,28.41508,77.04353,Nischal
2018-07-26 04:30:00,33.666668,38.0,28.41508,77.04353,Nischal
2018-07-26 04:45:00,43.0,50.0,28.41508,77.04353,Nischal
2018-07-26 05:00:00,34.666668,41.666668,28.41508,77.04353,Nischal
2018-07-26 05:15:00,66.0,76.0,28.41508,77.04353,Nischal
2018-07-26 05:30:00,75.0,82.333336,28.41508,77.04353,Nischal
2018-07-26 05:45:00,54.0,59.5,28.41508,77.04353,Nischal
2018-07-26 06:00:00,50.0,60.66666800000001,28.41508,77.04353,Nischal
2018-07-26 06:15:00,48.666668,55.66666800000001,28.41508,77.04353,Nischal
2018-07-26 06:30:00,51.333332,59.0,28.41508,77.04353,Nischal
2018-07-26 06:45:00,44.0,53.0,28.41508,77.04353,Nischal
2018-07-26 07:00:00,38.666668,45.666668,28.41508,77.04353,Nischal
2018-07-26 07:15:00,41.0,47.0,28.41508,77.04353,Nischal
2018-07-26 07:30:00,49.0,57.66666800000001,28.41508,77.04353,Nischal
2018-07-26 07:45:00,43.0,52.0,28.41508,77.04353,Nischal
2018-07-26 08:00:00,44.0,53.0,28.41508,77.04353,Nischal
2018-07-26 08:15:00,45.0,53.66666800000001,28.41508,77.04353,Nischal
2018-07-26 08:30:00,47.333332,56.33333199999999,28.41508,77.04353,Nischal
2018-07-26 08:45:00,47.666668,58.66666800000001,28.41508,77.04353,Nischal
2018-07-26 09:00:00,50.333332,60.33333199999999,28.41508,77.04353,Nischal
2018-07-26 09:15:00,50.0,60.0,28.41508,77.04353,Nischal
2018-07-26 09:30:00,49.666668,58.0,28.41508,77.04353,Nischal
2018-07-26 09:45:00,51.0,61.66666800000001,28.41508,77.04353,Nischal
2018-07-26 10:00:00,49.0,58.66666800000001,28.41508,77.04353,Nischal
2018-07-26 10:15:00,54.0,63.33333199999999,28.41508,77.04353,Nischal
2018-07-26 10:30:00,55.33333199999999,63.0,28.41508,77.04353,Nischal
2018-07-26 10:45:00,54.33333199999999,65.333336,28.41508,77.04353,Nischal
2018-07-26 11:00:00,49.666668,58.66666800000001,28.41508,77.04353,Nischal
2018-07-26 11:15:00,43.0,50.0,28.41508,77.04353,Nischal
2018-07-26 11:30:00,43.333332,51.666668,28.41508,77.04353,Nischal
2018-07-26 11:45:00,46.0,53.33333199999999,28.41508,77.04353,Nischal
2018-07-26 12:00:00,40.333332,46.666668,28.41508,77.04353,Nischal
2018-07-26 12:15:00,38.333332,43.333332,28.41508,77.04353,Nischal
2018-07-26 12:30:00,47.0,53.33333199999999,28.41508,77.04353,Nischal
2018-07-26 12:45:00,45.333332,49.666668,28.41508,77.04353,Nischal
2018-07-26 13:00:00,47.0,52.333332,28.41508,77.04353,Nischal
2018-07-26 13:15:00,50.333332,59.0,28.41508,77.04353,Nischal
2018-07-26 13:30:00,52.0,57.33333199999999,28.41508,77.04353,Nischal
2018-07-26 13:45:00,53.33333199999999,58.66666800000001,28.41508,77.04353,Nischal
2018-07-26 14:00:00,49.0,54.0,28.41508,77.04353,Nischal
2018-07-26 14:15:00,44.666668,49.0,28.41508,77.04353,Nischal
2018-07-26 14:30:00,48.666668,51.666668,28.41508,77.04353,Nischal
2018-07-26 14:45:00,53.0,57.0,28.41508,77.04353,Nischal
2018-07-26 15:00:00,52.0,60.33333199999999,28.41508,77.04353,Nischal
2018-07-26 15:15:00,53.66666800000001,58.0,28.41508,77.04353,Nischal
2018-07-26 15:30:00,56.0,60.0,28.41508,77.04353,Nischal
2018-07-26 15:45:00,52.66666800000001,57.66666800000001,28.41508,77.04353,Nischal
2018-07-26 16:00:00,49.666668,53.0,28.41508,77.04353,Nischal
2018-07-26 16:15:00,50.666668,56.33333199999999,28.41508,77.04353,Nischal
2018-07-26 16:30:00,57.66666800000001,62.66666800000001,28.41508,77.04353,Nischal
2018-07-26 16:45:00,52.0,57.0,28.41508,77.04353,Nischal
2018-07-26 17:00:00,31.333334000000004,34.666668,28.41508,77.04353,Nischal
2018-07-26 17:15:00,23.0,25.333334,28.41508,77.04353,Nischal
2018-07-26 17:30:00,21.333334,23.333334,28.41508,77.04353,Nischal
2018-07-26 17:45:00,20.333334,22.0,28.41508,77.04353,Nischal
2018-07-26 18:00:00,22.0,24.0,28.41508,77.04353,Nischal
2018-07-26 18:15:00,19.333334,20.0,28.41508,77.04353,Nischal
2018-07-26 18:30:00,18.333334,20.0,28.41508,77.04353,Nischal
2018-07-26 18:45:00,16.0,17.333334,28.41508,77.04353,Nischal
2018-07-26 19:00:00,15.333332999999998,16.0,28.41508,77.04353,Nischal
2018-07-26 19:15:00,12.666667,13.666667000000002,28.41508,77.04353,Nischal
2018-07-26 19:30:00,10.666667,10.666667,28.41508,77.04353,Nischal
2018-07-26 19:45:00,9.666667,9.333333,28.41508,77.04353,Nischal
2018-07-26 20:00:00,10.0,9.0,28.41508,77.04353,Nischal
2018-07-26 20:15:00,9.666667,10.0,28.41508,77.04353,Nischal
2018-07-26 20:30:00,10.0,10.333333,28.41508,77.04353,Nischal
2018-07-26 20:45:00,9.666667,9.333333,28.41508,77.04353,Nischal
2018-07-26 21:00:00,9.666667,10.333333,28.41508,77.04353,Nischal
2018-07-26 21:15:00,8.666667,8.333333,28.41508,77.04353,Nischal
2018-07-26 21:30:00,10.0,9.666667,28.41508,77.04353,Nischal
2018-07-26 21:45:00,8.666667,8.333333,28.41508,77.04353,Nischal
2018-07-26 22:00:00,9.333333,9.666667,28.41508,77.04353,Nischal
2018-07-26 22:15:00,9.666667,9.666667,28.41508,77.04353,Nischal
2018-07-26 22:30:00,10.0,9.666667,28.41508,77.04353,Nischal
2018-07-26 22:45:00,9.0,8.666667,28.41508,77.04353,Nischal
2018-07-26 23:00:00,9.0,8.666667,28.41508,77.04353,Nischal
2018-07-26 23:15:00,9.333333,10.333333,28.41508,77.04353,Nischal
2018-07-26 23:30:00,9.0,9.0,28.41508,77.04353,Nischal
2018-07-26 23:45:00,10.333333,10.333333,28.41508,77.04353,Nischal
2018-07-27 00:00:00,10.666667,11.333333,28.41508,77.04353,Nischal
2018-07-27 00:15:00,11.666667,12.666667,28.41508,77.04353,Nischal
2018-07-27 00:30:00,13.666667000000002,15.333332999999998,28.41508,77.04353,Nischal
2018-07-27 00:45:00,15.333332999999998,18.333334,28.41508,77.04353,Nischal
2018-07-27 01:00:00,16.666666,19.0,28.41508,77.04353,Nischal
2018-07-27 01:15:00,20.333334,24.333334,28.41508,77.04353,Nischal
2018-07-27 01:30:00,21.333334,24.333334,28.41508,77.04353,Nischal
2018-07-27 01:45:00,24.0,26.0,28.41508,77.04353,Nischal
2018-07-27 02:00:00,28.666665999999996,32.0,28.41508,77.04353,Nischal
2018-07-27 02:15:00,26.333334000000004,30.0,28.41508,77.04353,Nischal
2018-07-27 02:30:00,25.0,29.666665999999996,28.41508,77.04353,Nischal
2018-07-27 02:45:00,25.333334,30.666665999999996,28.41508,77.04353,Nischal
2018-07-27 03:00:00,28.333334000000004,31.666665999999996,28.41508,77.04353,Nischal
2018-07-27 03:15:00,31.0,34.666668,28.41508,77.04353,Nischal
2018-07-27 03:30:00,35.666668,40.333332,28.41508,77.04353,Nischal
2018-07-27 03:45:00,47.0,51.333332,28.41508,77.04353,Nischal
2018-07-27 04:00:00,125.33333600000002,147.33333000000002,28.41508,77.04353,Nischal
2018-07-27 04:15:00,195.0,237.0,28.41508,77.04353,Nischal
2018-07-27 04:30:00,183.66666999999998,217.33333,28.41508,77.04353,Nischal
2018-07-27 04:45:00,259.33333999999996,309.0,28.41508,77.04353,Nischal
2018-07-27 05:00:00,237.0,284.66666000000004,28.41508,77.04353,Nischal
2018-07-27 05:15:00,218.0,256.0,28.41508,77.04353,Nischal
2018-07-27 05:30:00,154.33333000000002,175.33333000000002,28.41508,77.04353,Nischal
2018-07-27 05:45:00,118.33333600000002,136.0,28.41508,77.04353,Nischal
2018-07-27 06:00:00,93.666664,105.66666399999998,28.41508,77.04353,Nischal
2018-07-27 06:15:00,87.333336,103.0,28.41508,77.04353,Nischal
2018-07-27 06:30:00,88.333336,98.333336,28.41508,77.04353,Nischal
2018-07-27 06:45:00,80.666664,90.0,28.41508,77.04353,Nischal
2018-07-27 07:00:00,77.0,86.333336,28.41508,77.04353,Nischal
2018-07-27 07:15:00,76.666664,91.0,28.41508,77.04353,Nischal
2018-07-27 07:30:00,73.666664,84.0,28.41508,77.04353,Nischal
2018-07-27 07:45:00,67.333336,73.333336,28.41508,77.04353,Nischal
2018-07-27 08:00:00,60.0,65.333336,28.41508,77.04353,Nischal
2018-07-27 08:15:00,59.33333199999999,63.33333199999999,28.41508,77.04353,Nischal
2018-07-27 08:30:00,59.33333199999999,67.666664,28.41508,77.04353,Nischal
2018-07-27 08:45:00,65.333336,73.666664,28.41508,77.04353,Nischal
2018-07-27 09:00:00,65.333336,70.0,28.41508,77.04353,Nischal
2018-07-27 09:15:00,63.33333199999999,70.0,28.41508,77.04353,Nischal
2018-07-27 09:30:00,59.0,64.333336,28.41508,77.04353,Nischal
2018-07-27 09:45:00,53.33333199999999,59.33333199999999,28.41508,77.04353,Nischal
2018-07-27 10:00:00,48.5,53.5,28.41508,77.04353,Nischal
2018-07-27 10:15:00,42.666668,45.666668,28.41508,77.04353,Nischal
2018-07-27 10:30:00,39.0,44.0,28.41508,77.04353,Nischal
2018-07-27 10:45:00,37.333332,41.333332,28.41508,77.04353,Nischal
2018-07-27 11:00:00,38.0,41.333332,28.41508,77.04353,Nischal
2018-07-27 11:15:00,39.333332,43.0,28.41508,77.04353,Nischal
2018-07-27 11:30:00,35.666668,38.0,28.41508,77.04353,Nischal
2018-07-27 11:45:00,31.333334000000004,33.666668,28.41508,77.04353,Nischal
2018-07-27 12:00:00,30.0,32.666668,28.41508,77.04353,Nischal
2018-07-27 12:15:00,32.0,35.333332,28.41508,77.04353,Nischal
2018-07-27 12:30:00,31.333334000000004,33.666668,28.41508,77.04353,Nischal
2018-07-27 12:45:00,33.666668,36.0,28.41508,77.04353,Nischal
2018-07-27 13:00:00,32.666668,34.0,28.41508,77.04353,Nischal
2018-07-27 13:15:00,35.333332,42.333332,28.41508,77.04353,Nischal
2018-07-27 13:30:00,38.333332,41.0,28.41508,77.04353,Nischal
2018-07-27 13:45:00,42.333332,45.333332,28.41508,77.04353,Nischal
2018-07-27 14:00:00,72.666664,85.666664,28.41508,77.04353,Nischal
2018-07-27 14:15:00,91.333336,104.0,28.41508,77.04353,Nischal
2018-07-27 14:30:00,69.666664,76.333336,28.41508,77.04353,Nischal
2018-07-27 14:45:00,65.666664,74.0,28.41508,77.04353,Nischal
2018-07-27 15:00:00,69.0,76.666664,28.41508,77.04353,Nischal
2018-07-27 15:15:00,69.666664,77.666664,28.41508,77.04353,Nischal
2018-07-27 15:30:00,60.66666800000001,67.0,28.41508,77.04353,Nischal
2018-07-27 15:45:00,54.0,61.0,28.41508,77.04353,Nischal
2018-07-27 16:00:00,52.333332,59.33333199999999,28.41508,77.04353,Nischal
2018-07-27 16:15:00,50.666668,55.66666800000001,28.41508,77.04353,Nischal
2018-07-27 16:30:00,46.0,50.333332,28.41508,77.04353,Nischal
2018-07-27 16:45:00,46.333332,51.0,28.41508,77.04353,Nischal
2018-07-27 17:00:00,59.66666800000001,65.0,28.41508,77.04353,Nischal
2018-07-27 17:15:00,56.0,62.33333199999999,28.41508,77.04353,Nischal
2018-07-27 17:30:00,51.0,55.0,28.41508,77.04353,Nischal
2018-07-27 17:45:00,47.666668,52.0,28.41508,77.04353,Nischal
2018-07-27 18:00:00,46.5,52.0,28.41508,77.04353,Nischal
2018-07-27 18:15:00,51.0,55.66666800000001,28.41508,77.04353,Nischal
2018-07-27 18:30:00,60.33333199999999,67.666664,28.41508,77.04353,Nischal
2018-07-27 18:45:00,69.333336,78.666664,28.41508,77.04353,Nischal
2018-07-27 19:00:00,73.333336,83.333336,28.41508,77.04353,Nischal
2018-07-27 19:15:00,62.0,71.0,28.41508,77.04353,Nischal
2018-07-27 19:30:00,59.66666800000001,69.0,28.41508,77.04353,Nischal
2018-07-27 19:45:00,62.33333199999999,73.0,28.41508,77.04353,Nischal
2018-07-27 20:00:00,69.0,78.0,28.41508,77.04353,Nischal
2018-07-27 20:15:00,67.333336,75.666664,28.41508,77.04353,Nischal
2018-07-27 20:30:00,60.66666800000001,67.333336,28.41508,77.04353,Nischal
2018-07-27 20:45:00,58.66666800000001,65.0,28.41508,77.04353,Nischal
2018-07-27 21:00:00,45.333332,49.333332,28.41508,77.04353,Nischal
2018-07-27 21:15:00,48.666668,53.0,28.41508,77.04353,Nischal
2018-07-27 21:30:00,52.66666800000001,60.66666800000001,28.41508,77.04353,Nischal
2018-07-27 21:45:00,53.0,58.66666800000001,28.41508,77.04353,Nischal
2018-07-27 22:00:00,61.66666800000001,67.333336,28.41508,77.04353,Nischal
2018-07-27 22:15:00,63.66666800000001,73.666664,28.41508,77.04353,Nischal
2018-07-27 22:30:00,61.66666800000001,70.333336,28.41508,77.04353,Nischal
2018-07-27 22:45:00,63.0,69.0,28.41508,77.04353,Nischal
2018-07-27 23:00:00,62.66666800000001,67.0,28.41508,77.04353,Nischal
2018-07-27 23:15:00,61.66666800000001,70.666664,28.41508,77.04353,Nischal
2018-07-27 23:30:00,65.0,73.0,28.41508,77.04353,Nischal
2018-07-27 23:45:00,64.333336,74.666664,28.41508,77.04353,Nischal
2018-07-28 00:00:00,59.33333199999999,68.333336,28.41508,77.04353,Nischal
2018-07-28 00:15:00,59.0,67.666664,28.41508,77.04353,Nischal
2018-07-28 00:30:00,60.33333199999999,69.0,28.41508,77.04353,Nischal
2018-07-28 00:45:00,60.66666800000001,70.666664,28.41508,77.04353,Nischal
2018-07-28 01:00:00,60.33333199999999,69.666664,28.41508,77.04353,Nischal
2018-07-28 01:15:00,65.666664,76.666664,28.41508,77.04353,Nischal
2018-07-28 01:30:00,60.33333199999999,70.333336,28.41508,77.04353,Nischal
2018-07-28 01:45:00,60.33333199999999,70.666664,28.41508,77.04353,Nischal
2018-07-28 02:00:00,73.0,86.0,28.41508,77.04353,Nischal
2018-07-28 02:15:00,71.0,80.0,28.41508,77.04353,Nischal
2018-07-28 02:30:00,79.333336,91.333336,28.41508,77.04353,Nischal
2018-07-28 02:45:00,71.333336,79.0,28.41508,77.04353,Nischal
2018-07-28 03:00:00,70.0,80.0,28.41508,77.04353,Nischal
2018-07-28 03:15:00,63.5,74.5,28.41508,77.04353,Nischal
2018-07-28 03:30:00,70.666664,82.333336,28.41508,77.04353,Nischal
2018-07-28 03:45:00,75.666664,90.333336,28.41508,77.04353,Nischal
2018-07-28 04:00:00,76.666664,90.333336,28.41508,77.04353,Nischal
2018-07-28 04:15:00,101.0,119.66666399999998,28.41508,77.04353,Nischal
2018-07-28 04:30:00,93.333336,106.33333600000002,28.41508,77.04353,Nischal
2018-07-28 04:45:00,125.33333600000002,138.0,28.41508,77.04353,Nischal
2018-07-28 05:00:00,102.0,111.33333600000002,28.41508,77.04353,Nischal
2018-07-28 05:15:00,67.333336,77.0,28.41508,77.04353,Nischal
2018-07-28 05:30:00,80.333336,93.333336,28.41508,77.04353,Nischal
2018-07-28 05:45:00,99.333336,117.66666399999998,28.41508,77.04353,Nischal
2018-07-28 06:00:00,61.33333199999999,69.0,28.41508,77.04353,Nischal
2018-07-28 06:15:00,50.0,58.0,28.41508,77.04353,Nischal
2018-07-28 06:30:00,50.666668,58.0,28.41508,77.04353,Nischal
2018-07-28 06:45:00,51.333332,57.33333199999999,28.41508,77.04353,Nischal
2018-07-28 07:00:00,52.333332,58.66666800000001,28.41508,77.04353,Nischal
2018-07-28 07:15:00,54.33333199999999,61.33333199999999,28.41508,77.04353,Nischal
2018-07-28 07:30:00,52.0,59.66666800000001,28.41508,77.04353,Nischal
2018-07-28 07:45:00,52.0,60.0,28.41508,77.04353,Nischal
2018-07-28 08:00:00,48.0,58.66666800000001,28.41508,77.04353,Nischal
2018-07-28 08:15:00,53.33333199999999,58.66666800000001,28.41508,77.04353,Nischal
2018-07-28 08:30:00,55.33333199999999,64.333336,28.41508,77.04353,Nischal
2018-07-28 08:45:00,65.333336,73.666664,28.41508,77.04353,Nischal
2018-07-28 09:00:00,110.66666399999998,131.0,28.41508,77.04353,Nischal
2018-07-28 09:15:00,84.0,98.0,28.41508,77.04353,Nischal
2018-07-28 09:30:00,59.33333199999999,68.0,28.41508,77.04353,Nischal
2018-07-28 09:45:00,55.0,63.66666800000001,28.41508,77.04353,Nischal
2018-07-28 10:00:00,52.0,59.66666800000001,28.41508,77.04353,Nischal
2018-07-28 10:15:00,53.0,59.66666800000001,28.41508,77.04353,Nischal
2018-07-28 10:30:00,56.0,64.666664,28.41508,77.04353,Nischal
2018-07-28 10:45:00,57.0,64.666664,28.41508,77.04353,Nischal
2018-07-28 11:00:00,59.5,66.0,28.41508,77.04353,Nischal
2018-07-28 11:15:00,56.33333199999999,63.0,28.41508,77.04353,Nischal
2018-07-28 11:30:00,55.66666800000001,62.66666800000001,28.41508,77.04353,Nischal
2018-07-28 11:45:00,57.66666800000001,64.333336,28.41508,77.04353,Nischal
2018-07-28 12:00:00,55.0,63.0,28.41508,77.04353,Nischal
2018-07-28 12:15:00,55.66666800000001,63.0,28.41508,77.04353,Nischal
2018-07-28 12:30:00,41.5,46.5,28.41508,77.04353,Nischal
2018-07-28 12:45:00,22.666666,26.0,28.41508,77.04353,Nischal
2018-07-28 13:00:00,18.666666,21.0,28.41508,77.04353,Nischal
2018-07-28 13:15:00,18.666666,21.0,28.41508,77.04353,Nischal
2018-07-28 13:30:00,19.666666,22.333334,28.41508,77.04353,Nischal
2018-07-28 13:45:00,23.0,25.666666,28.41508,77.04353,Nischal
2018-07-28 14:00:00,25.0,29.0,28.41508,77.04353,Nischal
2018-07-28 14:15:00,25.333334,28.666665999999996,28.41508,77.04353,Nischal
2018-07-28 14:30:00,29.0,32.333332,28.41508,77.04353,Nischal
2018-07-28 14:45:00,34.333332,40.333332,28.41508,77.04353,Nischal
2018-07-28 15:00:00,48.0,53.66666800000001,28.41508,77.04353,Nischal
2018-07-28 15:15:00,51.666668,58.33333199999999,28.41508,77.04353,Nischal
2018-07-28 15:30:00,54.33333199999999,63.66666800000001,28.41508,77.04353,Nischal
2018-07-28 15:45:00,57.33333199999999,65.0,28.41508,77.04353,Nischal
2018-07-28 16:00:00,57.33333199999999,63.0,28.41508,77.04353,Nischal
2018-07-28 16:15:00,67.0,75.333336,28.41508,77.04353,Nischal
2018-07-28 16:30:00,59.33333199999999,67.666664,28.41508,77.04353,Nischal
2018-07-28 16:45:00,43.0,49.333332,28.41508,77.04353,Nischal
2018-07-28 17:00:00,43.666668,47.0,28.41508,77.04353,Nischal
2018-07-28 17:15:00,38.0,41.0,28.41508,77.04353,Nischal
2018-07-28 17:30:00,38.0,41.666668,28.41508,77.04353,Nischal
2018-07-28 17:45:00,45.666668,48.333332,28.41508,77.04353,Nischal
2018-07-28 18:00:00,43.666668,47.333332,28.41508,77.04353,Nischal
2018-07-28 18:15:00,40.333332,43.666668,28.41508,77.04353,Nischal
2018-07-28 18:30:00,36.666668,40.0,28.41508,77.04353,Nischal
2018-07-28 18:45:00,37.333332,42.0,28.41508,77.04353,Nischal
2018-07-28 19:00:00,35.333332,38.0,28.41508,77.04353,Nischal
2018-07-28 19:15:00,33.666668,35.666668,28.41508,77.04353,Nischal
2018-07-28 19:30:00,28.0,31.0,28.41508,77.04353,Nischal
2018-07-28 19:45:00,23.666666,25.666666,28.41508,77.04353,Nischal
2018-07-28 20:00:00,23.666666,25.666666,28.41508,77.04353,Nischal
2018-07-28 20:15:00,32.0,35.666668,28.41508,77.04353,Nischal
2018-07-28 20:30:00,38.333332,44.666668,28.41508,77.04353,Nischal
2018-07-28 20:45:00,48.0,57.0,28.41508,77.04353,Nischal
2018-07-28 21:00:00,50.666668,59.66666800000001,28.41508,77.04353,Nischal
2018-07-28 21:15:00,48.666668,54.66666800000001,28.41508,77.04353,Nischal
2018-07-28 21:30:00,39.666668,44.666668,28.41508,77.04353,Nischal
2018-07-28 21:45:00,29.666665999999996,33.666668,28.41508,77.04353,Nischal
2018-07-28 22:00:00,25.333334,28.0,28.41508,77.04353,Nischal
2018-07-28 22:15:00,21.666666,23.666666,28.41508,77.04353,Nischal
2018-07-28 22:30:00,20.666666,23.0,28.41508,77.04353,Nischal
2018-07-28 22:45:00,23.0,24.666666,28.41508,77.04353,Nischal
2018-07-28 23:00:00,25.333334,28.333334000000004,28.41508,77.04353,Nischal
2018-07-28 23:15:00,28.0,32.0,28.41508,77.04353,Nischal
2018-07-28 23:30:00,36.0,39.666668,28.41508,77.04353,Nischal
2018-07-28 23:45:00,38.666668,43.333332,28.41508,77.04353,Nischal
2018-07-29 00:00:00,34.666668,38.666668,28.41508,77.04353,Nischal
2018-07-29 00:15:00,28.333334000000004,31.666665999999996,28.41508,77.04353,Nischal
2018-07-29 00:30:00,28.333334000000004,31.666665999999996,28.41508,77.04353,Nischal
2018-07-29 00:45:00,28.0,30.666665999999996,28.41508,77.04353,Nischal
2018-07-29 01:00:00,26.666665999999996,29.666665999999996,28.41508,77.04353,Nischal
2018-07-29 01:15:00,32.666668,37.333332,28.41508,77.04353,Nischal
2018-07-29 01:30:00,38.666668,42.666668,28.41508,77.04353,Nischal
2018-07-29 01:45:00,42.0,47.666668,28.41508,77.04353,Nischal
2018-07-29 02:00:00,42.333332,48.333332,28.41508,77.04353,Nischal
2018-07-29 02:15:00,43.666668,50.0,28.41508,77.04353,Nischal
2018-07-29 02:30:00,44.0,48.666668,28.41508,77.04353,Nischal
2018-07-29 02:45:00,43.333332,49.333332,28.41508,77.04353,Nischal
2018-07-29 03:00:00,46.0,52.333332,28.41508,77.04353,Nischal
2018-07-29 03:15:00,47.333332,54.66666800000001,28.41508,77.04353,Nischal
2018-07-29 03:30:00,50.666668,56.33333199999999,28.41508,77.04353,Nischal
2018-07-29 03:45:00,58.66666800000001,67.0,28.41508,77.04353,Nischal
2018-07-29 04:00:00,68.0,77.0,28.41508,77.04353,Nischal
2018-07-29 04:15:00,70.0,79.333336,28.41508,77.04353,Nischal
2018-07-29 04:30:00,79.0,90.666664,28.41508,77.04353,Nischal
2018-07-29 04:45:00,74.666664,88.333336,28.41508,77.04353,Nischal
2018-07-29 05:00:00,71.666664,81.0,28.41508,77.04353,Nischal
2018-07-29 05:15:00,73.333336,82.333336,28.41508,77.04353,Nischal
2018-07-29 05:30:00,73.0,84.666664,28.41508,77.04353,Nischal
2018-07-29 05:45:00,75.666664,84.0,28.41508,77.04353,Nischal
2018-07-29 06:00:00,76.333336,87.333336,28.41508,77.04353,Nischal
2018-07-29 06:15:00,78.333336,91.0,28.41508,77.04353,Nischal
2018-07-29 06:30:00,71.0,86.0,28.41508,77.04353,Nischal
2018-07-29 06:45:00,71.666664,82.0,28.41508,77.04353,Nischal
2018-07-29 07:00:00,71.666664,80.0,28.41508,77.04353,Nischal
2018-07-29 07:15:00,71.5,79.0,28.41508,77.04353,Nischal
2018-07-29 07:30:00,73.333336,86.0,28.41508,77.04353,Nischal
2018-07-29 07:45:00,72.666664,87.666664,28.41508,77.04353,Nischal
2018-07-29 08:00:00,71.0,81.0,28.41508,77.04353,Nischal
2018-07-29 08:15:00,67.0,75.333336,28.41508,77.04353,Nischal
2018-07-29 08:30:00,69.0,77.333336,28.41508,77.04353,Nischal
2018-07-29 08:45:00,67.666664,77.333336,28.41508,77.04353,Nischal
2018-07-29 09:00:00,68.333336,81.333336,28.41508,77.04353,Nischal
2018-07-29 09:15:00,66.666664,77.0,28.41508,77.04353,Nischal
2018-07-29 09:30:00,67.666664,78.666664,28.41508,77.04353,Nischal
2018-07-29 09:45:00,70.0,82.0,28.41508,77.04353,Nischal
2018-07-29 10:00:00,69.333336,80.0,28.41508,77.04353,Nischal
2018-07-29 10:15:00,67.333336,76.333336,28.41508,77.04353,Nischal
2018-07-29 10:30:00,69.0,82.666664,28.41508,77.04353,Nischal
2018-07-29 10:45:00,131.66666999999998,162.0,28.41508,77.04353,Nischal
2018-07-29 11:00:00,189.33333000000002,235.0,28.41508,77.04353,Nischal
2018-07-29 11:15:00,122.66666399999998,144.33333000000002,28.41508,77.04353,Nischal
2018-07-29 11:30:00,95.666664,109.66666399999998,28.41508,77.04353,Nischal
2018-07-29 11:45:00,82.666664,97.0,28.41508,77.04353,Nischal
2018-07-29 12:00:00,77.666664,90.0,28.41508,77.04353,Nischal
2018-07-29 12:15:00,75.666664,82.333336,28.41508,77.04353,Nischal
2018-07-29 12:30:00,76.333336,87.0,28.41508,77.04353,Nischal
2018-07-29 12:45:00,80.0,93.0,28.41508,77.04353,Nischal
2018-07-29 13:00:00,78.333336,88.333336,28.41508,77.04353,Nischal
2018-07-29 13:15:00,78.333336,93.0,28.41508,77.04353,Nischal
2018-07-29 13:30:00,79.333336,91.666664,28.41508,77.04353,Nischal
2018-07-29 13:45:00,80.666664,91.333336,28.41508,77.04353,Nischal
2018-07-29 14:00:00,82.666664,93.0,28.41508,77.04353,Nischal
2018-07-29 14:15:00,90.333336,101.0,28.41508,77.04353,Nischal
2018-07-29 14:30:00,92.333336,109.0,28.41508,77.04353,Nischal
2018-07-29 14:45:00,100.333336,112.66666399999998,28.41508,77.04353,Nischal
2018-07-29 15:00:00,106.33333600000002,120.33333600000002,28.41508,77.04353,Nischal
2018-07-29 15:15:00,108.66666399999998,123.66666399999998,28.41508,77.04353,Nischal
2018-07-29 15:30:00,109.66666399999998,123.66666399999998,28.41508,77.04353,Nischal
2018-07-29 15:45:00,115.66666399999998,128.33333000000002,28.41508,77.04353,Nischal
2018-07-29 16:00:00,121.33333600000002,137.33333000000002,28.41508,77.04353,Nischal
2018-07-29 16:15:00,119.66666399999998,135.66666999999998,28.41508,77.04353,Nischal
2018-07-29 16:30:00,113.33333600000002,127.66666399999998,28.41508,77.04353,Nischal
2018-07-29 16:45:00,100.333336,114.66666399999998,28.41508,77.04353,Nischal
2018-07-29 17:00:00,102.333336,117.0,28.41508,77.04353,Nischal
2018-07-29 17:15:00,111.33333600000002,126.66666399999998,28.41508,77.04353,Nischal
2018-07-29 17:30:00,104.666664,117.33333600000002,28.41508,77.04353,Nischal
2018-07-29 17:45:00,80.333336,86.666664,28.41508,77.04353,Nischal
2018-07-29 18:00:00,66.666664,75.0,28.41508,77.04353,Nischal
2018-07-29 18:15:00,60.33333199999999,66.666664,28.41508,77.04353,Nischal
2018-07-29 18:30:00,54.66666800000001,61.0,28.41508,77.04353,Nischal
2018-07-29 18:45:00,43.0,47.0,28.41508,77.04353,Nischal
2018-07-29 19:00:00,28.666665999999996,32.0,28.41508,77.04353,Nischal
2018-07-29 19:15:00,19.333334,21.666666,28.41508,77.04353,Nischal
2018-07-29 19:30:00,16.666666,19.0,28.41508,77.04353,Nischal
2018-07-29 19:45:00,16.0,19.0,28.41508,77.04353,Nischal
2018-07-29 20:00:00,15.0,16.666666,28.41508,77.04353,Nischal
2018-07-29 20:15:00,18.666666,20.666666,28.41508,77.04353,Nischal
2018-07-29 20:30:00,19.333334,21.0,28.41508,77.04353,Nischal
2018-07-29 20:45:00,20.666666,23.333334,28.41508,77.04353,Nischal
2018-07-29 21:00:00,20.666666,24.333334,28.41508,77.04353,Nischal
2018-07-29 21:15:00,20.666666,22.0,28.41508,77.04353,Nischal
2018-07-29 21:30:00,21.333334,23.666666,28.41508,77.04353,Nischal
2018-07-29 21:45:00,24.333334,26.333334000000004,28.41508,77.04353,Nischal
2018-07-29 22:00:00,27.0,30.666665999999996,28.41508,77.04353,Nischal
2018-07-29 22:15:00,25.666666,29.333334000000004,28.41508,77.04353,Nischal
2018-07-29 22:30:00,24.0,25.666666,28.41508,77.04353,Nischal
2018-07-29 22:45:00,23.0,26.0,28.41508,77.04353,Nischal
2018-07-29 23:00:00,23.333334,24.666666,28.41508,77.04353,Nischal
2018-07-29 23:15:00,22.333334,24.0,28.41508,77.04353,Nischal
2018-07-29 23:30:00,22.666666,27.0,28.41508,77.04353,Nischal
2018-07-29 23:45:00,24.0,26.666665999999996,28.41508,77.04353,Nischal
2018-07-30 00:00:00,25.666666,27.0,28.41508,77.04353,Nischal
2018-07-30 00:15:00,32.0,35.666668,28.41508,77.04353,Nischal
2018-07-30 00:30:00,33.666668,38.0,28.41508,77.04353,Nischal
2018-07-30 00:45:00,33.0,36.333332,28.41508,77.04353,Nischal
2018-07-30 01:00:00,34.0,36.666668,28.41508,77.04353,Nischal
2018-07-30 01:15:00,34.333332,38.333332,28.41508,77.04353,Nischal
2018-07-30 01:30:00,36.333332,40.333332,28.41508,77.04353,Nischal
2018-07-30 01:45:00,37.0,43.0,28.41508,77.04353,Nischal
2018-07-30 02:00:00,40.333332,44.333332,28.41508,77.04353,Nischal
2018-07-30 02:15:00,50.0,56.33333199999999,28.41508,77.04353,Nischal
2018-07-30 02:30:00,54.0,60.66666800000001,28.41508,77.04353,Nischal
2018-07-30 02:45:00,51.0,57.0,28.41508,77.04353,Nischal
2018-07-30 03:00:00,49.0,53.0,28.41508,77.04353,Nischal
2018-07-30 03:15:00,51.666668,58.0,28.41508,77.04353,Nischal
2018-07-30 03:30:00,48.333332,55.0,28.41508,77.04353,Nischal
2018-07-30 03:45:00,48.666668,57.66666800000001,28.41508,77.04353,Nischal
2018-07-30 04:00:00,86.0,95.333336,28.41508,77.04353,Nischal
2018-07-30 04:15:00,149.33333000000002,175.33333000000002,28.41508,77.04353,Nischal
2018-07-30 04:30:00,180.66666999999998,209.66666999999998,28.41508,77.04353,Nischal
2018-07-30 04:45:00,137.0,159.0,28.41508,77.04353,Nischal
2018-07-30 05:00:00,75.333336,87.666664,28.41508,77.04353,Nischal
2018-07-30 05:15:00,66.333336,75.666664,28.41508,77.04353,Nischal
2018-07-30 05:30:00,62.0,70.333336,28.41508,77.04353,Nischal
2018-07-30 05:45:00,77.5,90.5,28.41508,77.04353,Nischal
2018-07-30 06:00:00,63.66666800000001,73.0,28.41508,77.04353,Nischal
2018-07-30 06:15:00,55.66666800000001,64.666664,28.41508,77.04353,Nischal
2018-07-30 06:30:00,53.0,62.0,28.41508,77.04353,Nischal
2018-07-30 06:45:00,57.66666800000001,66.666664,28.41508,77.04353,Nischal
2018-07-30 07:00:00,57.5,67.0,28.41508,77.04353,Nischal
2018-07-30 07:15:00,53.0,58.33333199999999,28.41508,77.04353,Nischal
2018-07-30 07:30:00,50.333332,58.66666800000001,28.41508,77.04353,Nischal
2018-07-30 07:45:00,52.0,58.66666800000001,28.41508,77.04353,Nischal
2018-07-30 08:00:00,50.666668,57.66666800000001,28.41508,77.04353,Nischal
2018-07-30 08:15:00,51.333332,58.0,28.41508,77.04353,Nischal
2018-07-30 08:30:00,48.333332,56.33333199999999,28.41508,77.04353,Nischal
2018-07-30 08:45:00,49.0,56.66666800000001,28.41508,77.04353,Nischal
2018-07-30 09:00:00,46.666668,54.33333199999999,28.41508,77.04353,Nischal
2018-07-30 09:15:00,45.333332,50.666668,28.41508,77.04353,Nischal
2018-07-30 09:30:00,48.0,52.0,28.41508,77.04353,Nischal
2018-07-30 09:45:00,44.0,50.333332,28.41508,77.04353,Nischal
2018-07-30 10:00:00,44.666668,51.0,28.41508,77.04353,Nischal
2018-07-30 10:15:00,44.0,49.333332,28.41508,77.04353,Nischal
2018-07-30 10:30:00,45.0,50.666668,28.41508,77.04353,Nischal
2018-07-30 10:45:00,45.333332,52.66666800000001,28.41508,77.04353,Nischal
2018-07-30 11:00:00,48.333332,53.0,28.41508,77.04353,Nischal
2018-07-30 11:15:00,46.0,54.33333199999999,28.41508,77.04353,Nischal
2018-07-30 11:30:00,57.66666800000001,63.66666800000001,28.41508,77.04353,Nischal
2018-07-30 11:45:00,53.33333199999999,62.0,28.41508,77.04353,Nischal
2018-07-30 12:00:00,51.666668,58.66666800000001,28.41508,77.04353,Nischal
2018-07-30 12:15:00,49.666668,58.66666800000001,28.41508,77.04353,Nischal
2018-07-30 12:30:00,44.666668,50.0,28.41508,77.04353,Nischal
2018-07-30 12:45:00,50.333332,58.66666800000001,28.41508,77.04353,Nischal
2018-07-30 13:00:00,50.333332,57.66666800000001,28.41508,77.04353,Nischal
2018-07-30 13:15:00,53.33333199999999,62.66666800000001,28.41508,77.04353,Nischal
2018-07-30 13:30:00,57.66666800000001,65.333336,28.41508,77.04353,Nischal
2018-07-30 13:45:00,57.66666800000001,66.666664,28.41508,77.04353,Nischal
2018-07-30 14:00:00,58.0,65.0,28.41508,77.04353,Nischal
2018-07-30 14:15:00,57.0,65.0,28.41508,77.04353,Nischal
2018-07-30 14:30:00,63.66666800000001,74.333336,28.41508,77.04353,Nischal
2018-07-30 14:45:00,68.666664,76.333336,28.41508,77.04353,Nischal
2018-07-30 15:00:00,75.333336,84.0,28.41508,77.04353,Nischal
2018-07-30 15:15:00,80.333336,88.333336,28.41508,77.04353,Nischal
2018-07-30 15:30:00,74.0,84.333336,28.41508,77.04353,Nischal
2018-07-30 15:45:00,69.666664,82.333336,28.41508,77.04353,Nischal
2018-07-30 16:00:00,72.333336,80.0,28.41508,77.04353,Nischal
2018-07-30 16:15:00,74.666664,87.333336,28.41508,77.04353,Nischal
2018-07-30 16:30:00,73.333336,85.666664,28.41508,77.04353,Nischal
2018-07-30 16:45:00,70.666664,79.666664,28.41508,77.04353,Nischal
2018-07-30 17:00:00,63.66666800000001,73.333336,28.41508,77.04353,Nischal
2018-07-30 17:15:00,50.0,56.66666800000001,28.41508,77.04353,Nischal
2018-07-30 17:30:00,43.0,48.333332,28.41508,77.04353,Nischal
2018-07-30 17:45:00,40.666668,44.0,28.41508,77.04353,Nischal
2018-07-30 18:00:00,36.0,39.333332,28.41508,77.04353,Nischal
2018-07-30 18:15:00,33.0,35.666668,28.41508,77.04353,Nischal
2018-07-30 18:30:00,31.0,34.333332,28.41508,77.04353,Nischal
2018-07-30 18:45:00,33.333332,35.666668,28.41508,77.04353,Nischal
2018-07-30 19:00:00,29.0,30.333334000000004,28.41508,77.04353,Nischal
2018-07-30 19:15:00,30.0,32.0,28.41508,77.04353,Nischal
2018-07-30 19:30:00,28.333334000000004,29.333334000000004,28.41508,77.04353,Nischal
2018-07-30 19:45:00,26.333334000000004,28.666665999999996,28.41508,77.04353,Nischal
2018-07-30 20:00:00,26.666665999999996,29.0,28.41508,77.04353,Nischal
2018-07-30 20:15:00,27.0,30.0,28.41508,77.04353,Nischal
2018-07-30 20:30:00,27.666665999999996,29.333334000000004,28.41508,77.04353,Nischal
2018-07-30 20:45:00,26.0,28.333334000000004,28.41508,77.04353,Nischal
2018-07-30 21:00:00,26.0,27.666665999999996,28.41508,77.04353,Nischal
2018-07-30 21:15:00,26.666665999999996,29.666665999999996,28.41508,77.04353,Nischal
2018-07-30 21:30:00,26.666665999999996,28.666665999999996,28.41508,77.04353,Nischal
2018-07-30 21:45:00,26.0,27.333334000000004,28.41508,77.04353,Nischal
2018-07-30 22:00:00,24.666666,26.333334000000004,28.41508,77.04353,Nischal
2018-07-30 22:15:00,25.0,26.5,28.41508,77.04353,Nischal
2018-07-30 22:30:00,24.666666,27.666665999999996,28.41508,77.04353,Nischal
2018-07-30 22:45:00,28.0,32.0,28.41508,77.04353,Nischal
2018-07-30 23:00:00,27.666665999999996,30.666665999999996,28.41508,77.04353,Nischal
2018-07-30 23:15:00,29.0,32.666668,28.41508,77.04353,Nischal
2018-07-30 23:30:00,32.0,35.333332,28.41508,77.04353,Nischal
2018-07-30 23:45:00,34.0,37.333332,28.41508,77.04353,Nischal
2018-07-31 00:00:00,29.0,31.666665999999996,28.41508,77.04353,Nischal
2018-07-31 00:15:00,29.666665999999996,31.666665999999996,28.41508,77.04353,Nischal
2018-07-31 00:30:00,29.0,31.0,28.41508,77.04353,Nischal
2018-07-31 00:45:00,30.0,32.333332,28.41508,77.04353,Nischal
2018-07-31 01:00:00,34.0,36.333332,28.41508,77.04353,Nischal
2018-07-31 01:15:00,36.666668,41.333332,28.41508,77.04353,Nischal
2018-07-31 01:30:00,37.0,39.0,28.41508,77.04353,Nischal
2018-07-31 01:45:00,34.666668,38.333332,28.41508,77.04353,Nischal
2018-07-31 02:00:00,38.333332,43.666668,28.41508,77.04353,Nischal
2018-07-31 02:15:00,52.333332,58.66666800000001,28.41508,77.04353,Nischal
2018-07-31 02:30:00,61.33333199999999,68.666664,28.41508,77.04353,Nischal
2018-07-31 02:45:00,61.0,69.333336,28.41508,77.04353,Nischal
2018-07-31 03:00:00,57.0,65.5,28.41508,77.04353,Nischal
2018-07-31 03:15:00,61.66666800000001,74.0,28.41508,77.04353,Nischal
2018-07-31 03:30:00,62.33333199999999,75.333336,28.41508,77.04353,Nischal
2018-07-31 03:45:00,58.66666800000001,69.333336,28.41508,77.04353,Nischal
2018-07-31 04:00:00,75.0,88.0,28.41508,77.04353,Nischal
2018-07-31 04:15:00,104.333336,122.0,28.41508,77.04353,Nischal
2018-07-31 04:30:00,80.0,93.0,28.41508,77.04353,Nischal
2018-07-31 04:45:00,77.666664,87.333336,28.41508,77.04353,Nischal
2018-07-31 05:00:00,62.0,73.666664,28.41508,77.04353,Nischal
2018-07-31 05:15:00,50.333332,59.66666800000001,28.41508,77.04353,Nischal
2018-07-31 05:30:00,66.666664,81.333336,28.41508,77.04353,Nischal
2018-07-31 05:45:00,73.666664,85.666664,28.41508,77.04353,Nischal
2018-07-31 06:00:00,89.0,107.33333600000002,28.41508,77.04353,Nischal
2018-07-31 06:15:00,56.0,67.666664,28.41508,77.04353,Nischal
2018-07-31 06:30:00,56.66666800000001,65.333336,28.41508,77.04353,Nischal
2018-07-31 06:45:00,76.0,92.333336,28.41508,77.04353,Nischal
2018-07-31 07:00:00,54.33333199999999,68.0,28.41508,77.04353,Nischal
2018-07-31 07:15:00,51.666668,58.66666800000001,28.41508,77.04353,Nischal
2018-07-31 07:30:00,51.666668,61.33333199999999,28.41508,77.04353,Nischal
2018-07-31 07:45:00,54.0,65.0,28.41508,77.04353,Nischal
2018-07-31 08:00:00,64.333336,77.333336,28.41508,77.04353,Nischal
2018-07-31 08:15:00,52.0,63.0,28.41508,77.04353,Nischal
2018-07-31 08:30:00,47.666668,56.66666800000001,28.41508,77.04353,Nischal
2018-07-31 08:45:00,49.666668,56.33333199999999,28.41508,77.04353,Nischal
2018-07-31 09:00:00,44.0,51.333332,28.41508,77.04353,Nischal
2018-07-31 09:15:00,43.333332,51.333332,28.41508,77.04353,Nischal
2018-07-31 09:30:00,42.0,49.666668,28.41508,77.04353,Nischal
2018-07-31 09:45:00,43.0,51.0,28.41508,77.04353,Nischal
2018-07-31 10:00:00,46.0,52.5,28.41508,77.04353,Nischal
2018-07-31 10:15:00,44.666668,57.66666800000001,28.41508,77.04353,Nischal
2018-07-31 10:30:00,43.333332,50.666668,28.41508,77.04353,Nischal
2018-07-31 10:45:00,43.666668,52.0,28.41508,77.04353,Nischal
2018-07-31 11:00:00,42.0,52.66666800000001,28.41508,77.04353,Nischal
2018-07-31 11:15:00,41.666668,49.333332,28.41508,77.04353,Nischal
2018-07-31 11:30:00,44.333332,51.666668,28.41508,77.04353,Nischal
2018-07-31 11:45:00,37.666668,45.0,28.41508,77.04353,Nischal
2018-07-31 12:00:00,37.333332,47.666668,28.41508,77.04353,Nischal
2018-07-31 12:15:00,37.0,43.666668,28.41508,77.04353,Nischal
2018-07-31 12:30:00,38.666668,47.666668,28.41508,77.04353,Nischal
2018-07-31 12:45:00,47.666668,59.0,28.41508,77.04353,Nischal
2018-07-31 13:00:00,52.0,61.0,28.41508,77.04353,Nischal
2018-07-31 13:15:00,55.5,66.5,28.41508,77.04353,Nischal
2018-07-31 13:30:00,57.0,65.333336,28.41508,77.04353,Nischal
2018-07-31 13:45:00,58.33333199999999,67.0,28.41508,77.04353,Nischal
2018-07-31 14:00:00,61.66666800000001,71.333336,28.41508,77.04353,Nischal
2018-07-31 14:15:00,62.33333199999999,73.333336,28.41508,77.04353,Nischal
2018-07-31 14:30:00,67.333336,76.666664,28.41508,77.04353,Nischal
2018-07-31 14:45:00,68.666664,80.333336,28.41508,77.04353,Nischal
2018-07-31 15:00:00,76.333336,87.333336,28.41508,77.04353,Nischal
2018-07-31 15:15:00,79.333336,94.666664,28.41508,77.04353,Nischal
2018-07-31 15:30:00,80.666664,90.666664,28.41508,77.04353,Nischal
2018-07-31 15:45:00,78.0,88.333336,28.41508,77.04353,Nischal
2018-07-31 16:00:00,77.666664,88.666664,28.41508,77.04353,Nischal
2018-07-31 16:15:00,75.666664,85.333336,28.41508,77.04353,Nischal
2018-07-31 16:30:00,40.666668,50.0,28.41508,77.04353,Nischal
2018-07-31 16:45:00,18.666666,22.0,28.41508,77.04353,Nischal
2018-07-31 17:00:00,12.333333,14.333332999999998,28.41508,77.04353,Nischal
2018-07-31 17:15:00,10.333333,11.0,28.41508,77.04353,Nischal
2018-07-31 17:30:00,10.666667,12.333333,28.41508,77.04353,Nischal
2018-07-31 17:45:00,11.666667,12.0,28.41508,77.04353,Nischal
2018-07-31 18:00:00,14.333332999999998,15.666667000000002,28.41508,77.04353,Nischal
2018-07-31 18:15:00,19.666666,20.0,28.41508,77.04353,Nischal
2018-07-31 18:30:00,661.6667,998.3333,28.41508,77.04353,Nischal
2018-07-31 18:45:00,491.66666,647.0,28.41508,77.04353,Nischal
2018-07-31 19:00:00,166.0,203.66666999999998,28.41508,77.04353,Nischal
2018-07-31 19:15:00,70.333336,81.666664,28.41508,77.04353,Nischal
2018-07-31 19:30:00,39.0,44.666668,28.41508,77.04353,Nischal
2018-07-31 19:45:00,34.666668,38.333332,28.41508,77.04353,Nischal
2018-07-31 20:00:00,33.0,37.0,28.41508,77.04353,Nischal
2018-07-31 20:15:00,32.666668,38.333332,28.41508,77.04353,Nischal
2018-07-31 20:30:00,34.0,36.666668,28.41508,77.04353,Nischal
2018-07-31 20:45:00,33.333332,37.333332,28.41508,77.04353,Nischal
2018-07-31 21:00:00,25.0,27.666665999999996,28.41508,77.04353,Nischal
2018-07-31 21:15:00,21.0,24.0,28.41508,77.04353,Nischal
2018-07-31 21:30:00,20.333334,22.333334,28.41508,77.04353,Nischal
2018-07-31 21:45:00,19.333334,22.0,28.41508,77.04353,Nischal
2018-07-31 22:00:00,21.333334,25.0,28.41508,77.04353,Nischal
2018-07-31 22:15:00,21.666666,25.0,28.41508,77.04353,Nischal
2018-07-31 22:30:00,23.333334,25.333334,28.41508,77.04353,Nischal
2018-07-31 22:45:00,25.333334,29.666665999999996,28.41508,77.04353,Nischal
2018-07-31 23:00:00,24.333334,26.666665999999996,28.41508,77.04353,Nischal
2018-07-31 23:15:00,25.0,28.333334000000004,28.41508,77.04353,Nischal
2018-07-31 23:30:00,26.333334000000004,30.666665999999996,28.41508,77.04353,Nischal
2018-07-31 23:45:00,28.333334000000004,31.333334000000004,28.41508,77.04353,Nischal
2018-08-01 00:00:00,31.0,34.0,28.41508,77.04353,Nischal
2018-08-01 00:15:00,32.333332,34.666668,28.41508,77.04353,Nischal
2018-08-01 00:30:00,33.333332,37.0,28.41508,77.04353,Nischal
2018-08-01 00:45:00,39.666668,42.0,28.41508,77.04353,Nischal
2018-08-01 01:00:00,40.666668,47.666668,28.41508,77.04353,Nischal
2018-08-01 01:15:00,38.0,43.666668,28.41508,77.04353,Nischal
2018-08-01 01:30:00,38.666668,45.0,28.41508,77.04353,Nischal
2018-08-01 01:45:00,33.0,38.666668,28.41508,77.04353,Nischal
2018-08-01 02:00:00,37.333332,43.666668,28.41508,77.04353,Nischal
2018-08-01 02:15:00,43.0,51.0,28.41508,77.04353,Nischal
2018-08-01 02:30:00,40.666668,51.333332,28.41508,77.04353,Nischal
2018-08-01 02:45:00,48.666668,57.33333199999999,28.41508,77.04353,Nischal
2018-08-01 03:00:00,51.666668,62.0,28.41508,77.04353,Nischal
2018-08-01 03:15:00,54.66666800000001,67.333336,28.41508,77.04353,Nischal
2018-08-01 03:30:00,67.666664,83.333336,28.41508,77.04353,Nischal
2018-08-01 03:45:00,61.0,71.666664,28.41508,77.04353,Nischal
2018-08-01 04:00:00,61.0,71.5,28.41508,77.04353,Nischal
2018-08-01 04:15:00,79.333336,93.333336,28.41508,77.04353,Nischal
2018-08-01 04:30:00,91.0,109.33333600000002,28.41508,77.04353,Nischal
2018-08-01 04:45:00,51.666668,62.33333199999999,28.41508,77.04353,Nischal
2018-08-01 05:00:00,42.0,53.66666800000001,28.41508,77.04353,Nischal
2018-08-01 05:15:00,43.333332,56.0,28.41508,77.04353,Nischal
2018-08-01 05:30:00,48.666668,60.0,28.41508,77.04353,Nischal
2018-08-01 05:45:00,39.333332,47.0,28.41508,77.04353,Nischal
2018-08-01 06:00:00,36.333332,45.333332,28.41508,77.04353,Nischal
2018-08-01 06:15:00,33.666668,46.666668,28.41508,77.04353,Nischal
2018-08-01 06:30:00,35.0,46.333332,28.41508,77.04353,Nischal
2018-08-01 06:45:00,34.0,43.0,28.41508,77.04353,Nischal
2018-08-01 07:00:00,41.0,53.66666800000001,28.41508,77.04353,Nischal
2018-08-01 07:15:00,36.0,44.0,28.41508,77.04353,Nischal
2018-08-01 07:30:00,35.666668,50.666668,28.41508,77.04353,Nischal
2018-08-01 07:45:00,37.666668,49.333332,28.41508,77.04353,Nischal
2018-08-01 08:00:00,39.0,48.0,28.41508,77.04353,Nischal
2018-08-01 08:15:00,38.0,48.666668,28.41508,77.04353,Nischal
2018-08-01 08:30:00,34.0,44.666668,28.41508,77.04353,Nischal
2018-08-01 08:45:00,33.333332,40.333332,28.41508,77.04353,Nischal
2018-08-01 09:00:00,32.666668,43.0,28.41508,77.04353,Nischal
2018-08-01 09:15:00,294.0,411.33333999999996,28.41508,77.04353,Nischal
2018-08-01 09:30:00,712.3333,1009.0,28.41508,77.04353,Nischal
2018-08-01 09:45:00,88.333336,114.0,28.41508,77.04353,Nischal
2018-08-01 10:00:00,40.666668,52.0,28.41508,77.04353,Nischal
2018-08-01 10:15:00,35.333332,45.0,28.41508,77.04353,Nischal
2018-08-01 10:30:00,35.333332,48.333332,28.41508,77.04353,Nischal
2018-08-01 10:45:00,37.333332,47.0,28.41508,77.04353,Nischal
2018-08-01 11:00:00,35.0,45.666668,28.41508,77.04353,Nischal
2018-08-01 11:15:00,88.5,112.5,28.41508,77.04353,Nischal
2018-08-01 11:30:00,136.66666999999998,167.33333000000002,28.41508,77.04353,Nischal
2018-08-01 11:45:00,52.0,65.333336,28.41508,77.04353,Nischal
2018-08-01 12:00:00,44.0,54.0,28.41508,77.04353,Nischal
2018-08-01 12:15:00,37.0,53.33333199999999,28.41508,77.04353,Nischal
2018-08-01 12:30:00,39.0,50.666668,28.41508,77.04353,Nischal
2018-08-01 12:45:00,37.333332,51.0,28.41508,77.04353,Nischal
2018-08-01 13:00:00,36.666668,48.0,28.41508,77.04353,Nischal
2018-08-01 13:15:00,37.666668,48.666668,28.41508,77.04353,Nischal
2018-08-01 13:30:00,41.333332,52.0,28.41508,77.04353,Nischal
2018-08-01 13:45:00,43.333332,51.666668,28.41508,77.04353,Nischal
2018-08-01 14:00:00,49.0,61.0,28.41508,77.04353,Nischal
2018-08-01 14:15:00,46.666668,63.0,28.41508,77.04353,Nischal
2018-08-01 14:30:00,52.5,64.0,28.41508,77.04353,Nischal
2018-08-01 14:45:00,52.333332,64.333336,28.41508,77.04353,Nischal
2018-08-01 15:00:00,55.33333199999999,66.0,28.41508,77.04353,Nischal
2018-08-01 15:15:00,55.0,66.666664,28.41508,77.04353,Nischal
2018-08-01 15:30:00,51.333332,67.333336,28.41508,77.04353,Nischal
2018-08-01 15:45:00,53.0,62.66666800000001,28.41508,77.04353,Nischal
2018-08-01 16:00:00,52.0,64.333336,28.41508,77.04353,Nischal
2018-08-01 16:15:00,52.66666800000001,62.33333199999999,28.41508,77.04353,Nischal
2018-08-01 16:30:00,54.33333199999999,69.0,28.41508,77.04353,Nischal
2018-08-01 16:45:00,60.0,75.666664,28.41508,77.04353,Nischal
2018-08-01 17:00:00,57.0,71.333336,28.41508,77.04353,Nischal
2018-08-01 17:15:00,56.0,66.666664,28.41508,77.04353,Nischal
2018-08-01 17:30:00,56.0,69.666664,28.41508,77.04353,Nischal
2018-08-01 17:45:00,57.66666800000001,73.666664,28.41508,77.04353,Nischal
2018-08-01 18:00:00,57.66666800000001,71.0,28.41508,77.04353,Nischal
2018-08-01 18:15:00,52.333332,64.333336,28.41508,77.04353,Nischal
2018-08-01 18:30:00,46.666668,55.66666800000001,28.41508,77.04353,Nischal
2018-08-01 18:45:00,48.0,56.33333199999999,28.41508,77.04353,Nischal
2018-08-01 19:00:00,43.333332,54.66666800000001,28.41508,77.04353,Nischal
2018-08-01 19:15:00,44.333332,53.0,28.41508,77.04353,Nischal
2018-08-01 19:30:00,42.666668,52.333332,28.41508,77.04353,Nischal
2018-08-01 19:45:00,42.666668,50.333332,28.41508,77.04353,Nischal
2018-08-01 20:00:00,39.333332,48.666668,28.41508,77.04353,Nischal
2018-08-01 20:15:00,37.666668,46.0,28.41508,77.04353,Nischal
2018-08-01 20:30:00,36.0,43.666668,28.41508,77.04353,Nischal
2018-08-01 20:45:00,36.0,45.333332,28.41508,77.04353,Nischal
2018-08-01 21:00:00,37.0,47.0,28.41508,77.04353,Nischal
2018-08-01 21:15:00,35.333332,45.0,28.41508,77.04353,Nischal
2018-08-01 21:30:00,33.333332,43.666668,28.41508,77.04353,Nischal
2018-08-01 21:45:00,34.666668,42.333332,28.41508,77.04353,Nischal
2018-08-01 22:00:00,33.0,42.333332,28.41508,77.04353,Nischal
2018-08-01 22:15:00,32.0,40.666668,28.41508,77.04353,Nischal
2018-08-01 22:30:00,35.0,44.666668,28.41508,77.04353,Nischal
2018-08-01 22:45:00,36.333332,48.333332,28.41508,77.04353,Nischal
2018-08-01 23:00:00,38.0,46.666668,28.41508,77.04353,Nischal
2018-08-01 23:15:00,38.0,49.333332,28.41508,77.04353,Nischal
2018-08-01 23:30:00,34.666668,42.0,28.41508,77.04353,Nischal
2018-08-01 23:45:00,37.0,47.0,28.41508,77.04353,Nischal
2018-08-02 00:00:00,37.0,48.333332,28.41508,77.04353,Nischal
2018-08-02 00:15:00,40.666668,49.333332,28.41508,77.04353,Nischal
2018-08-02 00:30:00,43.333332,55.33333199999999,28.41508,77.04353,Nischal
2018-08-02 00:45:00,40.666668,49.333332,28.41508,77.04353,Nischal
2018-08-02 01:00:00,39.666668,52.66666800000001,28.41508,77.04353,Nischal
2018-08-02 01:15:00,38.666668,49.333332,28.41508,77.04353,Nischal
2018-08-02 01:30:00,39.333332,50.666668,28.41508,77.04353,Nischal
2018-08-02 01:45:00,44.0,57.66666800000001,28.41508,77.04353,Nischal
2018-08-02 02:00:00,42.666668,56.66666800000001,28.41508,77.04353,Nischal
2018-08-02 02:15:00,38.0,50.333332,28.41508,77.04353,Nischal
2018-08-02 02:30:00,39.0,52.66666800000001,28.41508,77.04353,Nischal
2018-08-02 02:45:00,39.0,53.0,28.41508,77.04353,Nischal
2018-08-02 03:00:00,39.0,49.0,28.41508,77.04353,Nischal
2018-08-02 03:15:00,37.0,49.0,28.41508,77.04353,Nischal
2018-08-02 03:30:00,39.666668,52.333332,28.41508,77.04353,Nischal
2018-08-02 03:45:00,39.333332,50.0,28.41508,77.04353,Nischal
2018-08-02 04:00:00,45.0,59.33333199999999,28.41508,77.04353,Nischal
2018-08-02 04:15:00,38.666668,50.666668,28.41508,77.04353,Nischal
2018-08-02 04:30:00,48.0,64.666664,28.41508,77.04353,Nischal
2018-08-02 04:45:00,48.666668,59.33333199999999,28.41508,77.04353,Nischal
2018-08-02 05:00:00,35.0,51.666668,28.41508,77.04353,Nischal
2018-08-02 05:15:00,38.0,50.666668,28.41508,77.04353,Nischal
2018-08-02 05:30:00,36.333332,49.333332,28.41508,77.04353,Nischal
2018-08-02 05:45:00,38.333332,49.0,28.41508,77.04353,Nischal
2018-08-02 06:00:00,38.333332,51.666668,28.41508,77.04353,Nischal
2018-08-02 06:15:00,34.666668,45.0,28.41508,77.04353,Nischal
2018-08-02 06:30:00,37.0,54.66666800000001,28.41508,77.04353,Nischal
2018-08-02 06:45:00,35.666668,50.0,28.41508,77.04353,Nischal
2018-08-02 07:00:00,36.333332,48.666668,28.41508,77.04353,Nischal
2018-08-02 07:15:00,33.0,43.0,28.41508,77.04353,Nischal
2018-08-02 07:30:00,35.333332,54.33333199999999,28.41508,77.04353,Nischal
2018-08-02 07:45:00,33.666668,46.666668,28.41508,77.04353,Nischal
2018-08-02 08:00:00,34.666668,46.0,28.41508,77.04353,Nischal
2018-08-02 08:15:00,33.333332,44.333332,28.41508,77.04353,Nischal
2018-08-02 08:30:00,32.666668,46.333332,28.41508,77.04353,Nischal
2018-08-02 08:45:00,34.0,48.0,28.41508,77.04353,Nischal
2018-08-02 09:00:00,30.666665999999996,43.333332,28.41508,77.04353,Nischal
2018-08-02 09:15:00,34.333332,45.0,28.41508,77.04353,Nischal
2018-08-02 09:30:00,32.666668,45.0,28.41508,77.04353,Nischal
2018-08-02 09:45:00,33.0,45.0,28.41508,77.04353,Nischal
2018-08-02 10:00:00,32.0,43.666668,28.41508,77.04353,Nischal
2018-08-02 10:15:00,31.666665999999996,42.666668,28.41508,77.04353,Nischal
2018-08-02 10:30:00,33.0,44.666668,28.41508,77.04353,Nischal
2018-08-02 10:45:00,31.333334000000004,40.666668,28.41508,77.04353,Nischal
2018-08-02 11:00:00,31.0,41.666668,28.41508,77.04353,Nischal
2018-08-02 11:15:00,31.0,48.0,28.41508,77.04353,Nischal
2018-08-02 11:30:00,33.333332,43.0,28.41508,77.04353,Nischal
2018-08-02 11:45:00,30.666665999999996,42.333332,28.41508,77.04353,Nischal
2018-08-02 12:00:00,31.333334000000004,42.333332,28.41508,77.04353,Nischal
2018-08-02 12:15:00,30.0,39.666668,28.41508,77.04353,Nischal
2018-08-02 12:30:00,32.666668,46.0,28.41508,77.04353,Nischal
2018-08-02 12:45:00,36.0,49.0,28.41508,77.04353,Nischal
2018-08-02 13:00:00,35.666668,48.0,28.41508,77.04353,Nischal
2018-08-02 13:15:00,37.333332,48.333332,28.41508,77.04353,Nischal
2018-08-02 13:30:00,37.333332,48.0,28.41508,77.04353,Nischal
2018-08-02 13:45:00,42.333332,57.0,28.41508,77.04353,Nischal
2018-08-02 14:00:00,48.666668,61.33333199999999,28.41508,77.04353,Nischal
2018-08-02 14:15:00,53.66666800000001,69.666664,28.41508,77.04353,Nischal
2018-08-02 14:30:00,50.666668,63.33333199999999,28.41508,77.04353,Nischal
2018-08-02 14:45:00,48.0,60.0,28.41508,77.04353,Nischal
2018-08-02 15:00:00,53.66666800000001,66.333336,28.41508,77.04353,Nischal
2018-08-02 15:15:00,46.666668,56.0,28.41508,77.04353,Nischal
2018-08-02 15:30:00,42.333332,53.0,28.41508,77.04353,Nischal
2018-08-02 15:45:00,44.333332,57.33333199999999,28.41508,77.04353,Nischal
2018-08-02 16:00:00,42.666668,52.0,28.41508,77.04353,Nischal
2018-08-02 16:15:00,40.666668,53.66666800000001,28.41508,77.04353,Nischal
2018-08-02 16:30:00,44.333332,57.33333199999999,28.41508,77.04353,Nischal
2018-08-02 16:45:00,44.0,55.0,28.41508,77.04353,Nischal
2018-08-02 17:00:00,42.666668,52.333332,28.41508,77.04353,Nischal
2018-08-02 17:15:00,52.333332,65.666664,28.41508,77.04353,Nischal
2018-08-02 17:30:00,51.333332,62.0,28.41508,77.04353,Nischal
2018-08-02 17:45:00,51.0,65.0,28.41508,77.04353,Nischal
2018-08-02 18:00:00,48.0,62.0,28.41508,77.04353,Nischal
2018-08-02 18:15:00,45.333332,56.0,28.41508,77.04353,Nischal
2018-08-02 18:30:00,42.0,57.0,28.41508,77.04353,Nischal
2018-08-02 18:45:00,35.0,40.5,28.41508,77.04353,Nischal
2018-08-02 19:00:00,27.333334000000004,33.0,28.41508,77.04353,Nischal
2018-08-02 19:15:00,26.0,29.666665999999996,28.41508,77.04353,Nischal
2018-08-02 19:30:00,23.0,27.333334000000004,28.41508,77.04353,Nischal
2018-08-02 19:45:00,21.333334,28.333334000000004,28.41508,77.04353,Nischal
2018-08-02 20:00:00,21.0,26.0,28.41508,77.04353,Nischal
2018-08-02 20:15:00,19.0,22.0,28.41508,77.04353,Nischal
2018-08-02 20:30:00,20.0,24.0,28.41508,77.04353,Nischal
2018-08-02 20:45:00,19.666666,24.0,28.41508,77.04353,Nischal
2018-08-02 21:00:00,23.0,28.333334000000004,28.41508,77.04353,Nischal
2018-08-02 21:15:00,20.666666,23.666666,28.41508,77.04353,Nischal
2018-08-02 21:30:00,23.333334,27.666665999999996,28.41508,77.04353,Nischal
2018-08-02 21:45:00,23.0,25.666666,28.41508,77.04353,Nischal
2018-08-02 22:00:00,21.333334,26.333334000000004,28.41508,77.04353,Nischal
2018-08-02 22:15:00,20.666666,27.333334000000004,28.41508,77.04353,Nischal
2018-08-02 22:30:00,22.0,26.666665999999996,28.41508,77.04353,Nischal
2018-08-02 22:45:00,21.666666,28.333334000000004,28.41508,77.04353,Nischal
2018-08-02 23:00:00,22.333334,28.0,28.41508,77.04353,Nischal
2018-08-02 23:15:00,21.333334,25.666666,28.41508,77.04353,Nischal
2018-08-02 23:30:00,22.0,26.0,28.41508,77.04353,Nischal
2018-08-02 23:45:00,20.0,23.666666,28.41508,77.04353,Nischal
2018-08-03 00:00:00,20.666666,25.666666,28.41508,77.04353,Nischal
2018-08-03 00:15:00,17.666666,21.0,28.41508,77.04353,Nischal
2018-08-03 00:30:00,17.0,21.666666,28.41508,77.04353,Nischal
2018-08-03 00:45:00,19.333334,21.0,28.41508,77.04353,Nischal
2018-08-03 01:00:00,20.666666,25.333334,28.41508,77.04353,Nischal
2018-08-03 01:15:00,26.666665999999996,32.333332,28.41508,77.04353,Nischal
2018-08-03 01:30:00,29.666665999999996,35.333332,28.41508,77.04353,Nischal
2018-08-03 01:45:00,28.333334000000004,36.333332,28.41508,77.04353,Nischal
2018-08-03 02:00:00,30.0,38.0,28.41508,77.04353,Nischal
2018-08-03 02:15:00,25.666666,30.666665999999996,28.41508,77.04353,Nischal
2018-08-03 02:30:00,27.0,32.0,28.41508,77.04353,Nischal
2018-08-03 02:45:00,26.666665999999996,32.333332,28.41508,77.04353,Nischal
2018-08-03 03:00:00,27.0,35.333332,28.41508,77.04353,Nischal
2018-08-03 03:15:00,30.666665999999996,38.333332,28.41508,77.04353,Nischal
2018-08-03 03:30:00,37.666668,50.0,28.41508,77.04353,Nischal
2018-08-03 03:45:00,37.333332,50.333332,28.41508,77.04353,Nischal
2018-08-03 04:00:00,36.333332,48.0,28.41508,77.04353,Nischal
2018-08-03 04:15:00,38.666668,47.666668,28.41508,77.04353,Nischal
2018-08-03 04:30:00,34.0,42.333332,28.41508,77.04353,Nischal
2018-08-03 04:45:00,31.0,41.666668,28.41508,77.04353,Nischal
2018-08-03 05:00:00,32.666668,46.333332,28.41508,77.04353,Nischal
2018-08-03 05:15:00,32.666668,43.0,28.41508,77.04353,Nischal
2018-08-03 05:30:00,30.666665999999996,37.666668,28.41508,77.04353,Nischal
2018-08-03 05:45:00,30.333334000000004,36.666668,28.41508,77.04353,Nischal
2018-08-03 06:00:00,36.0,48.333332,28.41508,77.04353,Nischal
2018-08-03 06:15:00,41.666668,52.66666800000001,28.41508,77.04353,Nischal
2018-08-03 06:30:00,34.0,43.333332,28.41508,77.04353,Nischal
2018-08-03 06:45:00,28.333334000000004,39.0,28.41508,77.04353,Nischal
2018-08-03 07:00:00,29.333334000000004,37.666668,28.41508,77.04353,Nischal
2018-08-03 07:15:00,29.0,36.666668,28.41508,77.04353,Nischal
2018-08-03 07:30:00,27.333334000000004,37.666668,28.41508,77.04353,Nischal
2018-08-03 07:45:00,28.333334000000004,37.0,28.41508,77.04353,Nischal
2018-08-03 08:00:00,26.0,35.666668,28.41508,77.04353,Nischal
2018-08-03 08:15:00,28.0,42.0,28.41508,77.04353,Nischal
2018-08-03 08:30:00,28.0,39.5,28.41508,77.04353,Nischal
2018-08-03 08:45:00,27.0,35.0,28.41508,77.04353,Nischal
2018-08-03 09:00:00,26.333334000000004,37.666668,28.41508,77.04353,Nischal
2018-08-03 09:15:00,25.666666,32.333332,28.41508,77.04353,Nischal
2018-08-03 09:30:00,28.333334000000004,39.0,28.41508,77.04353,Nischal
2018-08-03 09:45:00,29.666665999999996,42.666668,28.41508,77.04353,Nischal
2018-08-03 10:00:00,28.0,36.666668,28.41508,77.04353,Nischal
2018-08-03 10:15:00,29.0,36.0,28.41508,77.04353,Nischal
2018-08-03 10:30:00,29.0,36.333332,28.41508,77.04353,Nischal
2018-08-03 10:45:00,27.0,32.666668,28.41508,77.04353,Nischal
2018-08-03 11:00:00,29.0,38.333332,28.41508,77.04353,Nischal
2018-08-03 11:15:00,30.0,39.666668,28.41508,77.04353,Nischal
2018-08-03 11:30:00,27.666665999999996,36.666668,28.41508,77.04353,Nischal
2018-08-03 11:45:00,28.0,35.5,28.41508,77.04353,Nischal
2018-08-03 12:00:00,27.0,38.666668,28.41508,77.04353,Nischal
2018-08-03 12:15:00,27.333334000000004,39.666668,28.41508,77.04353,Nischal
2018-08-03 12:30:00,29.0,36.666668,28.41508,77.04353,Nischal
2018-08-03 12:45:00,27.666665999999996,36.0,28.41508,77.04353,Nischal
2018-08-03 13:00:00,34.333332,43.333332,28.41508,77.04353,Nischal
2018-08-03 13:15:00,33.333332,45.666668,28.41508,77.04353,Nischal
2018-08-03 13:30:00,34.333332,43.333332,28.41508,77.04353,Nischal
2018-08-03 13:45:00,34.666668,50.333332,28.41508,77.04353,Nischal
2018-08-03 14:00:00,85.333336,106.0,28.41508,77.04353,Nischal
2018-08-03 14:15:00,165.66666999999998,209.66666999999998,28.41508,77.04353,Nischal
2018-08-03 14:30:00,80.666664,97.0,28.41508,77.04353,Nischal
2018-08-03 14:45:00,61.66666800000001,72.666664,28.41508,77.04353,Nischal
2018-08-03 15:00:00,44.0,55.33333199999999,28.41508,77.04353,Nischal
2018-08-03 15:15:00,42.666668,53.33333199999999,28.41508,77.04353,Nischal
2018-08-03 15:30:00,47.0,60.0,28.41508,77.04353,Nischal
2018-08-03 15:45:00,44.333332,55.0,28.41508,77.04353,Nischal
2018-08-03 16:00:00,43.666668,52.333332,28.41508,77.04353,Nischal
2018-08-03 16:15:00,43.333332,51.333332,28.41508,77.04353,Nischal
2018-08-03 16:30:00,43.666668,50.333332,28.41508,77.04353,Nischal
2018-08-03 16:45:00,40.333332,54.0,28.41508,77.04353,Nischal
2018-08-03 17:00:00,38.5,46.5,28.41508,77.04353,Nischal
2018-08-03 17:15:00,38.666668,46.666668,28.41508,77.04353,Nischal
2018-08-03 17:30:00,37.333332,46.0,28.41508,77.04353,Nischal
2018-08-03 17:45:00,34.0,44.0,28.41508,77.04353,Nischal
2018-08-03 18:00:00,33.0,40.0,28.41508,77.04353,Nischal
2018-08-03 18:15:00,32.0,39.333332,28.41508,77.04353,Nischal
2018-08-03 18:30:00,33.333332,38.333332,28.41508,77.04353,Nischal
2018-08-03 18:45:00,32.0,40.0,28.41508,77.04353,Nischal
2018-08-03 19:00:00,34.666668,43.333332,28.41508,77.04353,Nischal
2018-08-03 19:15:00,35.333332,42.333332,28.41508,77.04353,Nischal
2018-08-03 19:30:00,35.333332,42.0,28.41508,77.04353,Nischal
2018-08-03 19:45:00,40.666668,47.333332,28.41508,77.04353,Nischal
2018-08-03 20:00:00,45.333332,51.333332,28.41508,77.04353,Nischal
2018-08-03 20:15:00,49.333332,58.0,28.41508,77.04353,Nischal
2018-08-03 20:30:00,52.0,63.0,28.41508,77.04353,Nischal
2018-08-03 20:45:00,46.0,55.66666800000001,28.41508,77.04353,Nischal
2018-08-03 21:00:00,43.0,52.333332,28.41508,77.04353,Nischal
2018-08-03 21:15:00,40.666668,50.0,28.41508,77.04353,Nischal
2018-08-03 21:30:00,40.0,50.333332,28.41508,77.04353,Nischal
2018-08-03 21:45:00,40.666668,48.333332,28.41508,77.04353,Nischal
2018-08-03 22:00:00,39.666668,48.666668,28.41508,77.04353,Nischal
2018-08-03 22:15:00,37.333332,49.333332,28.41508,77.04353,Nischal
2018-08-03 22:30:00,37.666668,48.0,28.41508,77.04353,Nischal
2018-08-03 22:45:00,36.666668,47.0,28.41508,77.04353,Nischal
2018-08-03 23:00:00,34.666668,43.666668,28.41508,77.04353,Nischal
2018-08-03 23:15:00,36.333332,46.666668,28.41508,77.04353,Nischal
2018-08-03 23:30:00,33.666668,43.0,28.41508,77.04353,Nischal
2018-08-03 23:45:00,32.666668,39.666668,28.41508,77.04353,Nischal
2018-08-04 00:00:00,30.0,35.333332,28.41508,77.04353,Nischal
2018-08-04 00:15:00,30.333334000000004,37.333332,28.41508,77.04353,Nischal
2018-08-04 00:30:00,35.0,42.0,28.41508,77.04353,Nischal
2018-08-04 00:45:00,33.0,39.0,28.41508,77.04353,Nischal
2018-08-04 01:00:00,38.666668,47.0,28.41508,77.04353,Nischal
2018-08-04 01:15:00,38.0,50.0,28.41508,77.04353,Nischal
2018-08-04 01:30:00,37.666668,45.333332,28.41508,77.04353,Nischal
2018-08-04 01:45:00,37.666668,50.0,28.41508,77.04353,Nischal
2018-08-04 02:00:00,40.0,48.333332,28.41508,77.04353,Nischal
2018-08-04 02:15:00,38.333332,49.333332,28.41508,77.04353,Nischal
2018-08-04 02:30:00,38.666668,49.333332,28.41508,77.04353,Nischal
2018-08-04 02:45:00,38.333332,51.0,28.41508,77.04353,Nischal
2018-08-04 03:00:00,41.666668,53.66666800000001,28.41508,77.04353,Nischal
2018-08-04 03:15:00,36.333332,46.0,28.41508,77.04353,Nischal
2018-08-04 03:30:00,35.0,46.666668,28.41508,77.04353,Nischal
2018-08-04 03:45:00,33.0,44.333332,28.41508,77.04353,Nischal
2018-08-04 04:00:00,33.333332,42.666668,28.41508,77.04353,Nischal
2018-08-04 04:15:00,33.0,42.0,28.41508,77.04353,Nischal
2018-08-04 04:30:00,31.666665999999996,43.666668,28.41508,77.04353,Nischal
2018-08-04 04:45:00,31.0,43.0,28.41508,77.04353,Nischal
2018-08-04 05:00:00,34.0,46.333332,28.41508,77.04353,Nischal
2018-08-04 05:15:00,30.666665999999996,42.333332,28.41508,77.04353,Nischal
2018-08-04 05:30:00,33.666668,42.666668,28.41508,77.04353,Nischal
2018-08-04 05:45:00,33.333332,46.0,28.41508,77.04353,Nischal
2018-08-04 06:00:00,42.333332,55.0,28.41508,77.04353,Nischal
2018-08-04 06:15:00,39.333332,53.66666800000001,28.41508,77.04353,Nischal
2018-08-04 06:30:00,40.333332,51.666668,28.41508,77.04353,Nischal
2018-08-04 06:45:00,48.666668,63.0,28.41508,77.04353,Nischal
2018-08-04 07:00:00,78.333336,94.666664,28.41508,77.04353,Nischal
2018-08-04 07:15:00,75.333336,91.333336,28.41508,77.04353,Nischal
2018-08-04 07:30:00,61.33333199999999,78.0,28.41508,77.04353,Nischal
2018-08-04 07:45:00,89.0,111.66666399999998,28.41508,77.04353,Nischal
2018-08-04 08:00:00,50.0,64.0,28.41508,77.04353,Nischal
2018-08-04 08:15:00,34.666668,50.0,28.41508,77.04353,Nischal
2018-08-04 08:30:00,37.0,47.666668,28.41508,77.04353,Nischal
2018-08-04 08:45:00,33.333332,44.333332,28.41508,77.04353,Nischal
2018-08-04 09:00:00,31.5,42.5,28.41508,77.04353,Nischal
2018-08-04 09:15:00,31.333334000000004,44.666668,28.41508,77.04353,Nischal
2018-08-04 09:30:00,31.0,42.0,28.41508,77.04353,Nischal
2018-08-04 09:45:00,31.666665999999996,42.0,28.41508,77.04353,Nischal
2018-08-04 10:00:00,30.333334000000004,40.666668,28.41508,77.04353,Nischal
2018-08-04 10:15:00,27.666665999999996,40.666668,28.41508,77.04353,Nischal
2018-08-04 10:30:00,31.666665999999996,46.333332,28.41508,77.04353,Nischal
2018-08-04 10:45:00,29.5,39.5,28.41508,77.04353,Nischal
2018-08-04 11:00:00,32.666668,41.666668,28.41508,77.04353,Nischal
2018-08-04 11:15:00,36.0,49.0,28.41508,77.04353,Nischal
2018-08-04 11:30:00,31.666665999999996,41.666668,28.41508,77.04353,Nischal
2018-08-04 11:45:00,31.666665999999996,44.0,28.41508,77.04353,Nischal
2018-08-04 12:00:00,34.666668,48.666668,28.41508,77.04353,Nischal
2018-08-04 12:15:00,37.0,49.0,28.41508,77.04353,Nischal
2018-08-04 12:30:00,35.333332,45.333332,28.41508,77.04353,Nischal
2018-08-04 12:45:00,39.666668,47.333332,28.41508,77.04353,Nischal
2018-08-04 13:00:00,41.666668,56.33333199999999,28.41508,77.04353,Nischal
2018-08-04 13:15:00,43.0,57.0,28.41508,77.04353,Nischal
2018-08-04 13:30:00,43.333332,58.66666800000001,28.41508,77.04353,Nischal
2018-08-04 13:45:00,38.333332,48.666668,28.41508,77.04353,Nischal
2018-08-04 14:00:00,39.666668,51.333332,28.41508,77.04353,Nischal
2018-08-04 14:15:00,38.333332,46.0,28.41508,77.04353,Nischal
2018-08-04 14:30:00,37.666668,46.666668,28.41508,77.04353,Nischal
2018-08-04 14:45:00,38.666668,50.0,28.41508,77.04353,Nischal
2018-08-04 15:00:00,43.333332,53.0,28.41508,77.04353,Nischal
2018-08-04 15:15:00,47.333332,60.33333199999999,28.41508,77.04353,Nischal
2018-08-04 15:30:00,49.0,60.33333199999999,28.41508,77.04353,Nischal
2018-08-04 15:45:00,50.0,64.333336,28.41508,77.04353,Nischal
2018-08-04 16:00:00,45.666668,56.33333199999999,28.41508,77.04353,Nischal
2018-08-04 16:15:00,48.666668,59.33333199999999,28.41508,77.04353,Nischal
2018-08-04 16:30:00,48.0,61.33333199999999,28.41508,77.04353,Nischal
2018-08-04 16:45:00,52.66666800000001,67.333336,28.41508,77.04353,Nischal
2018-08-04 17:00:00,57.66666800000001,69.333336,28.41508,77.04353,Nischal
2018-08-04 17:15:00,66.666664,85.333336,28.41508,77.04353,Nischal
2018-08-04 17:30:00,61.66666800000001,71.0,28.41508,77.04353,Nischal
2018-08-04 17:45:00,57.0,67.333336,28.41508,77.04353,Nischal
2018-08-04 18:00:00,49.0,62.66666800000001,28.41508,77.04353,Nischal
2018-08-04 18:15:00,42.0,51.666668,28.41508,77.04353,Nischal
2018-08-04 18:30:00,38.666668,53.0,28.41508,77.04353,Nischal
2018-08-04 18:45:00,37.666668,46.333332,28.41508,77.04353,Nischal
2018-08-04 19:00:00,36.0,44.333332,28.41508,77.04353,Nischal
2018-08-04 19:15:00,33.666668,44.0,28.41508,77.04353,Nischal
2018-08-04 19:30:00,34.333332,43.666668,28.41508,77.04353,Nischal
2018-08-04 19:45:00,36.0,44.0,28.41508,77.04353,Nischal
2018-08-04 20:00:00,35.0,45.0,28.41508,77.04353,Nischal
2018-08-04 20:15:00,35.666668,41.0,28.41508,77.04353,Nischal
2018-08-04 20:30:00,36.666668,48.0,28.41508,77.04353,Nischal
2018-08-04 20:45:00,33.333332,41.666668,28.41508,77.04353,Nischal
2018-08-04 21:00:00,33.0,41.333332,28.41508,77.04353,Nischal
2018-08-04 21:15:00,34.0,40.0,28.41508,77.04353,Nischal
2018-08-04 21:30:00,34.333332,41.666668,28.41508,77.04353,Nischal
2018-08-04 21:45:00,33.666668,40.0,28.41508,77.04353,Nischal
2018-08-04 22:00:00,31.666665999999996,41.0,28.41508,77.04353,Nischal
2018-08-04 22:15:00,33.333332,41.0,28.41508,77.04353,Nischal
2018-08-04 22:30:00,33.333332,41.0,28.41508,77.04353,Nischal
2018-08-04 22:45:00,31.0,39.333332,28.41508,77.04353,Nischal
2018-08-04 23:00:00,32.333332,39.333332,28.41508,77.04353,Nischal
2018-08-04 23:15:00,32.666668,41.666668,28.41508,77.04353,Nischal
2018-08-04 23:30:00,33.0,42.333332,28.41508,77.04353,Nischal
2018-08-04 23:45:00,34.333332,41.666668,28.41508,77.04353,Nischal
2018-08-05 00:00:00,36.666668,45.333332,28.41508,77.04353,Nischal
2018-08-05 00:15:00,38.0,44.333332,28.41508,77.04353,Nischal
2018-08-05 00:30:00,38.333332,47.333332,28.41508,77.04353,Nischal
2018-08-05 00:45:00,37.666668,48.0,28.41508,77.04353,Nischal
2018-08-05 01:00:00,38.333332,50.0,28.41508,77.04353,Nischal
2018-08-05 01:15:00,38.666668,47.333332,28.41508,77.04353,Nischal
2018-08-05 01:30:00,38.666668,47.666668,28.41508,77.04353,Nischal
2018-08-05 01:45:00,36.666668,47.666668,28.41508,77.04353,Nischal
2018-08-05 02:00:00,36.333332,49.666668,28.41508,77.04353,Nischal
2018-08-05 02:15:00,34.666668,42.666668,28.41508,77.04353,Nischal
2018-08-05 02:30:00,35.666668,44.666668,28.41508,77.04353,Nischal
2018-08-05 02:45:00,38.666668,54.0,28.41508,77.04353,Nischal
2018-08-05 03:00:00,38.666668,49.0,28.41508,77.04353,Nischal
2018-08-05 03:15:00,36.0,43.0,28.41508,77.04353,Nischal
2018-08-05 03:30:00,35.333332,44.666668,28.41508,77.04353,Nischal
2018-08-05 03:45:00,35.333332,47.666668,28.41508,77.04353,Nischal
2018-08-05 04:00:00,39.333332,54.0,28.41508,77.04353,Nischal
2018-08-05 04:15:00,38.0,47.0,28.41508,77.04353,Nischal
2018-08-05 04:30:00,36.0,49.333332,28.41508,77.04353,Nischal
2018-08-05 04:45:00,41.333332,53.33333199999999,28.41508,77.04353,Nischal
2018-08-05 05:00:00,34.666668,46.666668,28.41508,77.04353,Nischal
2018-08-05 05:15:00,34.333332,48.333332,28.41508,77.04353,Nischal
2018-08-05 05:30:00,36.666668,50.666668,28.41508,77.04353,Nischal
2018-08-05 05:45:00,40.333332,52.66666800000001,28.41508,77.04353,Nischal
2018-08-05 06:00:00,36.0,48.0,28.41508,77.04353,Nischal
2018-08-05 06:15:00,31.333334000000004,44.333332,28.41508,77.04353,Nischal
2018-08-05 06:30:00,31.666665999999996,42.666668,28.41508,77.04353,Nischal
2018-08-05 06:45:00,37.0,49.0,28.41508,77.04353,Nischal
2018-08-05 07:00:00,48.0,61.0,28.41508,77.04353,Nischal
2018-08-05 07:15:00,33.333332,45.333332,28.41508,77.04353,Nischal
2018-08-05 07:30:00,31.333334000000004,42.333332,28.41508,77.04353,Nischal
2018-08-05 07:45:00,31.666665999999996,41.333332,28.41508,77.04353,Nischal
2018-08-05 08:00:00,31.0,43.333332,28.41508,77.04353,Nischal
2018-08-05 08:15:00,30.0,37.666668,28.41508,77.04353,Nischal
2018-08-05 08:30:00,28.666665999999996,39.333332,28.41508,77.04353,Nischal
2018-08-05 08:45:00,28.666665999999996,39.666668,28.41508,77.04353,Nischal
2018-08-05 09:00:00,32.666668,41.666668,28.41508,77.04353,Nischal
2018-08-05 09:15:00,33.333332,42.0,28.41508,77.04353,Nischal
2018-08-05 09:30:00,37.333332,49.0,28.41508,77.04353,Nischal
2018-08-05 09:45:00,37.333332,48.0,28.41508,77.04353,Nischal
2018-08-05 10:00:00,37.333332,47.333332,28.41508,77.04353,Nischal
2018-08-05 10:15:00,36.666668,49.0,28.41508,77.04353,Nischal
2018-08-05 10:30:00,36.0,47.666668,28.41508,77.04353,Nischal
2018-08-05 10:45:00,36.0,42.0,28.41508,77.04353,Nischal
2018-08-05 11:00:00,34.5,48.0,28.41508,77.04353,Nischal
2018-08-05 11:15:00,33.0,40.333332,28.41508,77.04353,Nischal
2018-08-05 11:30:00,35.333332,47.666668,28.41508,77.04353,Nischal
2018-08-05 11:45:00,37.0,45.333332,28.41508,77.04353,Nischal
2018-08-05 12:00:00,46.666668,57.66666800000001,28.41508,77.04353,Nischal
2018-08-05 12:15:00,55.0,67.333336,28.41508,77.04353,Nischal
2018-08-05 12:30:00,54.66666800000001,67.333336,28.41508,77.04353,Nischal
2018-08-05 12:45:00,53.66666800000001,66.0,28.41508,77.04353,Nischal
2018-08-05 13:00:00,54.66666800000001,71.0,28.41508,77.04353,Nischal
2018-08-05 13:15:00,59.66666800000001,70.666664,28.41508,77.04353,Nischal
2018-08-05 13:30:00,56.0,67.666664,28.41508,77.04353,Nischal
2018-08-05 13:45:00,55.66666800000001,68.666664,28.41508,77.04353,Nischal
2018-08-05 14:00:00,59.33333199999999,75.333336,28.41508,77.04353,Nischal
2018-08-05 14:15:00,62.0,72.666664,28.41508,77.04353,Nischal
2018-08-05 14:30:00,64.666664,76.0,28.41508,77.04353,Nischal
2018-08-05 14:45:00,69.333336,80.333336,28.41508,77.04353,Nischal
2018-08-05 15:00:00,68.666664,79.333336,28.41508,77.04353,Nischal
2018-08-05 15:15:00,66.666664,77.333336,28.41508,77.04353,Nischal
2018-08-05 15:30:00,73.0,85.666664,28.41508,77.04353,Nischal
2018-08-05 15:45:00,69.666664,83.0,28.41508,77.04353,Nischal
2018-08-05 16:00:00,65.0,76.333336,28.41508,77.04353,Nischal
2018-08-05 16:15:00,64.0,74.0,28.41508,77.04353,Nischal
2018-08-05 16:30:00,64.666664,78.0,28.41508,77.04353,Nischal
2018-08-05 16:45:00,67.0,81.0,28.41508,77.04353,Nischal
2018-08-05 17:00:00,61.66666800000001,70.333336,28.41508,77.04353,Nischal
2018-08-05 17:15:00,446.33334,597.0,28.41508,77.04353,Nischal
2018-08-05 17:30:00,284.33333999999996,352.0,28.41508,77.04353,Nischal
2018-08-05 17:45:00,99.333336,116.66666399999998,28.41508,77.04353,Nischal
2018-08-05 18:00:00,50.0,55.0,28.41508,77.04353,Nischal
2018-08-05 18:15:00,44.0,49.666668,28.41508,77.04353,Nischal
2018-08-05 18:30:00,43.333332,47.666668,28.41508,77.04353,Nischal
2018-08-05 18:45:00,41.333332,45.0,28.41508,77.04353,Nischal
2018-08-05 19:00:00,39.333332,41.666668,28.41508,77.04353,Nischal
2018-08-05 19:15:00,36.0,40.0,28.41508,77.04353,Nischal
2018-08-05 19:30:00,35.333332,39.0,28.41508,77.04353,Nischal
2018-08-05 19:45:00,34.333332,39.333332,28.41508,77.04353,Nischal
2018-08-05 20:00:00,33.666668,36.333332,28.41508,77.04353,Nischal
2018-08-05 20:15:00,34.333332,38.333332,28.41508,77.04353,Nischal
2018-08-05 20:30:00,37.666668,41.333332,28.41508,77.04353,Nischal
2018-08-05 20:45:00,33.333332,38.333332,28.41508,77.04353,Nischal
2018-08-05 21:00:00,35.333332,39.333332,28.41508,77.04353,Nischal
2018-08-05 21:15:00,34.666668,40.0,28.41508,77.04353,Nischal
2018-08-05 21:30:00,35.0,38.666668,28.41508,77.04353,Nischal
2018-08-05 21:45:00,35.0,40.666668,28.41508,77.04353,Nischal
2018-08-05 22:00:00,34.666668,40.666668,28.41508,77.04353,Nischal
2018-08-05 22:15:00,35.666668,40.666668,28.41508,77.04353,Nischal
2018-08-05 22:30:00,35.333332,39.333332,28.41508,77.04353,Nischal
2018-08-05 22:45:00,35.0,40.0,28.41508,77.04353,Nischal
2018-08-05 23:00:00,35.333332,38.666668,28.41508,77.04353,Nischal
2018-08-05 23:15:00,34.333332,38.666668,28.41508,77.04353,Nischal
2018-08-05 23:30:00,35.666668,39.333332,28.41508,77.04353,Nischal
2018-08-05 23:45:00,36.0,40.666668,28.41508,77.04353,Nischal
2018-08-06 00:00:00,35.333332,41.333332,28.41508,77.04353,Nischal
2018-08-06 00:15:00,37.333332,41.333332,28.41508,77.04353,Nischal
2018-08-06 00:30:00,36.0,40.0,28.41508,77.04353,Nischal
2018-08-06 00:45:00,36.0,41.333332,28.41508,77.04353,Nischal
2018-08-06 01:00:00,34.0,37.666668,28.41508,77.04353,Nischal
2018-08-06 01:15:00,37.333332,40.666668,28.41508,77.04353,Nischal
2018-08-06 01:30:00,38.0,42.666668,28.41508,77.04353,Nischal
2018-08-06 01:45:00,36.666668,41.666668,28.41508,77.04353,Nischal
2018-08-06 02:00:00,44.333332,50.333332,28.41508,77.04353,Nischal
2018-08-06 02:15:00,48.333332,55.0,28.41508,77.04353,Nischal
2018-08-06 02:30:00,51.333332,56.33333199999999,28.41508,77.04353,Nischal
2018-08-06 02:45:00,63.33333199999999,71.666664,28.41508,77.04353,Nischal
2018-08-06 03:00:00,74.333336,86.333336,28.41508,77.04353,Nischal
2018-08-06 03:15:00,69.666664,80.0,28.41508,77.04353,Nischal
2018-08-06 03:30:00,76.333336,85.666664,28.41508,77.04353,Nischal
2018-08-06 03:45:00,80.333336,94.666664,28.41508,77.04353,Nischal
2018-08-06 04:00:00,80.333336,96.0,28.41508,77.04353,Nischal
2018-08-06 04:15:00,82.666664,96.0,28.41508,77.04353,Nischal
2018-08-06 04:30:00,115.0,129.0,28.41508,77.04353,Nischal
2018-08-06 04:45:00,113.0,130.33333000000002,28.41508,77.04353,Nischal
2018-08-06 05:00:00,117.33333600000002,140.33333000000002,28.41508,77.04353,Nischal
2018-08-06 05:15:00,107.33333600000002,123.33333600000002,28.41508,77.04353,Nischal
2018-08-06 05:30:00,73.0,90.333336,28.41508,77.04353,Nischal
2018-08-06 05:45:00,63.33333199999999,75.666664,28.41508,77.04353,Nischal
2018-08-06 06:00:00,54.33333199999999,66.666664,28.41508,77.04353,Nischal
2018-08-06 06:15:00,66.333336,78.0,28.41508,77.04353,Nischal
2018-08-06 06:30:00,100.666664,118.0,28.41508,77.04353,Nischal
2018-08-06 06:45:00,109.66666399999998,127.66666399999998,28.41508,77.04353,Nischal
2018-08-06 07:00:00,100.333336,116.33333600000002,28.41508,77.04353,Nischal
2018-08-06 07:15:00,93.0,108.66666399999998,28.41508,77.04353,Nischal
2018-08-06 07:30:00,85.0,100.333336,28.41508,77.04353,Nischal
2018-08-06 07:45:00,82.333336,97.333336,28.41508,77.04353,Nischal
2018-08-06 08:00:00,76.0,90.333336,28.41508,77.04353,Nischal
2018-08-06 08:15:00,71.333336,80.333336,28.41508,77.04353,Nischal
2018-08-06 08:30:00,79.0,90.5,28.41508,77.04353,Nischal
2018-08-06 08:45:00,75.0,85.0,28.41508,77.04353,Nischal
2018-08-06 09:00:00,78.333336,90.666664,28.41508,77.04353,Nischal
2018-08-06 09:15:00,71.333336,85.0,28.41508,77.04353,Nischal
2018-08-06 09:30:00,64.666664,77.333336,28.41508,77.04353,Nischal
2018-08-06 09:45:00,63.33333199999999,75.666664,28.41508,77.04353,Nischal
2018-08-06 10:00:00,64.333336,73.333336,28.41508,77.04353,Nischal
2018-08-06 10:15:00,58.0,69.333336,28.41508,77.04353,Nischal
2018-08-06 10:30:00,60.66666800000001,71.0,28.41508,77.04353,Nischal
2018-08-06 10:45:00,79.666664,102.0,28.41508,77.04353,Nischal
2018-08-06 11:00:00,98.333336,119.33333600000002,28.41508,77.04353,Nischal
2018-08-06 11:15:00,106.33333600000002,127.66666399999998,28.41508,77.04353,Nischal
2018-08-06 11:30:00,113.66666399999998,136.0,28.41508,77.04353,Nischal
2018-08-06 11:45:00,118.66666399999998,140.0,28.41508,77.04353,Nischal
2018-08-06 12:00:00,113.66666399999998,134.66666999999998,28.41508,77.04353,Nischal
2018-08-06 12:15:00,111.66666399999998,131.0,28.41508,77.04353,Nischal
2018-08-06 12:30:00,108.66666399999998,130.33333000000002,28.41508,77.04353,Nischal
2018-08-06 12:45:00,,,28.41508,77.04353,Nischal
2018-08-06 13:00:00,,,28.41508,77.04353,Nischal
2018-08-06 13:15:00,,,28.41508,77.04353,Nischal
2018-08-06 13:30:00,,,28.41508,77.04353,Nischal
2018-08-06 13:45:00,,,28.41508,77.04353,Nischal
2018-08-06 14:00:00,,,28.41508,77.04353,Nischal
2018-08-06 14:15:00,,,28.41508,77.04353,Nischal
2018-08-06 14:30:00,,,28.41508,77.04353,Nischal
2018-08-06 14:45:00,,,28.41508,77.04353,Nischal
2018-08-06 15:00:00,,,28.41508,77.04353,Nischal
2018-08-06 15:15:00,,,28.41508,77.04353,Nischal
2018-08-06 15:30:00,,,28.41508,77.04353,Nischal
2018-08-06 15:45:00,,,28.41508,77.04353,Nischal
2018-08-06 16:00:00,,,28.41508,77.04353,Nischal
2018-08-06 16:15:00,,,28.41508,77.04353,Nischal
2018-08-06 16:30:00,,,28.41508,77.04353,Nischal
2018-08-06 16:45:00,,,28.41508,77.04353,Nischal
2018-08-06 17:00:00,,,28.41508,77.04353,Nischal
2018-08-06 17:15:00,,,28.41508,77.04353,Nischal
2018-08-06 17:30:00,,,28.41508,77.04353,Nischal
2018-08-06 17:45:00,,,28.41508,77.04353,Nischal
2018-08-06 18:00:00,,,28.41508,77.04353,Nischal
2018-08-06 18:15:00,,,28.41508,77.04353,Nischal
2018-08-06 18:30:00,,,28.41508,77.04353,Nischal
2018-08-06 18:45:00,,,28.41508,77.04353,Nischal
2018-08-06 19:00:00,,,28.41508,77.04353,Nischal
2018-08-06 19:15:00,,,28.41508,77.04353,Nischal
2018-08-06 19:30:00,,,28.41508,77.04353,Nischal
2018-08-06 19:45:00,,,28.41508,77.04353,Nischal
2018-08-06 20:00:00,,,28.41508,77.04353,Nischal
2018-08-06 20:15:00,,,28.41508,77.04353,Nischal
2018-08-06 20:30:00,,,28.41508,77.04353,Nischal
2018-08-06 20:45:00,,,28.41508,77.04353,Nischal
2018-08-06 21:00:00,,,28.41508,77.04353,Nischal
2018-08-06 21:15:00,,,28.41508,77.04353,Nischal
2018-08-06 21:30:00,,,28.41508,77.04353,Nischal
2018-08-06 21:45:00,,,28.41508,77.04353,Nischal
2018-08-06 22:00:00,,,28.41508,77.04353,Nischal
2018-08-06 22:15:00,,,28.41508,77.04353,Nischal
2018-08-06 22:30:00,,,28.41508,77.04353,Nischal
2018-08-06 22:45:00,,,28.41508,77.04353,Nischal
2018-08-06 23:00:00,,,28.41508,77.04353,Nischal
2018-08-06 23:15:00,,,28.41508,77.04353,Nischal
2018-08-06 23:30:00,,,28.41508,77.04353,Nischal
2018-08-06 23:45:00,,,28.41508,77.04353,Nischal
2018-08-07 00:00:00,,,28.41508,77.04353,Nischal
2018-08-07 00:15:00,,,28.41508,77.04353,Nischal
2018-08-07 00:30:00,,,28.41508,77.04353,Nischal
2018-08-07 00:45:00,,,28.41508,77.04353,Nischal
2018-08-07 01:00:00,,,28.41508,77.04353,Nischal
2018-08-07 01:15:00,,,28.41508,77.04353,Nischal
2018-08-07 01:30:00,,,28.41508,77.04353,Nischal
2018-08-07 01:45:00,,,28.41508,77.04353,Nischal
2018-08-07 02:00:00,,,28.41508,77.04353,Nischal
2018-08-07 02:15:00,,,28.41508,77.04353,Nischal
2018-08-07 02:30:00,,,28.41508,77.04353,Nischal
2018-08-07 02:45:00,,,28.41508,77.04353,Nischal
2018-08-07 03:00:00,,,28.41508,77.04353,Nischal
2018-08-07 03:15:00,,,28.41508,77.04353,Nischal
2018-08-07 03:30:00,,,28.41508,77.04353,Nischal
2018-08-07 03:45:00,,,28.41508,77.04353,Nischal
2018-08-07 04:00:00,,,28.41508,77.04353,Nischal
2018-08-07 04:15:00,,,28.41508,77.04353,Nischal
2018-08-07 04:30:00,,,28.41508,77.04353,Nischal
2018-08-07 04:45:00,,,28.41508,77.04353,Nischal
2018-08-07 05:00:00,,,28.41508,77.04353,Nischal
2018-08-07 05:15:00,,,28.41508,77.04353,Nischal
2018-08-07 05:30:00,,,28.41508,77.04353,Nischal
2018-08-07 05:45:00,,,28.41508,77.04353,Nischal
2018-08-07 06:00:00,,,28.41508,77.04353,Nischal
2018-08-07 06:15:00,,,28.41508,77.04353,Nischal
2018-08-07 06:30:00,,,28.41508,77.04353,Nischal
2018-08-07 06:45:00,,,28.41508,77.04353,Nischal
2018-08-07 07:00:00,,,28.41508,77.04353,Nischal
2018-08-07 07:15:00,,,28.41508,77.04353,Nischal
2018-08-07 07:30:00,,,28.41508,77.04353,Nischal
2018-08-07 07:45:00,,,28.41508,77.04353,Nischal
2018-08-07 08:00:00,,,28.41508,77.04353,Nischal
2018-08-07 08:15:00,,,28.41508,77.04353,Nischal
2018-08-07 08:30:00,,,28.41508,77.04353,Nischal
2018-08-07 08:45:00,,,28.41508,77.04353,Nischal
2018-08-07 09:00:00,,,28.41508,77.04353,Nischal
2018-08-07 09:15:00,,,28.41508,77.04353,Nischal
2018-08-07 09:30:00,,,28.41508,77.04353,Nischal
2018-08-07 09:45:00,,,28.41508,77.04353,Nischal
2018-08-07 10:00:00,,,28.41508,77.04353,Nischal
2018-08-07 10:15:00,,,28.41508,77.04353,Nischal
2018-08-07 10:30:00,,,28.41508,77.04353,Nischal
2018-08-07 10:45:00,,,28.41508,77.04353,Nischal
2018-08-07 11:00:00,,,28.41508,77.04353,Nischal
2018-08-07 11:15:00,,,28.41508,77.04353,Nischal
2018-08-07 11:30:00,,,28.41508,77.04353,Nischal
2018-08-07 11:45:00,,,28.41508,77.04353,Nischal
2018-08-07 12:00:00,,,28.41508,77.04353,Nischal
2018-08-07 12:15:00,,,28.41508,77.04353,Nischal
2018-08-07 12:30:00,,,28.41508,77.04353,Nischal
2018-08-07 12:45:00,,,28.41508,77.04353,Nischal
2018-08-07 13:00:00,,,28.41508,77.04353,Nischal
2018-08-07 13:15:00,,,28.41508,77.04353,Nischal
2018-08-07 13:30:00,,,28.41508,77.04353,Nischal
2018-08-07 13:45:00,,,28.41508,77.04353,Nischal
2018-08-07 14:00:00,,,28.41508,77.04353,Nischal
2018-08-07 14:15:00,,,28.41508,77.04353,Nischal
2018-08-07 14:30:00,,,28.41508,77.04353,Nischal
2018-08-07 14:45:00,,,28.41508,77.04353,Nischal
2018-08-07 15:00:00,,,28.41508,77.04353,Nischal
2018-08-07 15:15:00,,,28.41508,77.04353,Nischal
2018-08-07 15:30:00,,,28.41508,77.04353,Nischal
2018-08-07 15:45:00,,,28.41508,77.04353,Nischal
2018-08-07 16:00:00,,,28.41508,77.04353,Nischal
2018-08-07 16:15:00,,,28.41508,77.04353,Nischal
2018-08-07 16:30:00,,,28.41508,77.04353,Nischal
2018-08-07 16:45:00,,,28.41508,77.04353,Nischal
2018-08-07 17:00:00,,,28.41508,77.04353,Nischal
2018-08-07 17:15:00,,,28.41508,77.04353,Nischal
2018-08-07 17:30:00,,,28.41508,77.04353,Nischal
2018-08-07 17:45:00,,,28.41508,77.04353,Nischal
2018-08-07 18:00:00,,,28.41508,77.04353,Nischal
2018-08-07 18:15:00,,,28.41508,77.04353,Nischal
2018-08-07 18:30:00,,,28.41508,77.04353,Nischal
2018-08-07 18:45:00,,,28.41508,77.04353,Nischal
2018-08-07 19:00:00,,,28.41508,77.04353,Nischal
2018-08-07 19:15:00,,,28.41508,77.04353,Nischal
2018-08-07 19:30:00,,,28.41508,77.04353,Nischal
2018-08-07 19:45:00,,,28.41508,77.04353,Nischal
2018-08-07 20:00:00,,,28.41508,77.04353,Nischal
2018-08-07 20:15:00,,,28.41508,77.04353,Nischal
2018-08-07 20:30:00,,,28.41508,77.04353,Nischal
2018-08-07 20:45:00,,,28.41508,77.04353,Nischal
2018-08-07 21:00:00,,,28.41508,77.04353,Nischal
2018-08-07 21:15:00,,,28.41508,77.04353,Nischal
2018-08-07 21:30:00,,,28.41508,77.04353,Nischal
2018-08-07 21:45:00,,,28.41508,77.04353,Nischal
2018-08-07 22:00:00,,,28.41508,77.04353,Nischal
2018-08-07 22:15:00,,,28.41508,77.04353,Nischal
2018-08-07 22:30:00,,,28.41508,77.04353,Nischal
2018-08-07 22:45:00,,,28.41508,77.04353,Nischal
2018-08-07 23:00:00,,,28.41508,77.04353,Nischal
2018-08-07 23:15:00,,,28.41508,77.04353,Nischal
2018-08-07 23:30:00,,,28.41508,77.04353,Nischal
2018-08-07 23:45:00,,,28.41508,77.04353,Nischal
2018-08-08 00:00:00,,,28.41508,77.04353,Nischal
2018-08-08 00:15:00,,,28.41508,77.04353,Nischal
2018-08-08 00:30:00,,,28.41508,77.04353,Nischal
2018-08-08 00:45:00,,,28.41508,77.04353,Nischal
2018-08-08 01:00:00,,,28.41508,77.04353,Nischal
2018-08-08 01:15:00,,,28.41508,77.04353,Nischal
2018-08-08 01:30:00,,,28.41508,77.04353,Nischal
2018-08-08 01:45:00,,,28.41508,77.04353,Nischal
2018-08-08 02:00:00,,,28.41508,77.04353,Nischal
2018-08-08 02:15:00,,,28.41508,77.04353,Nischal
2018-08-08 02:30:00,,,28.41508,77.04353,Nischal
2018-08-08 02:45:00,,,28.41508,77.04353,Nischal
2018-08-08 03:00:00,,,28.41508,77.04353,Nischal
2018-08-08 03:15:00,,,28.41508,77.04353,Nischal
2018-08-08 03:30:00,,,28.41508,77.04353,Nischal
2018-08-08 03:45:00,,,28.41508,77.04353,Nischal
2018-08-08 04:00:00,,,28.41508,77.04353,Nischal
2018-08-08 04:15:00,,,28.41508,77.04353,Nischal
2018-08-08 04:30:00,,,28.41508,77.04353,Nischal
2018-08-08 04:45:00,,,28.41508,77.04353,Nischal
2018-08-08 05:00:00,,,28.41508,77.04353,Nischal
2018-08-08 05:15:00,,,28.41508,77.04353,Nischal
2018-08-08 05:30:00,,,28.41508,77.04353,Nischal
2018-08-08 05:45:00,,,28.41508,77.04353,Nischal
2018-08-08 06:00:00,,,28.41508,77.04353,Nischal
2018-08-08 06:15:00,,,28.41508,77.04353,Nischal
2018-08-08 06:30:00,,,28.41508,77.04353,Nischal
2018-08-08 06:45:00,,,28.41508,77.04353,Nischal
2018-08-08 07:00:00,,,28.41508,77.04353,Nischal
2018-08-08 07:15:00,,,28.41508,77.04353,Nischal
2018-08-08 07:30:00,,,28.41508,77.04353,Nischal
2018-08-08 07:45:00,,,28.41508,77.04353,Nischal
2018-08-08 08:00:00,,,28.41508,77.04353,Nischal
2018-08-08 08:15:00,,,28.41508,77.04353,Nischal
2018-08-08 08:30:00,,,28.41508,77.04353,Nischal
2018-08-08 08:45:00,,,28.41508,77.04353,Nischal
2018-08-08 09:00:00,,,28.41508,77.04353,Nischal
2018-08-08 09:15:00,,,28.41508,77.04353,Nischal
2018-08-08 09:30:00,,,28.41508,77.04353,Nischal
2018-08-08 09:45:00,,,28.41508,77.04353,Nischal
2018-08-08 10:00:00,,,28.41508,77.04353,Nischal
2018-08-08 10:15:00,,,28.41508,77.04353,Nischal
2018-08-08 10:30:00,,,28.41508,77.04353,Nischal
2018-08-08 10:45:00,,,28.41508,77.04353,Nischal
2018-08-08 11:00:00,,,28.41508,77.04353,Nischal
2018-08-08 11:15:00,,,28.41508,77.04353,Nischal
2018-08-08 11:30:00,,,28.41508,77.04353,Nischal
2018-08-08 11:45:00,,,28.41508,77.04353,Nischal
2018-08-08 12:00:00,,,28.41508,77.04353,Nischal
2018-08-08 12:15:00,,,28.41508,77.04353,Nischal
2018-08-08 12:30:00,,,28.41508,77.04353,Nischal
2018-08-08 12:45:00,,,28.41508,77.04353,Nischal
2018-08-08 13:00:00,,,28.41508,77.04353,Nischal
2018-08-08 13:15:00,,,28.41508,77.04353,Nischal
2018-08-08 13:30:00,,,28.41508,77.04353,Nischal
2018-08-08 13:45:00,,,28.41508,77.04353,Nischal
2018-08-08 14:00:00,,,28.41508,77.04353,Nischal
2018-08-08 14:15:00,,,28.41508,77.04353,Nischal
2018-08-08 14:30:00,,,28.41508,77.04353,Nischal
2018-08-08 14:45:00,,,28.41508,77.04353,Nischal
2018-08-08 15:00:00,,,28.41508,77.04353,Nischal
2018-08-08 15:15:00,,,28.41508,77.04353,Nischal
2018-08-08 15:30:00,,,28.41508,77.04353,Nischal
2018-08-08 15:45:00,,,28.41508,77.04353,Nischal
2018-08-08 16:00:00,,,28.41508,77.04353,Nischal
2018-08-08 16:15:00,,,28.41508,77.04353,Nischal
2018-08-08 16:30:00,,,28.41508,77.04353,Nischal
2018-08-08 16:45:00,,,28.41508,77.04353,Nischal
2018-08-08 17:00:00,,,28.41508,77.04353,Nischal
2018-08-08 17:15:00,,,28.41508,77.04353,Nischal
2018-08-08 17:30:00,,,28.41508,77.04353,Nischal
2018-08-08 17:45:00,,,28.41508,77.04353,Nischal
2018-08-08 18:00:00,,,28.41508,77.04353,Nischal
2018-08-08 18:15:00,,,28.41508,77.04353,Nischal
2018-08-08 18:30:00,,,28.41508,77.04353,Nischal
2018-08-08 18:45:00,,,28.41508,77.04353,Nischal
2018-08-08 19:00:00,,,28.41508,77.04353,Nischal
2018-08-08 19:15:00,,,28.41508,77.04353,Nischal
2018-08-08 19:30:00,,,28.41508,77.04353,Nischal
2018-08-08 19:45:00,,,28.41508,77.04353,Nischal
2018-08-08 20:00:00,,,28.41508,77.04353,Nischal
2018-08-08 20:15:00,,,28.41508,77.04353,Nischal
2018-08-08 20:30:00,,,28.41508,77.04353,Nischal
2018-08-08 20:45:00,,,28.41508,77.04353,Nischal
2018-08-08 21:00:00,,,28.41508,77.04353,Nischal
2018-08-08 21:15:00,,,28.41508,77.04353,Nischal
2018-08-08 21:30:00,,,28.41508,77.04353,Nischal
2018-08-08 21:45:00,,,28.41508,77.04353,Nischal
2018-08-08 22:00:00,,,28.41508,77.04353,Nischal
2018-08-08 22:15:00,,,28.41508,77.04353,Nischal
2018-08-08 22:30:00,,,28.41508,77.04353,Nischal
2018-08-08 22:45:00,,,28.41508,77.04353,Nischal
2018-08-08 23:00:00,,,28.41508,77.04353,Nischal
2018-08-08 23:15:00,,,28.41508,77.04353,Nischal
2018-08-08 23:30:00,,,28.41508,77.04353,Nischal
2018-08-08 23:45:00,,,28.41508,77.04353,Nischal
2018-08-09 00:00:00,,,28.41508,77.04353,Nischal
2018-08-09 00:15:00,,,28.41508,77.04353,Nischal
2018-08-09 00:30:00,,,28.41508,77.04353,Nischal
2018-08-09 00:45:00,,,28.41508,77.04353,Nischal
2018-08-09 01:00:00,,,28.41508,77.04353,Nischal
2018-08-09 01:15:00,,,28.41508,77.04353,Nischal
2018-08-09 01:30:00,,,28.41508,77.04353,Nischal
2018-08-09 01:45:00,,,28.41508,77.04353,Nischal
2018-08-09 02:00:00,,,28.41508,77.04353,Nischal
2018-08-09 02:15:00,,,28.41508,77.04353,Nischal
2018-08-09 02:30:00,,,28.41508,77.04353,Nischal
2018-08-09 02:45:00,,,28.41508,77.04353,Nischal
2018-08-09 03:00:00,,,28.41508,77.04353,Nischal
2018-08-09 03:15:00,,,28.41508,77.04353,Nischal
2018-08-09 03:30:00,,,28.41508,77.04353,Nischal
2018-08-09 03:45:00,,,28.41508,77.04353,Nischal
2018-08-09 04:00:00,,,28.41508,77.04353,Nischal
2018-08-09 04:15:00,,,28.41508,77.04353,Nischal
2018-08-09 04:30:00,,,28.41508,77.04353,Nischal
2018-08-09 04:45:00,,,28.41508,77.04353,Nischal
2018-08-09 05:00:00,,,28.41508,77.04353,Nischal
2018-08-09 05:15:00,,,28.41508,77.04353,Nischal
2018-08-09 05:30:00,,,28.41508,77.04353,Nischal
2018-08-09 05:45:00,,,28.41508,77.04353,Nischal
2018-08-09 06:00:00,,,28.41508,77.04353,Nischal
2018-08-09 06:15:00,,,28.41508,77.04353,Nischal
2018-08-09 06:30:00,,,28.41508,77.04353,Nischal
2018-08-09 06:45:00,,,28.41508,77.04353,Nischal
2018-08-09 07:00:00,,,28.41508,77.04353,Nischal
2018-08-09 07:15:00,,,28.41508,77.04353,Nischal
2018-08-09 07:30:00,,,28.41508,77.04353,Nischal
2018-08-09 07:45:00,,,28.41508,77.04353,Nischal
2018-08-09 08:00:00,,,28.41508,77.04353,Nischal
2018-08-09 08:15:00,,,28.41508,77.04353,Nischal
2018-08-09 08:30:00,,,28.41508,77.04353,Nischal
2018-08-09 08:45:00,,,28.41508,77.04353,Nischal
2018-08-09 09:00:00,,,28.41508,77.04353,Nischal
2018-08-09 09:15:00,,,28.41508,77.04353,Nischal
2018-08-09 09:30:00,,,28.41508,77.04353,Nischal
2018-08-09 09:45:00,,,28.41508,77.04353,Nischal
2018-08-09 10:00:00,,,28.41508,77.04353,Nischal
2018-08-09 10:15:00,,,28.41508,77.04353,Nischal
2018-08-09 10:30:00,,,28.41508,77.04353,Nischal
2018-08-09 10:45:00,,,28.41508,77.04353,Nischal
2018-08-09 11:00:00,,,28.41508,77.04353,Nischal
2018-08-09 11:15:00,,,28.41508,77.04353,Nischal
2018-08-09 11:30:00,,,28.41508,77.04353,Nischal
2018-08-09 11:45:00,,,28.41508,77.04353,Nischal
2018-08-09 12:00:00,,,28.41508,77.04353,Nischal
2018-08-09 12:15:00,,,28.41508,77.04353,Nischal
2018-08-09 12:30:00,,,28.41508,77.04353,Nischal
2018-08-09 12:45:00,,,28.41508,77.04353,Nischal
2018-08-09 13:00:00,,,28.41508,77.04353,Nischal
2018-08-09 13:15:00,,,28.41508,77.04353,Nischal
2018-08-09 13:30:00,,,28.41508,77.04353,Nischal
2018-08-09 13:45:00,,,28.41508,77.04353,Nischal
2018-08-09 14:00:00,,,28.41508,77.04353,Nischal
2018-08-09 14:15:00,,,28.41508,77.04353,Nischal
2018-08-09 14:30:00,,,28.41508,77.04353,Nischal
2018-08-09 14:45:00,,,28.41508,77.04353,Nischal
2018-08-09 15:00:00,,,28.41508,77.04353,Nischal
2018-08-09 15:15:00,,,28.41508,77.04353,Nischal
2018-08-09 15:30:00,,,28.41508,77.04353,Nischal
2018-08-09 15:45:00,,,28.41508,77.04353,Nischal
2018-08-09 16:00:00,,,28.41508,77.04353,Nischal
2018-08-09 16:15:00,,,28.41508,77.04353,Nischal
2018-08-09 16:30:00,,,28.41508,77.04353,Nischal
2018-08-09 16:45:00,,,28.41508,77.04353,Nischal
2018-08-09 17:00:00,,,28.41508,77.04353,Nischal
2018-08-09 17:15:00,,,28.41508,77.04353,Nischal
2018-08-09 17:30:00,,,28.41508,77.04353,Nischal
2018-08-09 17:45:00,,,28.41508,77.04353,Nischal
2018-08-09 18:00:00,,,28.41508,77.04353,Nischal
2018-08-09 18:15:00,,,28.41508,77.04353,Nischal
2018-08-09 18:30:00,,,28.41508,77.04353,Nischal
2018-08-09 18:45:00,,,28.41508,77.04353,Nischal
2018-08-09 19:00:00,,,28.41508,77.04353,Nischal
2018-08-09 19:15:00,,,28.41508,77.04353,Nischal
2018-08-09 19:30:00,,,28.41508,77.04353,Nischal
2018-08-09 19:45:00,,,28.41508,77.04353,Nischal
2018-08-09 20:00:00,,,28.41508,77.04353,Nischal
2018-08-09 20:15:00,,,28.41508,77.04353,Nischal
2018-08-09 20:30:00,,,28.41508,77.04353,Nischal
2018-08-09 20:45:00,,,28.41508,77.04353,Nischal
2018-08-09 21:00:00,,,28.41508,77.04353,Nischal
2018-08-09 21:15:00,,,28.41508,77.04353,Nischal
2018-08-09 21:30:00,,,28.41508,77.04353,Nischal
2018-08-09 21:45:00,,,28.41508,77.04353,Nischal
2018-08-09 22:00:00,,,28.41508,77.04353,Nischal
2018-08-09 22:15:00,,,28.41508,77.04353,Nischal
2018-08-09 22:30:00,,,28.41508,77.04353,Nischal
2018-08-09 22:45:00,,,28.41508,77.04353,Nischal
2018-08-09 23:00:00,,,28.41508,77.04353,Nischal
2018-08-09 23:15:00,,,28.41508,77.04353,Nischal
2018-08-09 23:30:00,,,28.41508,77.04353,Nischal
2018-08-09 23:45:00,,,28.41508,77.04353,Nischal
2018-08-10 00:00:00,,,28.41508,77.04353,Nischal
2018-08-10 00:15:00,,,28.41508,77.04353,Nischal
2018-08-10 00:30:00,,,28.41508,77.04353,Nischal
2018-08-10 00:45:00,,,28.41508,77.04353,Nischal
2018-08-10 01:00:00,,,28.41508,77.04353,Nischal
2018-08-10 01:15:00,,,28.41508,77.04353,Nischal
2018-08-10 01:30:00,,,28.41508,77.04353,Nischal
2018-08-10 01:45:00,,,28.41508,77.04353,Nischal
2018-08-10 02:00:00,,,28.41508,77.04353,Nischal
2018-08-10 02:15:00,,,28.41508,77.04353,Nischal
2018-08-10 02:30:00,,,28.41508,77.04353,Nischal
2018-08-10 02:45:00,,,28.41508,77.04353,Nischal
2018-08-10 03:00:00,,,28.41508,77.04353,Nischal
2018-08-10 03:15:00,,,28.41508,77.04353,Nischal
2018-08-10 03:30:00,,,28.41508,77.04353,Nischal
2018-08-10 03:45:00,,,28.41508,77.04353,Nischal
2018-08-10 04:00:00,,,28.41508,77.04353,Nischal
2018-08-10 04:15:00,,,28.41508,77.04353,Nischal
2018-08-10 04:30:00,,,28.41508,77.04353,Nischal
2018-08-10 04:45:00,,,28.41508,77.04353,Nischal
2018-08-10 05:00:00,,,28.41508,77.04353,Nischal
2018-08-10 05:15:00,,,28.41508,77.04353,Nischal
2018-08-10 05:30:00,,,28.41508,77.04353,Nischal
2018-08-10 05:45:00,,,28.41508,77.04353,Nischal
2018-08-10 06:00:00,,,28.41508,77.04353,Nischal
2018-08-10 06:15:00,,,28.41508,77.04353,Nischal
2018-08-10 06:30:00,,,28.41508,77.04353,Nischal
2018-08-10 06:45:00,,,28.41508,77.04353,Nischal
2018-08-10 07:00:00,,,28.41508,77.04353,Nischal
2018-08-10 07:15:00,,,28.41508,77.04353,Nischal
2018-08-10 07:30:00,,,28.41508,77.04353,Nischal
2018-08-10 07:45:00,,,28.41508,77.04353,Nischal
2018-08-10 08:00:00,,,28.41508,77.04353,Nischal
2018-08-10 08:15:00,,,28.41508,77.04353,Nischal
2018-08-10 08:30:00,,,28.41508,77.04353,Nischal
2018-08-10 08:45:00,,,28.41508,77.04353,Nischal
2018-08-10 09:00:00,,,28.41508,77.04353,Nischal
2018-08-10 09:15:00,,,28.41508,77.04353,Nischal
2018-08-10 09:30:00,,,28.41508,77.04353,Nischal
2018-08-10 09:45:00,,,28.41508,77.04353,Nischal
2018-08-10 10:00:00,,,28.41508,77.04353,Nischal
2018-08-10 10:15:00,,,28.41508,77.04353,Nischal
2018-08-10 10:30:00,,,28.41508,77.04353,Nischal
2018-08-10 10:45:00,,,28.41508,77.04353,Nischal
2018-08-10 11:00:00,,,28.41508,77.04353,Nischal
2018-08-10 11:15:00,,,28.41508,77.04353,Nischal
2018-08-10 11:30:00,,,28.41508,77.04353,Nischal
2018-08-10 11:45:00,,,28.41508,77.04353,Nischal
2018-08-10 12:00:00,,,28.41508,77.04353,Nischal
2018-08-10 12:15:00,,,28.41508,77.04353,Nischal
2018-08-10 12:30:00,,,28.41508,77.04353,Nischal
2018-08-10 12:45:00,,,28.41508,77.04353,Nischal
2018-08-10 13:00:00,,,28.41508,77.04353,Nischal
2018-08-10 13:15:00,,,28.41508,77.04353,Nischal
2018-08-10 13:30:00,,,28.41508,77.04353,Nischal
2018-08-10 13:45:00,,,28.41508,77.04353,Nischal
2018-08-10 14:00:00,,,28.41508,77.04353,Nischal
2018-08-10 14:15:00,,,28.41508,77.04353,Nischal
2018-08-10 14:30:00,,,28.41508,77.04353,Nischal
2018-08-10 14:45:00,,,28.41508,77.04353,Nischal
2018-08-10 15:00:00,,,28.41508,77.04353,Nischal
2018-08-10 15:15:00,,,28.41508,77.04353,Nischal
2018-08-10 15:30:00,,,28.41508,77.04353,Nischal
2018-08-10 15:45:00,,,28.41508,77.04353,Nischal
2018-08-10 16:00:00,,,28.41508,77.04353,Nischal
2018-08-10 16:15:00,,,28.41508,77.04353,Nischal
2018-08-10 16:30:00,,,28.41508,77.04353,Nischal
2018-08-10 16:45:00,,,28.41508,77.04353,Nischal
2018-08-10 17:00:00,,,28.41508,77.04353,Nischal
2018-08-10 17:15:00,,,28.41508,77.04353,Nischal
2018-08-10 17:30:00,,,28.41508,77.04353,Nischal
2018-08-10 17:45:00,,,28.41508,77.04353,Nischal
2018-08-10 18:00:00,,,28.41508,77.04353,Nischal
2018-08-10 18:15:00,,,28.41508,77.04353,Nischal
2018-08-10 18:30:00,,,28.41508,77.04353,Nischal
2018-08-10 18:45:00,,,28.41508,77.04353,Nischal
2018-08-10 19:00:00,,,28.41508,77.04353,Nischal
2018-08-10 19:15:00,,,28.41508,77.04353,Nischal
2018-08-10 19:30:00,,,28.41508,77.04353,Nischal
2018-08-10 19:45:00,,,28.41508,77.04353,Nischal
2018-08-10 20:00:00,,,28.41508,77.04353,Nischal
2018-08-10 20:15:00,,,28.41508,77.04353,Nischal
2018-08-10 20:30:00,,,28.41508,77.04353,Nischal
2018-08-10 20:45:00,,,28.41508,77.04353,Nischal
2018-08-10 21:00:00,,,28.41508,77.04353,Nischal
2018-08-10 21:15:00,,,28.41508,77.04353,Nischal
2018-08-10 21:30:00,,,28.41508,77.04353,Nischal
2018-08-10 21:45:00,,,28.41508,77.04353,Nischal
2018-08-10 22:00:00,,,28.41508,77.04353,Nischal
2018-08-10 22:15:00,,,28.41508,77.04353,Nischal
2018-08-10 22:30:00,,,28.41508,77.04353,Nischal
2018-08-10 22:45:00,,,28.41508,77.04353,Nischal
2018-08-10 23:00:00,,,28.41508,77.04353,Nischal
2018-08-10 23:15:00,,,28.41508,77.04353,Nischal
2018-08-10 23:30:00,,,28.41508,77.04353,Nischal
2018-08-10 23:45:00,,,28.41508,77.04353,Nischal
2018-08-11 00:00:00,,,28.41508,77.04353,Nischal
2018-08-11 00:15:00,,,28.41508,77.04353,Nischal
2018-08-11 00:30:00,,,28.41508,77.04353,Nischal
2018-08-11 00:45:00,,,28.41508,77.04353,Nischal
2018-08-11 01:00:00,,,28.41508,77.04353,Nischal
2018-08-11 01:15:00,,,28.41508,77.04353,Nischal
2018-08-11 01:30:00,,,28.41508,77.04353,Nischal
2018-08-11 01:45:00,,,28.41508,77.04353,Nischal
2018-08-11 02:00:00,,,28.41508,77.04353,Nischal
2018-08-11 02:15:00,,,28.41508,77.04353,Nischal
2018-08-11 02:30:00,,,28.41508,77.04353,Nischal
2018-08-11 02:45:00,,,28.41508,77.04353,Nischal
2018-08-11 03:00:00,,,28.41508,77.04353,Nischal
2018-08-11 03:15:00,,,28.41508,77.04353,Nischal
2018-08-11 03:30:00,,,28.41508,77.04353,Nischal
2018-08-11 03:45:00,,,28.41508,77.04353,Nischal
2018-08-11 04:00:00,,,28.41508,77.04353,Nischal
2018-08-11 04:15:00,,,28.41508,77.04353,Nischal
2018-08-11 04:30:00,,,28.41508,77.04353,Nischal
2018-08-11 04:45:00,,,28.41508,77.04353,Nischal
2018-08-11 05:00:00,,,28.41508,77.04353,Nischal
2018-08-11 05:15:00,,,28.41508,77.04353,Nischal
2018-08-11 05:30:00,,,28.41508,77.04353,Nischal
2018-08-11 05:45:00,,,28.41508,77.04353,Nischal
2018-08-11 06:00:00,,,28.41508,77.04353,Nischal
2018-08-11 06:15:00,,,28.41508,77.04353,Nischal
2018-08-11 06:30:00,,,28.41508,77.04353,Nischal
2018-08-11 06:45:00,,,28.41508,77.04353,Nischal
2018-08-11 07:00:00,,,28.41508,77.04353,Nischal
2018-08-11 07:15:00,,,28.41508,77.04353,Nischal
2018-08-11 07:30:00,,,28.41508,77.04353,Nischal
2018-08-11 07:45:00,,,28.41508,77.04353,Nischal
2018-08-11 08:00:00,,,28.41508,77.04353,Nischal
2018-08-11 08:15:00,,,28.41508,77.04353,Nischal
2018-08-11 08:30:00,,,28.41508,77.04353,Nischal
2018-08-11 08:45:00,,,28.41508,77.04353,Nischal
2018-08-11 09:00:00,,,28.41508,77.04353,Nischal
2018-08-11 09:15:00,,,28.41508,77.04353,Nischal
2018-08-11 09:30:00,,,28.41508,77.04353,Nischal
2018-08-11 09:45:00,,,28.41508,77.04353,Nischal
2018-08-11 10:00:00,,,28.41508,77.04353,Nischal
2018-08-11 10:15:00,,,28.41508,77.04353,Nischal
2018-08-11 10:30:00,,,28.41508,77.04353,Nischal
2018-08-11 10:45:00,,,28.41508,77.04353,Nischal
2018-08-11 11:00:00,,,28.41508,77.04353,Nischal
2018-08-11 11:15:00,,,28.41508,77.04353,Nischal
2018-08-11 11:30:00,,,28.41508,77.04353,Nischal
2018-08-11 11:45:00,,,28.41508,77.04353,Nischal
2018-08-11 12:00:00,,,28.41508,77.04353,Nischal
2018-08-11 12:15:00,,,28.41508,77.04353,Nischal
2018-08-11 12:30:00,,,28.41508,77.04353,Nischal
2018-08-11 12:45:00,,,28.41508,77.04353,Nischal
2018-08-11 13:00:00,,,28.41508,77.04353,Nischal
2018-08-11 13:15:00,,,28.41508,77.04353,Nischal
2018-08-11 13:30:00,,,28.41508,77.04353,Nischal
2018-08-11 13:45:00,,,28.41508,77.04353,Nischal
2018-08-11 14:00:00,,,28.41508,77.04353,Nischal
2018-08-11 14:15:00,,,28.41508,77.04353,Nischal
2018-08-11 14:30:00,,,28.41508,77.04353,Nischal
2018-08-11 14:45:00,,,28.41508,77.04353,Nischal
2018-08-11 15:00:00,,,28.41508,77.04353,Nischal
2018-08-11 15:15:00,,,28.41508,77.04353,Nischal
2018-08-11 15:30:00,,,28.41508,77.04353,Nischal
2018-08-11 15:45:00,,,28.41508,77.04353,Nischal
2018-08-11 16:00:00,,,28.41508,77.04353,Nischal
2018-08-11 16:15:00,,,28.41508,77.04353,Nischal
2018-08-11 16:30:00,,,28.41508,77.04353,Nischal
2018-08-11 16:45:00,,,28.41508,77.04353,Nischal
2018-08-11 17:00:00,,,28.41508,77.04353,Nischal
2018-08-11 17:15:00,,,28.41508,77.04353,Nischal
2018-08-11 17:30:00,,,28.41508,77.04353,Nischal
2018-08-11 17:45:00,,,28.41508,77.04353,Nischal
2018-08-11 18:00:00,,,28.41508,77.04353,Nischal
2018-08-11 18:15:00,,,28.41508,77.04353,Nischal
2018-08-11 18:30:00,,,28.41508,77.04353,Nischal
2018-08-11 18:45:00,,,28.41508,77.04353,Nischal
2018-08-11 19:00:00,,,28.41508,77.04353,Nischal
2018-08-11 19:15:00,,,28.41508,77.04353,Nischal
2018-08-11 19:30:00,,,28.41508,77.04353,Nischal
2018-08-11 19:45:00,,,28.41508,77.04353,Nischal
2018-08-11 20:00:00,,,28.41508,77.04353,Nischal
2018-08-11 20:15:00,,,28.41508,77.04353,Nischal
2018-08-11 20:30:00,,,28.41508,77.04353,Nischal
2018-08-11 20:45:00,,,28.41508,77.04353,Nischal
2018-08-11 21:00:00,,,28.41508,77.04353,Nischal
2018-08-11 21:15:00,,,28.41508,77.04353,Nischal
2018-08-11 21:30:00,,,28.41508,77.04353,Nischal
2018-08-11 21:45:00,,,28.41508,77.04353,Nischal
2018-08-11 22:00:00,,,28.41508,77.04353,Nischal
2018-08-11 22:15:00,,,28.41508,77.04353,Nischal
2018-08-11 22:30:00,,,28.41508,77.04353,Nischal
2018-08-11 22:45:00,,,28.41508,77.04353,Nischal
2018-08-11 23:00:00,,,28.41508,77.04353,Nischal
2018-08-11 23:15:00,,,28.41508,77.04353,Nischal
2018-08-11 23:30:00,,,28.41508,77.04353,Nischal
2018-08-11 23:45:00,,,28.41508,77.04353,Nischal
2018-08-12 00:00:00,,,28.41508,77.04353,Nischal
2018-08-12 00:15:00,,,28.41508,77.04353,Nischal
2018-08-12 00:30:00,,,28.41508,77.04353,Nischal
2018-08-12 00:45:00,,,28.41508,77.04353,Nischal
2018-08-12 01:00:00,,,28.41508,77.04353,Nischal
2018-08-12 01:15:00,,,28.41508,77.04353,Nischal
2018-08-12 01:30:00,,,28.41508,77.04353,Nischal
2018-08-12 01:45:00,,,28.41508,77.04353,Nischal
2018-08-12 02:00:00,,,28.41508,77.04353,Nischal
2018-08-12 02:15:00,,,28.41508,77.04353,Nischal
2018-08-12 02:30:00,,,28.41508,77.04353,Nischal
2018-08-12 02:45:00,,,28.41508,77.04353,Nischal
2018-08-12 03:00:00,,,28.41508,77.04353,Nischal
2018-08-12 03:15:00,,,28.41508,77.04353,Nischal
2018-08-12 03:30:00,,,28.41508,77.04353,Nischal
2018-08-12 03:45:00,,,28.41508,77.04353,Nischal
2018-08-12 04:00:00,,,28.41508,77.04353,Nischal
2018-08-12 04:15:00,,,28.41508,77.04353,Nischal
2018-08-12 04:30:00,,,28.41508,77.04353,Nischal
2018-08-12 04:45:00,,,28.41508,77.04353,Nischal
2018-08-12 05:00:00,,,28.41508,77.04353,Nischal
2018-08-12 05:15:00,,,28.41508,77.04353,Nischal
2018-08-12 05:30:00,,,28.41508,77.04353,Nischal
2018-08-12 05:45:00,,,28.41508,77.04353,Nischal
2018-08-12 06:00:00,,,28.41508,77.04353,Nischal
2018-08-12 06:15:00,,,28.41508,77.04353,Nischal
2018-08-12 06:30:00,,,28.41508,77.04353,Nischal
2018-08-12 06:45:00,,,28.41508,77.04353,Nischal
2018-08-12 07:00:00,,,28.41508,77.04353,Nischal
2018-08-12 07:15:00,,,28.41508,77.04353,Nischal
2018-08-12 07:30:00,,,28.41508,77.04353,Nischal
2018-08-12 07:45:00,,,28.41508,77.04353,Nischal
2018-08-12 08:00:00,,,28.41508,77.04353,Nischal
2018-08-12 08:15:00,,,28.41508,77.04353,Nischal
2018-08-12 08:30:00,,,28.41508,77.04353,Nischal
2018-08-12 08:45:00,,,28.41508,77.04353,Nischal
2018-08-12 09:00:00,,,28.41508,77.04353,Nischal
2018-08-12 09:15:00,,,28.41508,77.04353,Nischal
2018-08-12 09:30:00,,,28.41508,77.04353,Nischal
2018-08-12 09:45:00,,,28.41508,77.04353,Nischal
2018-08-12 10:00:00,,,28.41508,77.04353,Nischal
2018-08-12 10:15:00,,,28.41508,77.04353,Nischal
2018-08-12 10:30:00,,,28.41508,77.04353,Nischal
2018-08-12 10:45:00,,,28.41508,77.04353,Nischal
2018-08-12 11:00:00,,,28.41508,77.04353,Nischal
2018-08-12 11:15:00,,,28.41508,77.04353,Nischal
2018-08-12 11:30:00,,,28.41508,77.04353,Nischal
2018-08-12 11:45:00,,,28.41508,77.04353,Nischal
2018-08-12 12:00:00,,,28.41508,77.04353,Nischal
2018-08-12 12:15:00,,,28.41508,77.04353,Nischal
2018-08-12 12:30:00,,,28.41508,77.04353,Nischal
2018-08-12 12:45:00,,,28.41508,77.04353,Nischal
2018-08-12 13:00:00,,,28.41508,77.04353,Nischal
2018-08-12 13:15:00,,,28.41508,77.04353,Nischal
2018-08-12 13:30:00,,,28.41508,77.04353,Nischal
2018-08-12 13:45:00,,,28.41508,77.04353,Nischal
2018-08-12 14:00:00,,,28.41508,77.04353,Nischal
2018-08-12 14:15:00,,,28.41508,77.04353,Nischal
2018-08-12 14:30:00,,,28.41508,77.04353,Nischal
2018-08-12 14:45:00,,,28.41508,77.04353,Nischal
2018-08-12 15:00:00,,,28.41508,77.04353,Nischal
2018-08-12 15:15:00,,,28.41508,77.04353,Nischal
2018-08-12 15:30:00,,,28.41508,77.04353,Nischal
2018-08-12 15:45:00,,,28.41508,77.04353,Nischal
2018-08-12 16:00:00,,,28.41508,77.04353,Nischal
2018-08-12 16:15:00,,,28.41508,77.04353,Nischal
2018-08-12 16:30:00,,,28.41508,77.04353,Nischal
2018-08-12 16:45:00,,,28.41508,77.04353,Nischal
2018-08-12 17:00:00,,,28.41508,77.04353,Nischal
2018-08-12 17:15:00,,,28.41508,77.04353,Nischal
2018-08-12 17:30:00,,,28.41508,77.04353,Nischal
2018-08-12 17:45:00,,,28.41508,77.04353,Nischal
2018-08-12 18:00:00,,,28.41508,77.04353,Nischal
2018-08-12 18:15:00,,,28.41508,77.04353,Nischal
2018-08-12 18:30:00,,,28.41508,77.04353,Nischal
2018-08-12 18:45:00,,,28.41508,77.04353,Nischal
2018-08-12 19:00:00,,,28.41508,77.04353,Nischal
2018-08-12 19:15:00,,,28.41508,77.04353,Nischal
2018-08-12 19:30:00,,,28.41508,77.04353,Nischal
2018-08-12 19:45:00,,,28.41508,77.04353,Nischal
2018-08-12 20:00:00,,,28.41508,77.04353,Nischal
2018-08-12 20:15:00,,,28.41508,77.04353,Nischal
2018-08-12 20:30:00,,,28.41508,77.04353,Nischal
2018-08-12 20:45:00,,,28.41508,77.04353,Nischal
2018-08-12 21:00:00,,,28.41508,77.04353,Nischal
2018-08-12 21:15:00,,,28.41508,77.04353,Nischal
2018-08-12 21:30:00,,,28.41508,77.04353,Nischal
2018-08-12 21:45:00,,,28.41508,77.04353,Nischal
2018-08-12 22:00:00,,,28.41508,77.04353,Nischal
2018-08-12 22:15:00,,,28.41508,77.04353,Nischal
2018-08-12 22:30:00,,,28.41508,77.04353,Nischal
2018-08-12 22:45:00,,,28.41508,77.04353,Nischal
2018-08-12 23:00:00,,,28.41508,77.04353,Nischal
2018-08-12 23:15:00,,,28.41508,77.04353,Nischal
2018-08-12 23:30:00,,,28.41508,77.04353,Nischal
2018-08-12 23:45:00,,,28.41508,77.04353,Nischal
2018-08-13 00:00:00,,,28.41508,77.04353,Nischal
2018-08-13 00:15:00,,,28.41508,77.04353,Nischal
2018-08-13 00:30:00,,,28.41508,77.04353,Nischal
2018-08-13 00:45:00,,,28.41508,77.04353,Nischal
2018-08-13 01:00:00,,,28.41508,77.04353,Nischal
2018-08-13 01:15:00,,,28.41508,77.04353,Nischal
2018-08-13 01:30:00,,,28.41508,77.04353,Nischal
2018-08-13 01:45:00,,,28.41508,77.04353,Nischal
2018-08-13 02:00:00,,,28.41508,77.04353,Nischal
2018-08-13 02:15:00,,,28.41508,77.04353,Nischal
2018-08-13 02:30:00,,,28.41508,77.04353,Nischal
2018-08-13 02:45:00,,,28.41508,77.04353,Nischal
2018-08-13 03:00:00,,,28.41508,77.04353,Nischal
2018-08-13 03:15:00,,,28.41508,77.04353,Nischal
2018-08-13 03:30:00,,,28.41508,77.04353,Nischal
2018-08-13 03:45:00,,,28.41508,77.04353,Nischal
2018-08-13 04:00:00,,,28.41508,77.04353,Nischal
2018-08-13 04:15:00,,,28.41508,77.04353,Nischal
2018-08-13 04:30:00,,,28.41508,77.04353,Nischal
2018-08-13 04:45:00,,,28.41508,77.04353,Nischal
2018-08-13 05:00:00,,,28.41508,77.04353,Nischal
2018-08-13 05:15:00,,,28.41508,77.04353,Nischal
2018-08-13 05:30:00,,,28.41508,77.04353,Nischal
2018-08-13 05:45:00,,,28.41508,77.04353,Nischal
2018-08-13 06:00:00,,,28.41508,77.04353,Nischal
2018-08-13 06:15:00,,,28.41508,77.04353,Nischal
2018-08-13 06:30:00,,,28.41508,77.04353,Nischal
2018-08-13 06:45:00,,,28.41508,77.04353,Nischal
2018-08-13 07:00:00,,,28.41508,77.04353,Nischal
2018-08-13 07:15:00,,,28.41508,77.04353,Nischal
2018-08-13 07:30:00,,,28.41508,77.04353,Nischal
2018-08-13 07:45:00,,,28.41508,77.04353,Nischal
2018-08-13 08:00:00,,,28.41508,77.04353,Nischal
2018-08-13 08:15:00,,,28.41508,77.04353,Nischal
2018-08-13 08:30:00,,,28.41508,77.04353,Nischal
2018-08-13 08:45:00,,,28.41508,77.04353,Nischal
2018-08-13 09:00:00,,,28.41508,77.04353,Nischal
2018-08-13 09:15:00,,,28.41508,77.04353,Nischal
2018-08-13 09:30:00,,,28.41508,77.04353,Nischal
2018-08-13 09:45:00,,,28.41508,77.04353,Nischal
2018-08-13 10:00:00,,,28.41508,77.04353,Nischal
2018-08-13 10:15:00,,,28.41508,77.04353,Nischal
2018-08-13 10:30:00,,,28.41508,77.04353,Nischal
2018-08-13 10:45:00,,,28.41508,77.04353,Nischal
2018-08-13 11:00:00,,,28.41508,77.04353,Nischal
2018-08-13 11:15:00,,,28.41508,77.04353,Nischal
2018-08-13 11:30:00,,,28.41508,77.04353,Nischal
2018-08-13 11:45:00,,,28.41508,77.04353,Nischal
2018-08-13 12:00:00,,,28.41508,77.04353,Nischal
2018-08-13 12:15:00,,,28.41508,77.04353,Nischal
2018-08-13 12:30:00,,,28.41508,77.04353,Nischal
2018-08-13 12:45:00,,,28.41508,77.04353,Nischal
2018-08-13 13:00:00,,,28.41508,77.04353,Nischal
2018-08-13 13:15:00,,,28.41508,77.04353,Nischal
2018-08-13 13:30:00,,,28.41508,77.04353,Nischal
2018-08-13 13:45:00,,,28.41508,77.04353,Nischal
2018-08-13 14:00:00,,,28.41508,77.04353,Nischal
2018-08-13 14:15:00,,,28.41508,77.04353,Nischal
2018-08-13 14:30:00,,,28.41508,77.04353,Nischal
2018-08-13 14:45:00,,,28.41508,77.04353,Nischal
2018-08-13 15:00:00,,,28.41508,77.04353,Nischal
2018-08-13 15:15:00,,,28.41508,77.04353,Nischal
2018-08-13 15:30:00,,,28.41508,77.04353,Nischal
2018-08-13 15:45:00,,,28.41508,77.04353,Nischal
2018-08-13 16:00:00,,,28.41508,77.04353,Nischal
2018-08-13 16:15:00,,,28.41508,77.04353,Nischal
2018-08-13 16:30:00,,,28.41508,77.04353,Nischal
2018-08-13 16:45:00,,,28.41508,77.04353,Nischal
2018-08-13 17:00:00,,,28.41508,77.04353,Nischal
2018-08-13 17:15:00,,,28.41508,77.04353,Nischal
2018-08-13 17:30:00,,,28.41508,77.04353,Nischal
2018-08-13 17:45:00,,,28.41508,77.04353,Nischal
2018-08-13 18:00:00,,,28.41508,77.04353,Nischal
2018-08-13 18:15:00,,,28.41508,77.04353,Nischal
2018-08-13 18:30:00,,,28.41508,77.04353,Nischal
2018-08-13 18:45:00,,,28.41508,77.04353,Nischal
2018-08-13 19:00:00,,,28.41508,77.04353,Nischal
2018-08-13 19:15:00,,,28.41508,77.04353,Nischal
2018-08-13 19:30:00,,,28.41508,77.04353,Nischal
2018-08-13 19:45:00,,,28.41508,77.04353,Nischal
2018-08-13 20:00:00,,,28.41508,77.04353,Nischal
2018-08-13 20:15:00,,,28.41508,77.04353,Nischal
2018-08-13 20:30:00,,,28.41508,77.04353,Nischal
2018-08-13 20:45:00,,,28.41508,77.04353,Nischal
2018-08-13 21:00:00,,,28.41508,77.04353,Nischal
2018-08-13 21:15:00,,,28.41508,77.04353,Nischal
2018-08-13 21:30:00,,,28.41508,77.04353,Nischal
2018-08-13 21:45:00,,,28.41508,77.04353,Nischal
2018-08-13 22:00:00,,,28.41508,77.04353,Nischal
2018-08-13 22:15:00,,,28.41508,77.04353,Nischal
2018-08-13 22:30:00,,,28.41508,77.04353,Nischal
2018-08-13 22:45:00,,,28.41508,77.04353,Nischal
2018-08-13 23:00:00,,,28.41508,77.04353,Nischal
2018-08-13 23:15:00,,,28.41508,77.04353,Nischal
2018-08-13 23:30:00,,,28.41508,77.04353,Nischal
2018-08-13 23:45:00,,,28.41508,77.04353,Nischal
2018-08-14 00:00:00,,,28.41508,77.04353,Nischal
2018-08-14 00:15:00,,,28.41508,77.04353,Nischal
2018-08-14 00:30:00,,,28.41508,77.04353,Nischal
2018-08-14 00:45:00,,,28.41508,77.04353,Nischal
2018-08-14 01:00:00,,,28.41508,77.04353,Nischal
2018-08-14 01:15:00,,,28.41508,77.04353,Nischal
2018-08-14 01:30:00,,,28.41508,77.04353,Nischal
2018-08-14 01:45:00,,,28.41508,77.04353,Nischal
2018-08-14 02:00:00,,,28.41508,77.04353,Nischal
2018-08-14 02:15:00,,,28.41508,77.04353,Nischal
2018-08-14 02:30:00,,,28.41508,77.04353,Nischal
2018-08-14 02:45:00,,,28.41508,77.04353,Nischal
2018-08-14 03:00:00,,,28.41508,77.04353,Nischal
2018-08-14 03:15:00,,,28.41508,77.04353,Nischal
2018-08-14 03:30:00,,,28.41508,77.04353,Nischal
2018-08-14 03:45:00,,,28.41508,77.04353,Nischal
2018-08-14 04:00:00,,,28.41508,77.04353,Nischal
2018-08-14 04:15:00,,,28.41508,77.04353,Nischal
2018-08-14 04:30:00,,,28.41508,77.04353,Nischal
2018-08-14 04:45:00,,,28.41508,77.04353,Nischal
2018-08-14 05:00:00,,,28.41508,77.04353,Nischal
2018-08-14 05:15:00,,,28.41508,77.04353,Nischal
2018-08-14 05:30:00,,,28.41508,77.04353,Nischal
2018-08-14 05:45:00,,,28.41508,77.04353,Nischal
2018-08-14 06:00:00,,,28.41508,77.04353,Nischal
2018-08-14 06:15:00,,,28.41508,77.04353,Nischal
2018-08-14 06:30:00,,,28.41508,77.04353,Nischal
2018-08-14 06:45:00,,,28.41508,77.04353,Nischal
2018-08-14 07:00:00,,,28.41508,77.04353,Nischal
2018-08-14 07:15:00,,,28.41508,77.04353,Nischal
2018-08-14 07:30:00,,,28.41508,77.04353,Nischal
2018-08-14 07:45:00,,,28.41508,77.04353,Nischal
2018-08-14 08:00:00,,,28.41508,77.04353,Nischal
2018-08-14 08:15:00,,,28.41508,77.04353,Nischal
2018-08-14 08:30:00,,,28.41508,77.04353,Nischal
2018-08-14 08:45:00,,,28.41508,77.04353,Nischal
2018-08-14 09:00:00,,,28.41508,77.04353,Nischal
2018-08-14 09:15:00,,,28.41508,77.04353,Nischal
2018-08-14 09:30:00,,,28.41508,77.04353,Nischal
2018-08-14 09:45:00,,,28.41508,77.04353,Nischal
2018-08-14 10:00:00,,,28.41508,77.04353,Nischal
2018-08-14 10:15:00,,,28.41508,77.04353,Nischal
2018-08-14 10:30:00,,,28.41508,77.04353,Nischal
2018-08-14 10:45:00,,,28.41508,77.04353,Nischal
2018-08-14 11:00:00,,,28.41508,77.04353,Nischal
2018-08-14 11:15:00,,,28.41508,77.04353,Nischal
2018-08-14 11:30:00,,,28.41508,77.04353,Nischal
2018-08-14 11:45:00,,,28.41508,77.04353,Nischal
2018-08-14 12:00:00,,,28.41508,77.04353,Nischal
2018-08-14 12:15:00,,,28.41508,77.04353,Nischal
2018-08-14 12:30:00,,,28.41508,77.04353,Nischal
2018-08-14 12:45:00,,,28.41508,77.04353,Nischal
2018-08-14 13:00:00,,,28.41508,77.04353,Nischal
2018-08-14 13:15:00,,,28.41508,77.04353,Nischal
2018-08-14 13:30:00,,,28.41508,77.04353,Nischal
2018-08-14 13:45:00,,,28.41508,77.04353,Nischal
2018-08-14 14:00:00,,,28.41508,77.04353,Nischal
2018-08-14 14:15:00,,,28.41508,77.04353,Nischal
2018-08-14 14:30:00,,,28.41508,77.04353,Nischal
2018-08-14 14:45:00,,,28.41508,77.04353,Nischal
2018-08-14 15:00:00,,,28.41508,77.04353,Nischal
2018-08-14 15:15:00,,,28.41508,77.04353,Nischal
2018-08-14 15:30:00,,,28.41508,77.04353,Nischal
2018-08-14 15:45:00,,,28.41508,77.04353,Nischal
2018-08-14 16:00:00,,,28.41508,77.04353,Nischal
2018-08-14 16:15:00,,,28.41508,77.04353,Nischal
2018-08-14 16:30:00,,,28.41508,77.04353,Nischal
2018-08-14 16:45:00,,,28.41508,77.04353,Nischal
2018-08-14 17:00:00,,,28.41508,77.04353,Nischal
2018-08-14 17:15:00,,,28.41508,77.04353,Nischal
2018-08-14 17:30:00,,,28.41508,77.04353,Nischal
2018-08-14 17:45:00,,,28.41508,77.04353,Nischal
2018-08-14 18:00:00,,,28.41508,77.04353,Nischal
2018-08-14 18:15:00,,,28.41508,77.04353,Nischal
2018-08-14 18:30:00,,,28.41508,77.04353,Nischal
2018-08-14 18:45:00,,,28.41508,77.04353,Nischal
2018-08-14 19:00:00,,,28.41508,77.04353,Nischal
2018-08-14 19:15:00,,,28.41508,77.04353,Nischal
2018-08-14 19:30:00,,,28.41508,77.04353,Nischal
2018-08-14 19:45:00,,,28.41508,77.04353,Nischal
2018-08-14 20:00:00,,,28.41508,77.04353,Nischal
2018-08-14 20:15:00,,,28.41508,77.04353,Nischal
2018-08-14 20:30:00,,,28.41508,77.04353,Nischal
2018-08-14 20:45:00,,,28.41508,77.04353,Nischal
2018-08-14 21:00:00,,,28.41508,77.04353,Nischal
2018-08-14 21:15:00,,,28.41508,77.04353,Nischal
2018-08-14 21:30:00,,,28.41508,77.04353,Nischal
2018-08-14 21:45:00,,,28.41508,77.04353,Nischal
2018-08-14 22:00:00,,,28.41508,77.04353,Nischal
2018-08-14 22:15:00,,,28.41508,77.04353,Nischal
2018-08-14 22:30:00,,,28.41508,77.04353,Nischal
2018-08-14 22:45:00,,,28.41508,77.04353,Nischal
2018-08-14 23:00:00,,,28.41508,77.04353,Nischal
2018-08-14 23:15:00,,,28.41508,77.04353,Nischal
2018-08-14 23:30:00,,,28.41508,77.04353,Nischal
2018-08-14 23:45:00,,,28.41508,77.04353,Nischal
2018-08-15 00:00:00,,,28.41508,77.04353,Nischal
2018-08-15 00:15:00,,,28.41508,77.04353,Nischal
2018-08-15 00:30:00,,,28.41508,77.04353,Nischal
2018-08-15 00:45:00,,,28.41508,77.04353,Nischal
2018-08-15 01:00:00,,,28.41508,77.04353,Nischal
2018-08-15 01:15:00,,,28.41508,77.04353,Nischal
2018-08-15 01:30:00,,,28.41508,77.04353,Nischal
2018-08-15 01:45:00,,,28.41508,77.04353,Nischal
2018-08-15 02:00:00,,,28.41508,77.04353,Nischal
2018-08-15 02:15:00,,,28.41508,77.04353,Nischal
2018-08-15 02:30:00,,,28.41508,77.04353,Nischal
2018-08-15 02:45:00,,,28.41508,77.04353,Nischal
2018-08-15 03:00:00,,,28.41508,77.04353,Nischal
2018-08-15 03:15:00,,,28.41508,77.04353,Nischal
2018-08-15 03:30:00,,,28.41508,77.04353,Nischal
2018-08-15 03:45:00,,,28.41508,77.04353,Nischal
2018-08-15 04:00:00,,,28.41508,77.04353,Nischal
2018-08-15 04:15:00,,,28.41508,77.04353,Nischal
2018-08-15 04:30:00,,,28.41508,77.04353,Nischal
2018-08-15 04:45:00,,,28.41508,77.04353,Nischal
2018-08-15 05:00:00,,,28.41508,77.04353,Nischal
2018-08-15 05:15:00,,,28.41508,77.04353,Nischal
2018-08-15 05:30:00,,,28.41508,77.04353,Nischal
2018-08-15 05:45:00,,,28.41508,77.04353,Nischal
2018-08-15 06:00:00,,,28.41508,77.04353,Nischal
2018-08-15 06:15:00,,,28.41508,77.04353,Nischal
2018-08-15 06:30:00,,,28.41508,77.04353,Nischal
2018-08-15 06:45:00,,,28.41508,77.04353,Nischal
2018-08-15 07:00:00,,,28.41508,77.04353,Nischal
2018-08-15 07:15:00,,,28.41508,77.04353,Nischal
2018-08-15 07:30:00,,,28.41508,77.04353,Nischal
2018-08-15 07:45:00,,,28.41508,77.04353,Nischal
2018-08-15 08:00:00,,,28.41508,77.04353,Nischal
2018-08-15 08:15:00,,,28.41508,77.04353,Nischal
2018-08-15 08:30:00,,,28.41508,77.04353,Nischal
2018-08-15 08:45:00,,,28.41508,77.04353,Nischal
2018-08-15 09:00:00,,,28.41508,77.04353,Nischal
2018-08-15 09:15:00,,,28.41508,77.04353,Nischal
2018-08-15 09:30:00,,,28.41508,77.04353,Nischal
2018-08-15 09:45:00,,,28.41508,77.04353,Nischal
2018-08-15 10:00:00,,,28.41508,77.04353,Nischal
2018-08-15 10:15:00,,,28.41508,77.04353,Nischal
2018-08-15 10:30:00,,,28.41508,77.04353,Nischal
2018-08-15 10:45:00,,,28.41508,77.04353,Nischal
2018-08-15 11:00:00,,,28.41508,77.04353,Nischal
2018-08-15 11:15:00,,,28.41508,77.04353,Nischal
2018-08-15 11:30:00,,,28.41508,77.04353,Nischal
2018-08-15 11:45:00,,,28.41508,77.04353,Nischal
2018-08-15 12:00:00,,,28.41508,77.04353,Nischal
2018-08-15 12:15:00,,,28.41508,77.04353,Nischal
2018-08-15 12:30:00,,,28.41508,77.04353,Nischal
2018-08-15 12:45:00,,,28.41508,77.04353,Nischal
2018-08-15 13:00:00,,,28.41508,77.04353,Nischal
2018-08-15 13:15:00,,,28.41508,77.04353,Nischal
2018-08-15 13:30:00,,,28.41508,77.04353,Nischal
2018-08-15 13:45:00,,,28.41508,77.04353,Nischal
2018-08-15 14:00:00,,,28.41508,77.04353,Nischal
2018-08-15 14:15:00,,,28.41508,77.04353,Nischal
2018-08-15 14:30:00,,,28.41508,77.04353,Nischal
2018-08-15 14:45:00,,,28.41508,77.04353,Nischal
2018-08-15 15:00:00,,,28.41508,77.04353,Nischal
2018-08-15 15:15:00,,,28.41508,77.04353,Nischal
2018-08-15 15:30:00,,,28.41508,77.04353,Nischal
2018-08-15 15:45:00,,,28.41508,77.04353,Nischal
2018-08-15 16:00:00,,,28.41508,77.04353,Nischal
2018-08-15 16:15:00,,,28.41508,77.04353,Nischal
2018-08-15 16:30:00,,,28.41508,77.04353,Nischal
2018-08-15 16:45:00,,,28.41508,77.04353,Nischal
2018-08-15 17:00:00,,,28.41508,77.04353,Nischal
2018-08-15 17:15:00,,,28.41508,77.04353,Nischal
2018-08-15 17:30:00,,,28.41508,77.04353,Nischal
2018-08-15 17:45:00,,,28.41508,77.04353,Nischal
2018-08-15 18:00:00,,,28.41508,77.04353,Nischal
2018-08-15 18:15:00,,,28.41508,77.04353,Nischal
2018-08-15 18:30:00,,,28.41508,77.04353,Nischal
2018-08-15 18:45:00,,,28.41508,77.04353,Nischal
2018-08-15 19:00:00,,,28.41508,77.04353,Nischal
2018-08-15 19:15:00,,,28.41508,77.04353,Nischal
2018-08-15 19:30:00,,,28.41508,77.04353,Nischal
2018-08-15 19:45:00,,,28.41508,77.04353,Nischal
2018-08-15 20:00:00,,,28.41508,77.04353,Nischal
2018-08-15 20:15:00,,,28.41508,77.04353,Nischal
2018-08-15 20:30:00,,,28.41508,77.04353,Nischal
2018-08-15 20:45:00,,,28.41508,77.04353,Nischal
2018-08-15 21:00:00,,,28.41508,77.04353,Nischal
2018-08-15 21:15:00,,,28.41508,77.04353,Nischal
2018-08-15 21:30:00,,,28.41508,77.04353,Nischal
2018-08-15 21:45:00,,,28.41508,77.04353,Nischal
2018-08-15 22:00:00,,,28.41508,77.04353,Nischal
2018-08-15 22:15:00,,,28.41508,77.04353,Nischal
2018-08-15 22:30:00,,,28.41508,77.04353,Nischal
2018-08-15 22:45:00,,,28.41508,77.04353,Nischal
2018-08-15 23:00:00,,,28.41508,77.04353,Nischal
2018-08-15 23:15:00,,,28.41508,77.04353,Nischal
2018-08-15 23:30:00,,,28.41508,77.04353,Nischal
2018-08-15 23:45:00,,,28.41508,77.04353,Nischal
2018-08-16 00:00:00,,,28.41508,77.04353,Nischal
2018-08-16 00:15:00,,,28.41508,77.04353,Nischal
2018-08-16 00:30:00,,,28.41508,77.04353,Nischal
2018-08-16 00:45:00,,,28.41508,77.04353,Nischal
2018-08-16 01:00:00,,,28.41508,77.04353,Nischal
2018-08-16 01:15:00,,,28.41508,77.04353,Nischal
2018-08-16 01:30:00,,,28.41508,77.04353,Nischal
2018-08-16 01:45:00,,,28.41508,77.04353,Nischal
2018-08-16 02:00:00,,,28.41508,77.04353,Nischal
2018-08-16 02:15:00,,,28.41508,77.04353,Nischal
2018-08-16 02:30:00,,,28.41508,77.04353,Nischal
2018-08-16 02:45:00,,,28.41508,77.04353,Nischal
2018-08-16 03:00:00,,,28.41508,77.04353,Nischal
2018-08-16 03:15:00,,,28.41508,77.04353,Nischal
2018-08-16 03:30:00,,,28.41508,77.04353,Nischal
2018-08-16 03:45:00,,,28.41508,77.04353,Nischal
2018-08-16 04:00:00,,,28.41508,77.04353,Nischal
2018-08-16 04:15:00,,,28.41508,77.04353,Nischal
2018-08-16 04:30:00,,,28.41508,77.04353,Nischal
2018-08-16 04:45:00,,,28.41508,77.04353,Nischal
2018-08-16 05:00:00,,,28.41508,77.04353,Nischal
2018-08-16 05:15:00,,,28.41508,77.04353,Nischal
2018-08-16 05:30:00,,,28.41508,77.04353,Nischal
2018-08-16 05:45:00,,,28.41508,77.04353,Nischal
2018-08-16 06:00:00,,,28.41508,77.04353,Nischal
2018-08-16 06:15:00,,,28.41508,77.04353,Nischal
2018-08-16 06:30:00,,,28.41508,77.04353,Nischal
2018-08-16 06:45:00,,,28.41508,77.04353,Nischal
2018-08-16 07:00:00,,,28.41508,77.04353,Nischal
2018-08-16 07:15:00,,,28.41508,77.04353,Nischal
2018-08-16 07:30:00,,,28.41508,77.04353,Nischal
2018-08-16 07:45:00,,,28.41508,77.04353,Nischal
2018-08-16 08:00:00,,,28.41508,77.04353,Nischal
2018-08-16 08:15:00,,,28.41508,77.04353,Nischal
2018-08-16 08:30:00,,,28.41508,77.04353,Nischal
2018-08-16 08:45:00,,,28.41508,77.04353,Nischal
2018-08-16 09:00:00,,,28.41508,77.04353,Nischal
2018-08-16 09:15:00,,,28.41508,77.04353,Nischal
2018-08-16 09:30:00,,,28.41508,77.04353,Nischal
2018-08-16 09:45:00,,,28.41508,77.04353,Nischal
2018-08-16 10:00:00,,,28.41508,77.04353,Nischal
2018-08-16 10:15:00,,,28.41508,77.04353,Nischal
2018-08-16 10:30:00,,,28.41508,77.04353,Nischal
2018-08-16 10:45:00,,,28.41508,77.04353,Nischal
2018-08-16 11:00:00,,,28.41508,77.04353,Nischal
2018-08-16 11:15:00,,,28.41508,77.04353,Nischal
2018-08-16 11:30:00,,,28.41508,77.04353,Nischal
2018-08-16 11:45:00,,,28.41508,77.04353,Nischal
2018-08-16 12:00:00,,,28.41508,77.04353,Nischal
2018-08-16 12:15:00,,,28.41508,77.04353,Nischal
2018-08-16 12:30:00,,,28.41508,77.04353,Nischal
2018-08-16 12:45:00,,,28.41508,77.04353,Nischal
2018-08-16 13:00:00,,,28.41508,77.04353,Nischal
2018-08-16 13:15:00,,,28.41508,77.04353,Nischal
2018-08-16 13:30:00,,,28.41508,77.04353,Nischal
2018-08-16 13:45:00,,,28.41508,77.04353,Nischal
2018-08-16 14:00:00,,,28.41508,77.04353,Nischal
2018-08-16 14:15:00,,,28.41508,77.04353,Nischal
2018-08-16 14:30:00,,,28.41508,77.04353,Nischal
2018-08-16 14:45:00,,,28.41508,77.04353,Nischal
2018-08-16 15:00:00,,,28.41508,77.04353,Nischal
2018-08-16 15:15:00,,,28.41508,77.04353,Nischal
2018-08-16 15:30:00,,,28.41508,77.04353,Nischal
2018-08-16 15:45:00,,,28.41508,77.04353,Nischal
2018-08-16 16:00:00,,,28.41508,77.04353,Nischal
2018-08-16 16:15:00,,,28.41508,77.04353,Nischal
2018-08-16 16:30:00,,,28.41508,77.04353,Nischal
2018-08-16 16:45:00,,,28.41508,77.04353,Nischal
2018-08-16 17:00:00,,,28.41508,77.04353,Nischal
2018-08-16 17:15:00,,,28.41508,77.04353,Nischal
2018-08-16 17:30:00,,,28.41508,77.04353,Nischal
2018-08-16 17:45:00,,,28.41508,77.04353,Nischal
2018-08-16 18:00:00,,,28.41508,77.04353,Nischal
2018-08-16 18:15:00,,,28.41508,77.04353,Nischal
2018-08-16 18:30:00,,,28.41508,77.04353,Nischal
2018-08-16 18:45:00,,,28.41508,77.04353,Nischal
2018-08-16 19:00:00,,,28.41508,77.04353,Nischal
2018-08-16 19:15:00,,,28.41508,77.04353,Nischal
2018-08-16 19:30:00,,,28.41508,77.04353,Nischal
2018-08-16 19:45:00,,,28.41508,77.04353,Nischal
2018-08-16 20:00:00,,,28.41508,77.04353,Nischal
2018-08-16 20:15:00,,,28.41508,77.04353,Nischal
2018-08-16 20:30:00,,,28.41508,77.04353,Nischal
2018-08-16 20:45:00,,,28.41508,77.04353,Nischal
2018-08-16 21:00:00,,,28.41508,77.04353,Nischal
2018-08-16 21:15:00,,,28.41508,77.04353,Nischal
2018-08-16 21:30:00,,,28.41508,77.04353,Nischal
2018-08-16 21:45:00,,,28.41508,77.04353,Nischal
2018-08-16 22:00:00,,,28.41508,77.04353,Nischal
2018-08-16 22:15:00,,,28.41508,77.04353,Nischal
2018-08-16 22:30:00,,,28.41508,77.04353,Nischal
2018-08-16 22:45:00,,,28.41508,77.04353,Nischal
2018-08-16 23:00:00,,,28.41508,77.04353,Nischal
2018-08-16 23:15:00,,,28.41508,77.04353,Nischal
2018-08-16 23:30:00,,,28.41508,77.04353,Nischal
2018-08-16 23:45:00,,,28.41508,77.04353,Nischal
2018-08-17 00:00:00,,,28.41508,77.04353,Nischal
2018-08-17 00:15:00,,,28.41508,77.04353,Nischal
2018-08-17 00:30:00,,,28.41508,77.04353,Nischal
2018-08-17 00:45:00,,,28.41508,77.04353,Nischal
2018-08-17 01:00:00,,,28.41508,77.04353,Nischal
2018-08-17 01:15:00,,,28.41508,77.04353,Nischal
2018-08-17 01:30:00,,,28.41508,77.04353,Nischal
2018-08-17 01:45:00,,,28.41508,77.04353,Nischal
2018-08-17 02:00:00,,,28.41508,77.04353,Nischal
2018-08-17 02:15:00,,,28.41508,77.04353,Nischal
2018-08-17 02:30:00,,,28.41508,77.04353,Nischal
2018-08-17 02:45:00,,,28.41508,77.04353,Nischal
2018-08-17 03:00:00,,,28.41508,77.04353,Nischal
2018-08-17 03:15:00,,,28.41508,77.04353,Nischal
2018-08-17 03:30:00,,,28.41508,77.04353,Nischal
2018-08-17 03:45:00,,,28.41508,77.04353,Nischal
2018-08-17 04:00:00,,,28.41508,77.04353,Nischal
2018-08-17 04:15:00,,,28.41508,77.04353,Nischal
2018-08-17 04:30:00,,,28.41508,77.04353,Nischal
2018-08-17 04:45:00,,,28.41508,77.04353,Nischal
2018-08-17 05:00:00,,,28.41508,77.04353,Nischal
2018-08-17 05:15:00,,,28.41508,77.04353,Nischal
2018-08-17 05:30:00,,,28.41508,77.04353,Nischal
2018-08-17 05:45:00,,,28.41508,77.04353,Nischal
2018-08-17 06:00:00,,,28.41508,77.04353,Nischal
2018-08-17 06:15:00,,,28.41508,77.04353,Nischal
2018-08-17 06:30:00,,,28.41508,77.04353,Nischal
2018-08-17 06:45:00,,,28.41508,77.04353,Nischal
2018-08-17 07:00:00,,,28.41508,77.04353,Nischal
2018-08-17 07:15:00,,,28.41508,77.04353,Nischal
2018-08-17 07:30:00,,,28.41508,77.04353,Nischal
2018-08-17 07:45:00,,,28.41508,77.04353,Nischal
2018-08-17 08:00:00,,,28.41508,77.04353,Nischal
2018-08-17 08:15:00,,,28.41508,77.04353,Nischal
2018-08-17 08:30:00,,,28.41508,77.04353,Nischal
2018-08-17 08:45:00,,,28.41508,77.04353,Nischal
2018-08-17 09:00:00,,,28.41508,77.04353,Nischal
2018-08-17 09:15:00,,,28.41508,77.04353,Nischal
2018-08-17 09:30:00,,,28.41508,77.04353,Nischal
2018-08-17 09:45:00,,,28.41508,77.04353,Nischal
2018-08-17 10:00:00,,,28.41508,77.04353,Nischal
2018-08-17 10:15:00,,,28.41508,77.04353,Nischal
2018-08-17 10:30:00,,,28.41508,77.04353,Nischal
2018-08-17 10:45:00,,,28.41508,77.04353,Nischal
2018-08-17 11:00:00,,,28.41508,77.04353,Nischal
2018-08-17 11:15:00,,,28.41508,77.04353,Nischal
2018-08-17 11:30:00,,,28.41508,77.04353,Nischal
2018-08-17 11:45:00,,,28.41508,77.04353,Nischal
2018-08-17 12:00:00,,,28.41508,77.04353,Nischal
2018-08-17 12:15:00,,,28.41508,77.04353,Nischal
2018-08-17 12:30:00,,,28.41508,77.04353,Nischal
2018-08-17 12:45:00,,,28.41508,77.04353,Nischal
2018-08-17 13:00:00,,,28.41508,77.04353,Nischal
2018-08-17 13:15:00,,,28.41508,77.04353,Nischal
2018-08-17 13:30:00,,,28.41508,77.04353,Nischal
2018-08-17 13:45:00,,,28.41508,77.04353,Nischal
2018-08-17 14:00:00,,,28.41508,77.04353,Nischal
2018-08-17 14:15:00,,,28.41508,77.04353,Nischal
2018-08-17 14:30:00,,,28.41508,77.04353,Nischal
2018-08-17 14:45:00,,,28.41508,77.04353,Nischal
2018-08-17 15:00:00,,,28.41508,77.04353,Nischal
2018-08-17 15:15:00,,,28.41508,77.04353,Nischal
2018-08-17 15:30:00,,,28.41508,77.04353,Nischal
2018-08-17 15:45:00,,,28.41508,77.04353,Nischal
2018-08-17 16:00:00,,,28.41508,77.04353,Nischal
2018-08-17 16:15:00,,,28.41508,77.04353,Nischal
2018-08-17 16:30:00,,,28.41508,77.04353,Nischal
2018-08-17 16:45:00,,,28.41508,77.04353,Nischal
2018-08-17 17:00:00,,,28.41508,77.04353,Nischal
2018-08-17 17:15:00,,,28.41508,77.04353,Nischal
2018-08-17 17:30:00,,,28.41508,77.04353,Nischal
2018-08-17 17:45:00,,,28.41508,77.04353,Nischal
2018-08-17 18:00:00,,,28.41508,77.04353,Nischal
2018-08-17 18:15:00,,,28.41508,77.04353,Nischal
2018-08-17 18:30:00,,,28.41508,77.04353,Nischal
2018-08-17 18:45:00,,,28.41508,77.04353,Nischal
2018-08-17 19:00:00,,,28.41508,77.04353,Nischal
2018-08-17 19:15:00,,,28.41508,77.04353,Nischal
2018-08-17 19:30:00,,,28.41508,77.04353,Nischal
2018-08-17 19:45:00,,,28.41508,77.04353,Nischal
2018-08-17 20:00:00,,,28.41508,77.04353,Nischal
2018-08-17 20:15:00,,,28.41508,77.04353,Nischal
2018-08-17 20:30:00,,,28.41508,77.04353,Nischal
2018-08-17 20:45:00,,,28.41508,77.04353,Nischal
2018-08-17 21:00:00,,,28.41508,77.04353,Nischal
2018-08-17 21:15:00,,,28.41508,77.04353,Nischal
2018-08-17 21:30:00,,,28.41508,77.04353,Nischal
2018-08-17 21:45:00,,,28.41508,77.04353,Nischal
2018-08-17 22:00:00,,,28.41508,77.04353,Nischal
2018-08-17 22:15:00,,,28.41508,77.04353,Nischal
2018-08-17 22:30:00,,,28.41508,77.04353,Nischal
2018-08-17 22:45:00,,,28.41508,77.04353,Nischal
2018-08-17 23:00:00,,,28.41508,77.04353,Nischal
2018-08-17 23:15:00,,,28.41508,77.04353,Nischal
2018-08-17 23:30:00,,,28.41508,77.04353,Nischal
2018-08-17 23:45:00,,,28.41508,77.04353,Nischal
2018-08-18 00:00:00,,,28.41508,77.04353,Nischal
2018-08-18 00:15:00,,,28.41508,77.04353,Nischal
2018-08-18 00:30:00,,,28.41508,77.04353,Nischal
2018-08-18 00:45:00,,,28.41508,77.04353,Nischal
2018-08-18 01:00:00,,,28.41508,77.04353,Nischal
2018-08-18 01:15:00,,,28.41508,77.04353,Nischal
2018-08-18 01:30:00,,,28.41508,77.04353,Nischal
2018-08-18 01:45:00,,,28.41508,77.04353,Nischal
2018-08-18 02:00:00,,,28.41508,77.04353,Nischal
2018-08-18 02:15:00,,,28.41508,77.04353,Nischal
2018-08-18 02:30:00,,,28.41508,77.04353,Nischal
2018-08-18 02:45:00,,,28.41508,77.04353,Nischal
2018-08-18 03:00:00,,,28.41508,77.04353,Nischal
2018-08-18 03:15:00,,,28.41508,77.04353,Nischal
2018-08-18 03:30:00,,,28.41508,77.04353,Nischal
2018-08-18 03:45:00,,,28.41508,77.04353,Nischal
2018-08-18 04:00:00,,,28.41508,77.04353,Nischal
2018-08-18 04:15:00,,,28.41508,77.04353,Nischal
2018-08-18 04:30:00,,,28.41508,77.04353,Nischal
2018-08-18 04:45:00,,,28.41508,77.04353,Nischal
2018-08-18 05:00:00,,,28.41508,77.04353,Nischal
2018-08-18 05:15:00,,,28.41508,77.04353,Nischal
2018-08-18 05:30:00,,,28.41508,77.04353,Nischal
2018-08-18 05:45:00,,,28.41508,77.04353,Nischal
2018-08-18 06:00:00,,,28.41508,77.04353,Nischal
2018-08-18 06:15:00,,,28.41508,77.04353,Nischal
2018-08-18 06:30:00,,,28.41508,77.04353,Nischal
2018-08-18 06:45:00,,,28.41508,77.04353,Nischal
2018-08-18 07:00:00,,,28.41508,77.04353,Nischal
2018-08-18 07:15:00,,,28.41508,77.04353,Nischal
2018-08-18 07:30:00,,,28.41508,77.04353,Nischal
2018-08-18 07:45:00,,,28.41508,77.04353,Nischal
2018-08-18 08:00:00,,,28.41508,77.04353,Nischal
2018-08-18 08:15:00,,,28.41508,77.04353,Nischal
2018-08-18 08:30:00,,,28.41508,77.04353,Nischal
2018-08-18 08:45:00,,,28.41508,77.04353,Nischal
2018-08-18 09:00:00,,,28.41508,77.04353,Nischal
2018-08-18 09:15:00,,,28.41508,77.04353,Nischal
2018-08-18 09:30:00,,,28.41508,77.04353,Nischal
2018-08-18 09:45:00,,,28.41508,77.04353,Nischal
2018-08-18 10:00:00,,,28.41508,77.04353,Nischal
2018-08-18 10:15:00,,,28.41508,77.04353,Nischal
2018-08-18 10:30:00,,,28.41508,77.04353,Nischal
2018-08-18 10:45:00,,,28.41508,77.04353,Nischal
2018-08-18 11:00:00,,,28.41508,77.04353,Nischal
2018-08-18 11:15:00,,,28.41508,77.04353,Nischal
2018-08-18 11:30:00,,,28.41508,77.04353,Nischal
2018-08-18 11:45:00,,,28.41508,77.04353,Nischal
2018-08-18 12:00:00,,,28.41508,77.04353,Nischal
2018-08-18 12:15:00,,,28.41508,77.04353,Nischal
2018-08-18 12:30:00,,,28.41508,77.04353,Nischal
2018-08-18 12:45:00,,,28.41508,77.04353,Nischal
2018-08-18 13:00:00,,,28.41508,77.04353,Nischal
2018-08-18 13:15:00,,,28.41508,77.04353,Nischal
2018-08-18 13:30:00,,,28.41508,77.04353,Nischal
2018-08-18 13:45:00,,,28.41508,77.04353,Nischal
2018-08-18 14:00:00,,,28.41508,77.04353,Nischal
2018-08-18 14:15:00,,,28.41508,77.04353,Nischal
2018-08-18 14:30:00,,,28.41508,77.04353,Nischal
2018-08-18 14:45:00,,,28.41508,77.04353,Nischal
2018-08-18 15:00:00,,,28.41508,77.04353,Nischal
2018-08-18 15:15:00,,,28.41508,77.04353,Nischal
2018-08-18 15:30:00,,,28.41508,77.04353,Nischal
2018-08-18 15:45:00,,,28.41508,77.04353,Nischal
2018-08-18 16:00:00,,,28.41508,77.04353,Nischal
2018-08-18 16:15:00,,,28.41508,77.04353,Nischal
2018-08-18 16:30:00,,,28.41508,77.04353,Nischal
2018-08-18 16:45:00,,,28.41508,77.04353,Nischal
2018-08-18 17:00:00,,,28.41508,77.04353,Nischal
2018-08-18 17:15:00,,,28.41508,77.04353,Nischal
2018-08-18 17:30:00,,,28.41508,77.04353,Nischal
2018-08-18 17:45:00,,,28.41508,77.04353,Nischal
2018-08-18 18:00:00,,,28.41508,77.04353,Nischal
2018-08-18 18:15:00,,,28.41508,77.04353,Nischal
2018-08-18 18:30:00,,,28.41508,77.04353,Nischal
2018-08-18 18:45:00,,,28.41508,77.04353,Nischal
2018-08-18 19:00:00,,,28.41508,77.04353,Nischal
2018-08-18 19:15:00,,,28.41508,77.04353,Nischal
2018-08-18 19:30:00,,,28.41508,77.04353,Nischal
2018-08-18 19:45:00,,,28.41508,77.04353,Nischal
2018-08-18 20:00:00,,,28.41508,77.04353,Nischal
2018-08-18 20:15:00,,,28.41508,77.04353,Nischal
2018-08-18 20:30:00,,,28.41508,77.04353,Nischal
2018-08-18 20:45:00,,,28.41508,77.04353,Nischal
2018-08-18 21:00:00,,,28.41508,77.04353,Nischal
2018-08-18 21:15:00,,,28.41508,77.04353,Nischal
2018-08-18 21:30:00,,,28.41508,77.04353,Nischal
2018-08-18 21:45:00,,,28.41508,77.04353,Nischal
2018-08-18 22:00:00,,,28.41508,77.04353,Nischal
2018-08-18 22:15:00,,,28.41508,77.04353,Nischal
2018-08-18 22:30:00,,,28.41508,77.04353,Nischal
2018-08-18 22:45:00,,,28.41508,77.04353,Nischal
2018-08-18 23:00:00,,,28.41508,77.04353,Nischal
2018-08-18 23:15:00,,,28.41508,77.04353,Nischal
2018-08-18 23:30:00,,,28.41508,77.04353,Nischal
2018-08-18 23:45:00,,,28.41508,77.04353,Nischal
2018-08-19 00:00:00,,,28.41508,77.04353,Nischal
2018-08-19 00:15:00,,,28.41508,77.04353,Nischal
2018-08-19 00:30:00,,,28.41508,77.04353,Nischal
2018-08-19 00:45:00,,,28.41508,77.04353,Nischal
2018-08-19 01:00:00,,,28.41508,77.04353,Nischal
2018-08-19 01:15:00,,,28.41508,77.04353,Nischal
2018-08-19 01:30:00,,,28.41508,77.04353,Nischal
2018-08-19 01:45:00,,,28.41508,77.04353,Nischal
2018-08-19 02:00:00,,,28.41508,77.04353,Nischal
2018-08-19 02:15:00,,,28.41508,77.04353,Nischal
2018-08-19 02:30:00,,,28.41508,77.04353,Nischal
2018-08-19 02:45:00,,,28.41508,77.04353,Nischal
2018-08-19 03:00:00,,,28.41508,77.04353,Nischal
2018-08-19 03:15:00,,,28.41508,77.04353,Nischal
2018-08-19 03:30:00,,,28.41508,77.04353,Nischal
2018-08-19 03:45:00,,,28.41508,77.04353,Nischal
2018-08-19 04:00:00,,,28.41508,77.04353,Nischal
2018-08-19 04:15:00,,,28.41508,77.04353,Nischal
2018-08-19 04:30:00,,,28.41508,77.04353,Nischal
2018-08-19 04:45:00,,,28.41508,77.04353,Nischal
2018-08-19 05:00:00,,,28.41508,77.04353,Nischal
2018-08-19 05:15:00,,,28.41508,77.04353,Nischal
2018-08-19 05:30:00,,,28.41508,77.04353,Nischal
2018-08-19 05:45:00,,,28.41508,77.04353,Nischal
2018-08-19 06:00:00,,,28.41508,77.04353,Nischal
2018-08-19 06:15:00,,,28.41508,77.04353,Nischal
2018-08-19 06:30:00,,,28.41508,77.04353,Nischal
2018-08-19 06:45:00,,,28.41508,77.04353,Nischal
2018-08-19 07:00:00,,,28.41508,77.04353,Nischal
2018-08-19 07:15:00,,,28.41508,77.04353,Nischal
2018-08-19 07:30:00,,,28.41508,77.04353,Nischal
2018-08-19 07:45:00,,,28.41508,77.04353,Nischal
2018-08-19 08:00:00,,,28.41508,77.04353,Nischal
2018-08-19 08:15:00,,,28.41508,77.04353,Nischal
2018-08-19 08:30:00,,,28.41508,77.04353,Nischal
2018-08-19 08:45:00,,,28.41508,77.04353,Nischal
2018-08-19 09:00:00,,,28.41508,77.04353,Nischal
2018-08-19 09:15:00,,,28.41508,77.04353,Nischal
2018-08-19 09:30:00,,,28.41508,77.04353,Nischal
2018-08-19 09:45:00,,,28.41508,77.04353,Nischal
2018-08-19 10:00:00,,,28.41508,77.04353,Nischal
2018-08-19 10:15:00,,,28.41508,77.04353,Nischal
2018-08-19 10:30:00,,,28.41508,77.04353,Nischal
2018-08-19 10:45:00,,,28.41508,77.04353,Nischal
2018-08-19 11:00:00,,,28.41508,77.04353,Nischal
2018-08-19 11:15:00,,,28.41508,77.04353,Nischal
2018-08-19 11:30:00,,,28.41508,77.04353,Nischal
2018-08-19 11:45:00,,,28.41508,77.04353,Nischal
2018-08-19 12:00:00,,,28.41508,77.04353,Nischal
2018-08-19 12:15:00,,,28.41508,77.04353,Nischal
2018-08-19 12:30:00,,,28.41508,77.04353,Nischal
2018-08-19 12:45:00,,,28.41508,77.04353,Nischal
2018-08-19 13:00:00,,,28.41508,77.04353,Nischal
2018-08-19 13:15:00,,,28.41508,77.04353,Nischal
2018-08-19 13:30:00,,,28.41508,77.04353,Nischal
2018-08-19 13:45:00,,,28.41508,77.04353,Nischal
2018-08-19 14:00:00,,,28.41508,77.04353,Nischal
2018-08-19 14:15:00,,,28.41508,77.04353,Nischal
2018-08-19 14:30:00,,,28.41508,77.04353,Nischal
2018-08-19 14:45:00,,,28.41508,77.04353,Nischal
2018-08-19 15:00:00,,,28.41508,77.04353,Nischal
2018-08-19 15:15:00,,,28.41508,77.04353,Nischal
2018-08-19 15:30:00,,,28.41508,77.04353,Nischal
2018-08-19 15:45:00,,,28.41508,77.04353,Nischal
2018-08-19 16:00:00,,,28.41508,77.04353,Nischal
2018-08-19 16:15:00,,,28.41508,77.04353,Nischal
2018-08-19 16:30:00,,,28.41508,77.04353,Nischal
2018-08-19 16:45:00,,,28.41508,77.04353,Nischal
2018-08-19 17:00:00,,,28.41508,77.04353,Nischal
2018-08-19 17:15:00,,,28.41508,77.04353,Nischal
2018-08-19 17:30:00,,,28.41508,77.04353,Nischal
2018-08-19 17:45:00,,,28.41508,77.04353,Nischal
2018-08-19 18:00:00,,,28.41508,77.04353,Nischal
2018-08-19 18:15:00,,,28.41508,77.04353,Nischal
2018-08-19 18:30:00,,,28.41508,77.04353,Nischal
2018-08-19 18:45:00,,,28.41508,77.04353,Nischal
2018-08-19 19:00:00,,,28.41508,77.04353,Nischal
2018-08-19 19:15:00,,,28.41508,77.04353,Nischal
2018-08-19 19:30:00,,,28.41508,77.04353,Nischal
2018-08-19 19:45:00,,,28.41508,77.04353,Nischal
2018-08-19 20:00:00,,,28.41508,77.04353,Nischal
2018-08-19 20:15:00,,,28.41508,77.04353,Nischal
2018-08-19 20:30:00,,,28.41508,77.04353,Nischal
2018-08-19 20:45:00,,,28.41508,77.04353,Nischal
2018-08-19 21:00:00,,,28.41508,77.04353,Nischal
2018-08-19 21:15:00,,,28.41508,77.04353,Nischal
2018-08-19 21:30:00,,,28.41508,77.04353,Nischal
2018-08-19 21:45:00,,,28.41508,77.04353,Nischal
2018-08-19 22:00:00,,,28.41508,77.04353,Nischal
2018-08-19 22:15:00,,,28.41508,77.04353,Nischal
2018-08-19 22:30:00,,,28.41508,77.04353,Nischal
2018-08-19 22:45:00,,,28.41508,77.04353,Nischal
2018-08-19 23:00:00,,,28.41508,77.04353,Nischal
2018-08-19 23:15:00,,,28.41508,77.04353,Nischal
2018-08-19 23:30:00,,,28.41508,77.04353,Nischal
2018-08-19 23:45:00,,,28.41508,77.04353,Nischal
2018-08-20 00:00:00,,,28.41508,77.04353,Nischal
2018-08-20 00:15:00,,,28.41508,77.04353,Nischal
2018-08-20 00:30:00,,,28.41508,77.04353,Nischal
2018-08-20 00:45:00,,,28.41508,77.04353,Nischal
2018-08-20 01:00:00,,,28.41508,77.04353,Nischal
2018-08-20 01:15:00,,,28.41508,77.04353,Nischal
2018-08-20 01:30:00,,,28.41508,77.04353,Nischal
2018-08-20 01:45:00,,,28.41508,77.04353,Nischal
2018-08-20 02:00:00,,,28.41508,77.04353,Nischal
2018-08-20 02:15:00,,,28.41508,77.04353,Nischal
2018-08-20 02:30:00,,,28.41508,77.04353,Nischal
2018-08-20 02:45:00,,,28.41508,77.04353,Nischal
2018-08-20 03:00:00,,,28.41508,77.04353,Nischal
2018-08-20 03:15:00,,,28.41508,77.04353,Nischal
2018-08-20 03:30:00,,,28.41508,77.04353,Nischal
2018-08-20 03:45:00,,,28.41508,77.04353,Nischal
2018-08-20 04:00:00,,,28.41508,77.04353,Nischal
2018-08-20 04:15:00,,,28.41508,77.04353,Nischal
2018-08-20 04:30:00,,,28.41508,77.04353,Nischal
2018-08-20 04:45:00,,,28.41508,77.04353,Nischal
2018-08-20 05:00:00,,,28.41508,77.04353,Nischal
2018-08-20 05:15:00,,,28.41508,77.04353,Nischal
2018-08-20 05:30:00,,,28.41508,77.04353,Nischal
2018-08-20 05:45:00,,,28.41508,77.04353,Nischal
2018-08-20 06:00:00,,,28.41508,77.04353,Nischal
2018-08-20 06:15:00,,,28.41508,77.04353,Nischal
2018-08-20 06:30:00,,,28.41508,77.04353,Nischal
2018-08-20 06:45:00,,,28.41508,77.04353,Nischal
2018-08-20 07:00:00,,,28.41508,77.04353,Nischal
2018-08-20 07:15:00,,,28.41508,77.04353,Nischal
2018-08-20 07:30:00,,,28.41508,77.04353,Nischal
2018-08-20 07:45:00,,,28.41508,77.04353,Nischal
2018-08-20 08:00:00,,,28.41508,77.04353,Nischal
2018-08-20 08:15:00,,,28.41508,77.04353,Nischal
2018-08-20 08:30:00,,,28.41508,77.04353,Nischal
2018-08-20 08:45:00,,,28.41508,77.04353,Nischal
2018-08-20 09:00:00,,,28.41508,77.04353,Nischal
2018-08-20 09:15:00,,,28.41508,77.04353,Nischal
2018-08-20 09:30:00,,,28.41508,77.04353,Nischal
2018-08-20 09:45:00,,,28.41508,77.04353,Nischal
2018-08-20 10:00:00,,,28.41508,77.04353,Nischal
2018-08-20 10:15:00,,,28.41508,77.04353,Nischal
2018-08-20 10:30:00,,,28.41508,77.04353,Nischal
2018-08-20 10:45:00,,,28.41508,77.04353,Nischal
2018-08-20 11:00:00,,,28.41508,77.04353,Nischal
2018-08-20 11:15:00,,,28.41508,77.04353,Nischal
2018-08-20 11:30:00,,,28.41508,77.04353,Nischal
2018-08-20 11:45:00,,,28.41508,77.04353,Nischal
2018-08-20 12:00:00,,,28.41508,77.04353,Nischal
2018-08-20 12:15:00,,,28.41508,77.04353,Nischal
2018-08-20 12:30:00,,,28.41508,77.04353,Nischal
2018-08-20 12:45:00,,,28.41508,77.04353,Nischal
2018-08-20 13:00:00,,,28.41508,77.04353,Nischal
2018-08-20 13:15:00,,,28.41508,77.04353,Nischal
2018-08-20 13:30:00,,,28.41508,77.04353,Nischal
2018-08-20 13:45:00,,,28.41508,77.04353,Nischal
2018-08-20 14:00:00,,,28.41508,77.04353,Nischal
2018-08-20 14:15:00,,,28.41508,77.04353,Nischal
2018-08-20 14:30:00,,,28.41508,77.04353,Nischal
2018-08-20 14:45:00,,,28.41508,77.04353,Nischal
2018-08-20 15:00:00,,,28.41508,77.04353,Nischal
2018-08-20 15:15:00,,,28.41508,77.04353,Nischal
2018-08-20 15:30:00,,,28.41508,77.04353,Nischal
2018-08-20 15:45:00,,,28.41508,77.04353,Nischal
2018-08-20 16:00:00,,,28.41508,77.04353,Nischal
2018-08-20 16:15:00,,,28.41508,77.04353,Nischal
2018-08-20 16:30:00,,,28.41508,77.04353,Nischal
2018-08-20 16:45:00,,,28.41508,77.04353,Nischal
2018-08-20 17:00:00,,,28.41508,77.04353,Nischal
2018-08-20 17:15:00,,,28.41508,77.04353,Nischal
2018-08-20 17:30:00,,,28.41508,77.04353,Nischal
2018-08-20 17:45:00,,,28.41508,77.04353,Nischal
2018-08-20 18:00:00,,,28.41508,77.04353,Nischal
2018-08-20 18:15:00,,,28.41508,77.04353,Nischal
2018-08-20 18:30:00,,,28.41508,77.04353,Nischal
2018-08-20 18:45:00,,,28.41508,77.04353,Nischal
2018-08-20 19:00:00,,,28.41508,77.04353,Nischal
2018-08-20 19:15:00,,,28.41508,77.04353,Nischal
2018-08-20 19:30:00,,,28.41508,77.04353,Nischal
2018-08-20 19:45:00,,,28.41508,77.04353,Nischal
2018-08-20 20:00:00,,,28.41508,77.04353,Nischal
2018-08-20 20:15:00,,,28.41508,77.04353,Nischal
2018-08-20 20:30:00,,,28.41508,77.04353,Nischal
2018-08-20 20:45:00,,,28.41508,77.04353,Nischal
2018-08-20 21:00:00,,,28.41508,77.04353,Nischal
2018-08-20 21:15:00,,,28.41508,77.04353,Nischal
2018-08-20 21:30:00,,,28.41508,77.04353,Nischal
2018-08-20 21:45:00,,,28.41508,77.04353,Nischal
2018-08-20 22:00:00,,,28.41508,77.04353,Nischal
2018-08-20 22:15:00,,,28.41508,77.04353,Nischal
2018-08-20 22:30:00,,,28.41508,77.04353,Nischal
2018-08-20 22:45:00,,,28.41508,77.04353,Nischal
2018-08-20 23:00:00,,,28.41508,77.04353,Nischal
2018-08-20 23:15:00,,,28.41508,77.04353,Nischal
2018-08-20 23:30:00,,,28.41508,77.04353,Nischal
2018-08-20 23:45:00,,,28.41508,77.04353,Nischal
2018-08-21 00:00:00,,,28.41508,77.04353,Nischal
2018-08-21 00:15:00,,,28.41508,77.04353,Nischal
2018-08-21 00:30:00,,,28.41508,77.04353,Nischal
2018-08-21 00:45:00,,,28.41508,77.04353,Nischal
2018-08-21 01:00:00,,,28.41508,77.04353,Nischal
2018-08-21 01:15:00,,,28.41508,77.04353,Nischal
2018-08-21 01:30:00,,,28.41508,77.04353,Nischal
2018-08-21 01:45:00,,,28.41508,77.04353,Nischal
2018-08-21 02:00:00,,,28.41508,77.04353,Nischal
2018-08-21 02:15:00,,,28.41508,77.04353,Nischal
2018-08-21 02:30:00,,,28.41508,77.04353,Nischal
2018-08-21 02:45:00,,,28.41508,77.04353,Nischal
2018-08-21 03:00:00,,,28.41508,77.04353,Nischal
2018-08-21 03:15:00,,,28.41508,77.04353,Nischal
2018-08-21 03:30:00,,,28.41508,77.04353,Nischal
2018-08-21 03:45:00,,,28.41508,77.04353,Nischal
2018-08-21 04:00:00,,,28.41508,77.04353,Nischal
2018-08-21 04:15:00,,,28.41508,77.04353,Nischal
2018-08-21 04:30:00,,,28.41508,77.04353,Nischal
2018-08-21 04:45:00,,,28.41508,77.04353,Nischal
2018-08-21 05:00:00,,,28.41508,77.04353,Nischal
2018-08-21 05:15:00,,,28.41508,77.04353,Nischal
2018-08-21 05:30:00,,,28.41508,77.04353,Nischal
2018-08-21 05:45:00,,,28.41508,77.04353,Nischal
2018-08-21 06:00:00,,,28.41508,77.04353,Nischal
2018-08-21 06:15:00,,,28.41508,77.04353,Nischal
2018-08-21 06:30:00,,,28.41508,77.04353,Nischal
2018-08-21 06:45:00,,,28.41508,77.04353,Nischal
2018-08-21 07:00:00,,,28.41508,77.04353,Nischal
2018-08-21 07:15:00,,,28.41508,77.04353,Nischal
2018-08-21 07:30:00,,,28.41508,77.04353,Nischal
2018-08-21 07:45:00,,,28.41508,77.04353,Nischal
2018-08-21 08:00:00,,,28.41508,77.04353,Nischal
2018-08-21 08:15:00,,,28.41508,77.04353,Nischal
2018-08-21 08:30:00,,,28.41508,77.04353,Nischal
2018-08-21 08:45:00,,,28.41508,77.04353,Nischal
2018-08-21 09:00:00,,,28.41508,77.04353,Nischal
2018-08-21 09:15:00,,,28.41508,77.04353,Nischal
2018-08-21 09:30:00,,,28.41508,77.04353,Nischal
2018-08-21 09:45:00,,,28.41508,77.04353,Nischal
2018-08-21 10:00:00,,,28.41508,77.04353,Nischal
2018-08-21 10:15:00,,,28.41508,77.04353,Nischal
2018-08-21 10:30:00,,,28.41508,77.04353,Nischal
2018-08-21 10:45:00,,,28.41508,77.04353,Nischal
2018-08-21 11:00:00,,,28.41508,77.04353,Nischal
2018-08-21 11:15:00,,,28.41508,77.04353,Nischal
2018-08-21 11:30:00,,,28.41508,77.04353,Nischal
2018-08-21 11:45:00,,,28.41508,77.04353,Nischal
2018-08-21 12:00:00,,,28.41508,77.04353,Nischal
2018-08-21 12:15:00,,,28.41508,77.04353,Nischal
2018-08-21 12:30:00,,,28.41508,77.04353,Nischal
2018-08-21 12:45:00,,,28.41508,77.04353,Nischal
2018-08-21 13:00:00,,,28.41508,77.04353,Nischal
2018-08-21 13:15:00,,,28.41508,77.04353,Nischal
2018-08-21 13:30:00,,,28.41508,77.04353,Nischal
2018-08-21 13:45:00,,,28.41508,77.04353,Nischal
2018-08-21 14:00:00,,,28.41508,77.04353,Nischal
2018-08-21 14:15:00,,,28.41508,77.04353,Nischal
2018-08-21 14:30:00,,,28.41508,77.04353,Nischal
2018-08-21 14:45:00,,,28.41508,77.04353,Nischal
2018-08-21 15:00:00,,,28.41508,77.04353,Nischal
2018-08-21 15:15:00,,,28.41508,77.04353,Nischal
2018-08-21 15:30:00,,,28.41508,77.04353,Nischal
2018-08-21 15:45:00,,,28.41508,77.04353,Nischal
2018-08-21 16:00:00,,,28.41508,77.04353,Nischal
2018-08-21 16:15:00,,,28.41508,77.04353,Nischal
2018-08-21 16:30:00,,,28.41508,77.04353,Nischal
2018-08-21 16:45:00,,,28.41508,77.04353,Nischal
2018-08-21 17:00:00,,,28.41508,77.04353,Nischal
2018-08-21 17:15:00,,,28.41508,77.04353,Nischal
2018-08-21 17:30:00,,,28.41508,77.04353,Nischal
2018-08-21 17:45:00,,,28.41508,77.04353,Nischal
2018-08-21 18:00:00,,,28.41508,77.04353,Nischal
2018-08-21 18:15:00,,,28.41508,77.04353,Nischal
2018-08-21 18:30:00,,,28.41508,77.04353,Nischal
2018-08-21 18:45:00,,,28.41508,77.04353,Nischal
2018-08-21 19:00:00,,,28.41508,77.04353,Nischal
2018-08-21 19:15:00,,,28.41508,77.04353,Nischal
2018-08-21 19:30:00,,,28.41508,77.04353,Nischal
2018-08-21 19:45:00,,,28.41508,77.04353,Nischal
2018-08-21 20:00:00,,,28.41508,77.04353,Nischal
2018-08-21 20:15:00,,,28.41508,77.04353,Nischal
2018-08-21 20:30:00,,,28.41508,77.04353,Nischal
2018-08-21 20:45:00,,,28.41508,77.04353,Nischal
2018-08-21 21:00:00,,,28.41508,77.04353,Nischal
2018-08-21 21:15:00,,,28.41508,77.04353,Nischal
2018-08-21 21:30:00,,,28.41508,77.04353,Nischal
2018-08-21 21:45:00,,,28.41508,77.04353,Nischal
2018-08-21 22:00:00,,,28.41508,77.04353,Nischal
2018-08-21 22:15:00,,,28.41508,77.04353,Nischal
2018-08-21 22:30:00,,,28.41508,77.04353,Nischal
2018-08-21 22:45:00,,,28.41508,77.04353,Nischal
2018-08-21 23:00:00,,,28.41508,77.04353,Nischal
2018-08-21 23:15:00,,,28.41508,77.04353,Nischal
2018-08-21 23:30:00,,,28.41508,77.04353,Nischal
2018-08-21 23:45:00,,,28.41508,77.04353,Nischal
2018-08-22 00:00:00,,,28.41508,77.04353,Nischal
2018-08-22 00:15:00,,,28.41508,77.04353,Nischal
2018-08-22 00:30:00,,,28.41508,77.04353,Nischal
2018-08-22 00:45:00,,,28.41508,77.04353,Nischal
2018-08-22 01:00:00,,,28.41508,77.04353,Nischal
2018-08-22 01:15:00,,,28.41508,77.04353,Nischal
2018-08-22 01:30:00,,,28.41508,77.04353,Nischal
2018-08-22 01:45:00,,,28.41508,77.04353,Nischal
2018-08-22 02:00:00,,,28.41508,77.04353,Nischal
2018-08-22 02:15:00,,,28.41508,77.04353,Nischal
2018-08-22 02:30:00,,,28.41508,77.04353,Nischal
2018-08-22 02:45:00,,,28.41508,77.04353,Nischal
2018-08-22 03:00:00,,,28.41508,77.04353,Nischal
2018-08-22 03:15:00,,,28.41508,77.04353,Nischal
2018-08-22 03:30:00,,,28.41508,77.04353,Nischal
2018-08-22 03:45:00,,,28.41508,77.04353,Nischal
2018-08-22 04:00:00,,,28.41508,77.04353,Nischal
2018-08-22 04:15:00,,,28.41508,77.04353,Nischal
2018-08-22 04:30:00,,,28.41508,77.04353,Nischal
2018-08-22 04:45:00,,,28.41508,77.04353,Nischal
2018-08-22 05:00:00,,,28.41508,77.04353,Nischal
2018-08-22 05:15:00,,,28.41508,77.04353,Nischal
2018-08-22 05:30:00,,,28.41508,77.04353,Nischal
2018-08-22 05:45:00,,,28.41508,77.04353,Nischal
2018-08-22 06:00:00,,,28.41508,77.04353,Nischal
2018-08-22 06:15:00,,,28.41508,77.04353,Nischal
2018-08-22 06:30:00,,,28.41508,77.04353,Nischal
2018-08-22 06:45:00,,,28.41508,77.04353,Nischal
2018-08-22 07:00:00,,,28.41508,77.04353,Nischal
2018-08-22 07:15:00,,,28.41508,77.04353,Nischal
2018-08-22 07:30:00,,,28.41508,77.04353,Nischal
2018-08-22 07:45:00,,,28.41508,77.04353,Nischal
2018-08-22 08:00:00,,,28.41508,77.04353,Nischal
2018-08-22 08:15:00,,,28.41508,77.04353,Nischal
2018-08-22 08:30:00,,,28.41508,77.04353,Nischal
2018-08-22 08:45:00,,,28.41508,77.04353,Nischal
2018-08-22 09:00:00,,,28.41508,77.04353,Nischal
2018-08-22 09:15:00,,,28.41508,77.04353,Nischal
2018-08-22 09:30:00,,,28.41508,77.04353,Nischal
2018-08-22 09:45:00,,,28.41508,77.04353,Nischal
2018-08-22 10:00:00,,,28.41508,77.04353,Nischal
2018-08-22 10:15:00,,,28.41508,77.04353,Nischal
2018-08-22 10:30:00,,,28.41508,77.04353,Nischal
2018-08-22 10:45:00,,,28.41508,77.04353,Nischal
2018-08-22 11:00:00,,,28.41508,77.04353,Nischal
2018-08-22 11:15:00,,,28.41508,77.04353,Nischal
2018-08-22 11:30:00,,,28.41508,77.04353,Nischal
2018-08-22 11:45:00,,,28.41508,77.04353,Nischal
2018-08-22 12:00:00,,,28.41508,77.04353,Nischal
2018-08-22 12:15:00,,,28.41508,77.04353,Nischal
2018-08-22 12:30:00,,,28.41508,77.04353,Nischal
2018-08-22 12:45:00,,,28.41508,77.04353,Nischal
2018-08-22 13:00:00,,,28.41508,77.04353,Nischal
2018-08-22 13:15:00,,,28.41508,77.04353,Nischal
2018-08-22 13:30:00,,,28.41508,77.04353,Nischal
2018-08-22 13:45:00,,,28.41508,77.04353,Nischal
2018-08-22 14:00:00,,,28.41508,77.04353,Nischal
2018-08-22 14:15:00,,,28.41508,77.04353,Nischal
2018-08-22 14:30:00,,,28.41508,77.04353,Nischal
2018-08-22 14:45:00,,,28.41508,77.04353,Nischal
2018-08-22 15:00:00,,,28.41508,77.04353,Nischal
2018-08-22 15:15:00,,,28.41508,77.04353,Nischal
2018-08-22 15:30:00,,,28.41508,77.04353,Nischal
2018-08-22 15:45:00,,,28.41508,77.04353,Nischal
2018-08-22 16:00:00,,,28.41508,77.04353,Nischal
2018-08-22 16:15:00,,,28.41508,77.04353,Nischal
2018-08-22 16:30:00,,,28.41508,77.04353,Nischal
2018-08-22 16:45:00,,,28.41508,77.04353,Nischal
2018-08-22 17:00:00,,,28.41508,77.04353,Nischal
2018-08-22 17:15:00,,,28.41508,77.04353,Nischal
2018-08-22 17:30:00,,,28.41508,77.04353,Nischal
2018-08-22 17:45:00,,,28.41508,77.04353,Nischal
2018-08-22 18:00:00,,,28.41508,77.04353,Nischal
2018-08-22 18:15:00,,,28.41508,77.04353,Nischal
2018-08-22 18:30:00,,,28.41508,77.04353,Nischal
2018-08-22 18:45:00,,,28.41508,77.04353,Nischal
2018-08-22 19:00:00,,,28.41508,77.04353,Nischal
2018-08-22 19:15:00,,,28.41508,77.04353,Nischal
2018-08-22 19:30:00,,,28.41508,77.04353,Nischal
2018-08-22 19:45:00,,,28.41508,77.04353,Nischal
2018-08-22 20:00:00,,,28.41508,77.04353,Nischal
2018-08-22 20:15:00,,,28.41508,77.04353,Nischal
2018-08-22 20:30:00,,,28.41508,77.04353,Nischal
2018-08-22 20:45:00,,,28.41508,77.04353,Nischal
2018-08-22 21:00:00,,,28.41508,77.04353,Nischal
2018-08-22 21:15:00,,,28.41508,77.04353,Nischal
2018-08-22 21:30:00,,,28.41508,77.04353,Nischal
2018-08-22 21:45:00,,,28.41508,77.04353,Nischal
2018-08-22 22:00:00,,,28.41508,77.04353,Nischal
2018-08-22 22:15:00,,,28.41508,77.04353,Nischal
2018-08-22 22:30:00,,,28.41508,77.04353,Nischal
2018-08-22 22:45:00,,,28.41508,77.04353,Nischal
2018-08-22 23:00:00,,,28.41508,77.04353,Nischal
2018-08-22 23:15:00,,,28.41508,77.04353,Nischal
2018-08-22 23:30:00,,,28.41508,77.04353,Nischal
2018-08-22 23:45:00,,,28.41508,77.04353,Nischal
2018-08-23 00:00:00,,,28.41508,77.04353,Nischal
2018-08-23 00:15:00,,,28.41508,77.04353,Nischal
2018-08-23 00:30:00,,,28.41508,77.04353,Nischal
2018-08-23 00:45:00,,,28.41508,77.04353,Nischal
2018-08-23 01:00:00,,,28.41508,77.04353,Nischal
2018-08-23 01:15:00,,,28.41508,77.04353,Nischal
2018-08-23 01:30:00,,,28.41508,77.04353,Nischal
2018-08-23 01:45:00,,,28.41508,77.04353,Nischal
2018-08-23 02:00:00,,,28.41508,77.04353,Nischal
2018-08-23 02:15:00,,,28.41508,77.04353,Nischal
2018-08-23 02:30:00,,,28.41508,77.04353,Nischal
2018-08-23 02:45:00,,,28.41508,77.04353,Nischal
2018-08-23 03:00:00,,,28.41508,77.04353,Nischal
2018-08-23 03:15:00,,,28.41508,77.04353,Nischal
2018-08-23 03:30:00,,,28.41508,77.04353,Nischal
2018-08-23 03:45:00,,,28.41508,77.04353,Nischal
2018-08-23 04:00:00,,,28.41508,77.04353,Nischal
2018-08-23 04:15:00,,,28.41508,77.04353,Nischal
2018-08-23 04:30:00,,,28.41508,77.04353,Nischal
2018-08-23 04:45:00,,,28.41508,77.04353,Nischal
2018-08-23 05:00:00,,,28.41508,77.04353,Nischal
2018-08-23 05:15:00,,,28.41508,77.04353,Nischal
2018-08-23 05:30:00,,,28.41508,77.04353,Nischal
2018-08-23 05:45:00,,,28.41508,77.04353,Nischal
2018-08-23 06:00:00,,,28.41508,77.04353,Nischal
2018-08-23 06:15:00,,,28.41508,77.04353,Nischal
2018-08-23 06:30:00,,,28.41508,77.04353,Nischal
2018-08-23 06:45:00,,,28.41508,77.04353,Nischal
2018-08-23 07:00:00,,,28.41508,77.04353,Nischal
2018-08-23 07:15:00,,,28.41508,77.04353,Nischal
2018-08-23 07:30:00,,,28.41508,77.04353,Nischal
2018-08-23 07:45:00,,,28.41508,77.04353,Nischal
2018-08-23 08:00:00,,,28.41508,77.04353,Nischal
2018-08-23 08:15:00,,,28.41508,77.04353,Nischal
2018-08-23 08:30:00,,,28.41508,77.04353,Nischal
2018-08-23 08:45:00,,,28.41508,77.04353,Nischal
2018-08-23 09:00:00,,,28.41508,77.04353,Nischal
2018-08-23 09:15:00,,,28.41508,77.04353,Nischal
2018-08-23 09:30:00,,,28.41508,77.04353,Nischal
2018-08-23 09:45:00,,,28.41508,77.04353,Nischal
2018-08-23 10:00:00,,,28.41508,77.04353,Nischal
2018-08-23 10:15:00,,,28.41508,77.04353,Nischal
2018-08-23 10:30:00,,,28.41508,77.04353,Nischal
2018-08-23 10:45:00,,,28.41508,77.04353,Nischal
2018-08-23 11:00:00,,,28.41508,77.04353,Nischal
2018-08-23 11:15:00,,,28.41508,77.04353,Nischal
2018-08-23 11:30:00,,,28.41508,77.04353,Nischal
2018-08-23 11:45:00,,,28.41508,77.04353,Nischal
2018-08-23 12:00:00,,,28.41508,77.04353,Nischal
2018-08-23 12:15:00,,,28.41508,77.04353,Nischal
2018-08-23 12:30:00,,,28.41508,77.04353,Nischal
2018-08-23 12:45:00,,,28.41508,77.04353,Nischal
2018-08-23 13:00:00,,,28.41508,77.04353,Nischal
2018-08-23 13:15:00,,,28.41508,77.04353,Nischal
2018-08-23 13:30:00,,,28.41508,77.04353,Nischal
2018-08-23 13:45:00,,,28.41508,77.04353,Nischal
2018-08-23 14:00:00,,,28.41508,77.04353,Nischal
2018-08-23 14:15:00,,,28.41508,77.04353,Nischal
2018-08-23 14:30:00,,,28.41508,77.04353,Nischal
2018-08-23 14:45:00,,,28.41508,77.04353,Nischal
2018-08-23 15:00:00,,,28.41508,77.04353,Nischal
2018-08-23 15:15:00,,,28.41508,77.04353,Nischal
2018-08-23 15:30:00,,,28.41508,77.04353,Nischal
2018-08-23 15:45:00,,,28.41508,77.04353,Nischal
2018-08-23 16:00:00,,,28.41508,77.04353,Nischal
2018-08-23 16:15:00,,,28.41508,77.04353,Nischal
2018-08-23 16:30:00,,,28.41508,77.04353,Nischal
2018-08-23 16:45:00,,,28.41508,77.04353,Nischal
2018-08-23 17:00:00,,,28.41508,77.04353,Nischal
2018-08-23 17:15:00,,,28.41508,77.04353,Nischal
2018-08-23 17:30:00,,,28.41508,77.04353,Nischal
2018-08-23 17:45:00,,,28.41508,77.04353,Nischal
2018-08-23 18:00:00,,,28.41508,77.04353,Nischal
2018-08-23 18:15:00,,,28.41508,77.04353,Nischal
2018-08-23 18:30:00,,,28.41508,77.04353,Nischal
2018-08-23 18:45:00,,,28.41508,77.04353,Nischal
2018-08-23 19:00:00,,,28.41508,77.04353,Nischal
2018-08-23 19:15:00,,,28.41508,77.04353,Nischal
2018-08-23 19:30:00,,,28.41508,77.04353,Nischal
2018-08-23 19:45:00,,,28.41508,77.04353,Nischal
2018-08-23 20:00:00,,,28.41508,77.04353,Nischal
2018-08-23 20:15:00,,,28.41508,77.04353,Nischal
2018-08-23 20:30:00,,,28.41508,77.04353,Nischal
2018-08-23 20:45:00,,,28.41508,77.04353,Nischal
2018-08-23 21:00:00,,,28.41508,77.04353,Nischal
2018-08-23 21:15:00,,,28.41508,77.04353,Nischal
2018-08-23 21:30:00,,,28.41508,77.04353,Nischal
2018-08-23 21:45:00,,,28.41508,77.04353,Nischal
2018-08-23 22:00:00,,,28.41508,77.04353,Nischal
2018-08-23 22:15:00,,,28.41508,77.04353,Nischal
2018-08-23 22:30:00,,,28.41508,77.04353,Nischal
2018-08-23 22:45:00,,,28.41508,77.04353,Nischal
2018-08-23 23:00:00,,,28.41508,77.04353,Nischal
2018-08-23 23:15:00,,,28.41508,77.04353,Nischal
2018-08-23 23:30:00,,,28.41508,77.04353,Nischal
2018-08-23 23:45:00,,,28.41508,77.04353,Nischal
2018-08-24 00:00:00,,,28.41508,77.04353,Nischal
2018-08-24 00:15:00,,,28.41508,77.04353,Nischal
2018-08-24 00:30:00,,,28.41508,77.04353,Nischal
2018-08-24 00:45:00,,,28.41508,77.04353,Nischal
2018-08-24 01:00:00,,,28.41508,77.04353,Nischal
2018-08-24 01:15:00,,,28.41508,77.04353,Nischal
2018-08-24 01:30:00,,,28.41508,77.04353,Nischal
2018-08-24 01:45:00,,,28.41508,77.04353,Nischal
2018-08-24 02:00:00,,,28.41508,77.04353,Nischal
2018-08-24 02:15:00,,,28.41508,77.04353,Nischal
2018-08-24 02:30:00,,,28.41508,77.04353,Nischal
2018-08-24 02:45:00,,,28.41508,77.04353,Nischal
2018-08-24 03:00:00,,,28.41508,77.04353,Nischal
2018-08-24 03:15:00,,,28.41508,77.04353,Nischal
2018-08-24 03:30:00,,,28.41508,77.04353,Nischal
2018-08-24 03:45:00,,,28.41508,77.04353,Nischal
2018-08-24 04:00:00,,,28.41508,77.04353,Nischal
2018-08-24 04:15:00,,,28.41508,77.04353,Nischal
2018-08-24 04:30:00,,,28.41508,77.04353,Nischal
2018-08-24 04:45:00,,,28.41508,77.04353,Nischal
2018-08-24 05:00:00,,,28.41508,77.04353,Nischal
2018-08-24 05:15:00,,,28.41508,77.04353,Nischal
2018-08-24 05:30:00,,,28.41508,77.04353,Nischal
2018-08-24 05:45:00,,,28.41508,77.04353,Nischal
2018-08-24 06:00:00,,,28.41508,77.04353,Nischal
2018-08-24 06:15:00,,,28.41508,77.04353,Nischal
2018-08-24 06:30:00,,,28.41508,77.04353,Nischal
2018-08-24 06:45:00,,,28.41508,77.04353,Nischal
2018-08-24 07:00:00,,,28.41508,77.04353,Nischal
2018-08-24 07:15:00,,,28.41508,77.04353,Nischal
2018-08-24 07:30:00,,,28.41508,77.04353,Nischal
2018-08-24 07:45:00,,,28.41508,77.04353,Nischal
2018-08-24 08:00:00,,,28.41508,77.04353,Nischal
2018-08-24 08:15:00,,,28.41508,77.04353,Nischal
2018-08-24 08:30:00,,,28.41508,77.04353,Nischal
2018-08-24 08:45:00,,,28.41508,77.04353,Nischal
2018-08-24 09:00:00,,,28.41508,77.04353,Nischal
2018-08-24 09:15:00,,,28.41508,77.04353,Nischal
2018-08-24 09:30:00,,,28.41508,77.04353,Nischal
2018-08-24 09:45:00,,,28.41508,77.04353,Nischal
2018-08-24 10:00:00,,,28.41508,77.04353,Nischal
2018-08-24 10:15:00,,,28.41508,77.04353,Nischal
2018-08-24 10:30:00,,,28.41508,77.04353,Nischal
2018-08-24 10:45:00,,,28.41508,77.04353,Nischal
2018-08-24 11:00:00,,,28.41508,77.04353,Nischal
2018-08-24 11:15:00,,,28.41508,77.04353,Nischal
2018-08-24 11:30:00,,,28.41508,77.04353,Nischal
2018-08-24 11:45:00,,,28.41508,77.04353,Nischal
2018-08-24 12:00:00,,,28.41508,77.04353,Nischal
2018-08-24 12:15:00,,,28.41508,77.04353,Nischal
2018-08-24 12:30:00,,,28.41508,77.04353,Nischal
2018-08-24 12:45:00,,,28.41508,77.04353,Nischal
2018-08-24 13:00:00,,,28.41508,77.04353,Nischal
2018-08-24 13:15:00,,,28.41508,77.04353,Nischal
2018-08-24 13:30:00,,,28.41508,77.04353,Nischal
2018-08-24 13:45:00,,,28.41508,77.04353,Nischal
2018-08-24 14:00:00,,,28.41508,77.04353,Nischal
2018-08-24 14:15:00,,,28.41508,77.04353,Nischal
2018-08-24 14:30:00,,,28.41508,77.04353,Nischal
2018-08-24 14:45:00,,,28.41508,77.04353,Nischal
2018-08-24 15:00:00,,,28.41508,77.04353,Nischal
2018-08-24 15:15:00,,,28.41508,77.04353,Nischal
2018-08-24 15:30:00,,,28.41508,77.04353,Nischal
2018-08-24 15:45:00,,,28.41508,77.04353,Nischal
2018-08-24 16:00:00,,,28.41508,77.04353,Nischal
2018-08-24 16:15:00,,,28.41508,77.04353,Nischal
2018-08-24 16:30:00,,,28.41508,77.04353,Nischal
2018-08-24 16:45:00,,,28.41508,77.04353,Nischal
2018-08-24 17:00:00,,,28.41508,77.04353,Nischal
2018-08-24 17:15:00,,,28.41508,77.04353,Nischal
2018-08-24 17:30:00,,,28.41508,77.04353,Nischal
2018-08-24 17:45:00,,,28.41508,77.04353,Nischal
2018-08-24 18:00:00,,,28.41508,77.04353,Nischal
2018-08-24 18:15:00,,,28.41508,77.04353,Nischal
2018-08-24 18:30:00,,,28.41508,77.04353,Nischal
2018-08-24 18:45:00,,,28.41508,77.04353,Nischal
2018-08-24 19:00:00,,,28.41508,77.04353,Nischal
2018-08-24 19:15:00,,,28.41508,77.04353,Nischal
2018-08-24 19:30:00,,,28.41508,77.04353,Nischal
2018-08-24 19:45:00,,,28.41508,77.04353,Nischal
2018-08-24 20:00:00,,,28.41508,77.04353,Nischal
2018-08-24 20:15:00,,,28.41508,77.04353,Nischal
2018-08-24 20:30:00,,,28.41508,77.04353,Nischal
2018-08-24 20:45:00,,,28.41508,77.04353,Nischal
2018-08-24 21:00:00,,,28.41508,77.04353,Nischal
2018-08-24 21:15:00,,,28.41508,77.04353,Nischal
2018-08-24 21:30:00,,,28.41508,77.04353,Nischal
2018-08-24 21:45:00,,,28.41508,77.04353,Nischal
2018-08-24 22:00:00,,,28.41508,77.04353,Nischal
2018-08-24 22:15:00,,,28.41508,77.04353,Nischal
2018-08-24 22:30:00,,,28.41508,77.04353,Nischal
2018-08-24 22:45:00,,,28.41508,77.04353,Nischal
2018-08-24 23:00:00,,,28.41508,77.04353,Nischal
2018-08-24 23:15:00,,,28.41508,77.04353,Nischal
2018-08-24 23:30:00,,,28.41508,77.04353,Nischal
2018-08-24 23:45:00,,,28.41508,77.04353,Nischal
2018-08-25 00:00:00,,,28.41508,77.04353,Nischal
2018-08-25 00:15:00,,,28.41508,77.04353,Nischal
2018-08-25 00:30:00,,,28.41508,77.04353,Nischal
2018-08-25 00:45:00,,,28.41508,77.04353,Nischal
2018-08-25 01:00:00,,,28.41508,77.04353,Nischal
2018-08-25 01:15:00,,,28.41508,77.04353,Nischal
2018-08-25 01:30:00,,,28.41508,77.04353,Nischal
2018-08-25 01:45:00,,,28.41508,77.04353,Nischal
2018-08-25 02:00:00,,,28.41508,77.04353,Nischal
2018-08-25 02:15:00,,,28.41508,77.04353,Nischal
2018-08-25 02:30:00,,,28.41508,77.04353,Nischal
2018-08-25 02:45:00,,,28.41508,77.04353,Nischal
2018-08-25 03:00:00,,,28.41508,77.04353,Nischal
2018-08-25 03:15:00,,,28.41508,77.04353,Nischal
2018-08-25 03:30:00,,,28.41508,77.04353,Nischal
2018-08-25 03:45:00,,,28.41508,77.04353,Nischal
2018-08-25 04:00:00,,,28.41508,77.04353,Nischal
2018-08-25 04:15:00,,,28.41508,77.04353,Nischal
2018-08-25 04:30:00,,,28.41508,77.04353,Nischal
2018-08-25 04:45:00,,,28.41508,77.04353,Nischal
2018-08-25 05:00:00,,,28.41508,77.04353,Nischal
2018-08-25 05:15:00,,,28.41508,77.04353,Nischal
2018-08-25 05:30:00,,,28.41508,77.04353,Nischal
2018-08-25 05:45:00,,,28.41508,77.04353,Nischal
2018-08-25 06:00:00,,,28.41508,77.04353,Nischal
2018-08-25 06:15:00,,,28.41508,77.04353,Nischal
2018-08-25 06:30:00,,,28.41508,77.04353,Nischal
2018-08-25 06:45:00,,,28.41508,77.04353,Nischal
2018-08-25 07:00:00,,,28.41508,77.04353,Nischal
2018-08-25 07:15:00,,,28.41508,77.04353,Nischal
2018-08-25 07:30:00,,,28.41508,77.04353,Nischal
2018-08-25 07:45:00,,,28.41508,77.04353,Nischal
2018-08-25 08:00:00,,,28.41508,77.04353,Nischal
2018-08-25 08:15:00,,,28.41508,77.04353,Nischal
2018-08-25 08:30:00,,,28.41508,77.04353,Nischal
2018-08-25 08:45:00,,,28.41508,77.04353,Nischal
2018-08-25 09:00:00,,,28.41508,77.04353,Nischal
2018-08-25 09:15:00,,,28.41508,77.04353,Nischal
2018-08-25 09:30:00,,,28.41508,77.04353,Nischal
2018-08-25 09:45:00,,,28.41508,77.04353,Nischal
2018-08-25 10:00:00,,,28.41508,77.04353,Nischal
2018-08-25 10:15:00,,,28.41508,77.04353,Nischal
2018-08-25 10:30:00,,,28.41508,77.04353,Nischal
2018-08-25 10:45:00,,,28.41508,77.04353,Nischal
2018-08-25 11:00:00,,,28.41508,77.04353,Nischal
2018-08-25 11:15:00,,,28.41508,77.04353,Nischal
2018-08-25 11:30:00,,,28.41508,77.04353,Nischal
2018-08-25 11:45:00,,,28.41508,77.04353,Nischal
2018-08-25 12:00:00,,,28.41508,77.04353,Nischal
2018-08-25 12:15:00,,,28.41508,77.04353,Nischal
2018-08-25 12:30:00,,,28.41508,77.04353,Nischal
2018-08-25 12:45:00,,,28.41508,77.04353,Nischal
2018-08-25 13:00:00,,,28.41508,77.04353,Nischal
2018-08-25 13:15:00,,,28.41508,77.04353,Nischal
2018-08-25 13:30:00,,,28.41508,77.04353,Nischal
2018-08-25 13:45:00,,,28.41508,77.04353,Nischal
2018-08-25 14:00:00,,,28.41508,77.04353,Nischal
2018-08-25 14:15:00,,,28.41508,77.04353,Nischal
2018-08-25 14:30:00,,,28.41508,77.04353,Nischal
2018-08-25 14:45:00,,,28.41508,77.04353,Nischal
2018-08-25 15:00:00,,,28.41508,77.04353,Nischal
2018-08-25 15:15:00,,,28.41508,77.04353,Nischal
2018-08-25 15:30:00,,,28.41508,77.04353,Nischal
2018-08-25 15:45:00,,,28.41508,77.04353,Nischal
2018-08-25 16:00:00,,,28.41508,77.04353,Nischal
2018-08-25 16:15:00,,,28.41508,77.04353,Nischal
2018-08-25 16:30:00,,,28.41508,77.04353,Nischal
2018-08-25 16:45:00,,,28.41508,77.04353,Nischal
2018-08-25 17:00:00,,,28.41508,77.04353,Nischal
2018-08-25 17:15:00,,,28.41508,77.04353,Nischal
2018-08-25 17:30:00,,,28.41508,77.04353,Nischal
2018-08-25 17:45:00,,,28.41508,77.04353,Nischal
2018-08-25 18:00:00,,,28.41508,77.04353,Nischal
2018-08-25 18:15:00,,,28.41508,77.04353,Nischal
2018-08-25 18:30:00,,,28.41508,77.04353,Nischal
2018-08-25 18:45:00,,,28.41508,77.04353,Nischal
2018-08-25 19:00:00,,,28.41508,77.04353,Nischal
2018-08-25 19:15:00,,,28.41508,77.04353,Nischal
2018-08-25 19:30:00,,,28.41508,77.04353,Nischal
2018-08-25 19:45:00,,,28.41508,77.04353,Nischal
2018-08-25 20:00:00,,,28.41508,77.04353,Nischal
2018-08-25 20:15:00,,,28.41508,77.04353,Nischal
2018-08-25 20:30:00,,,28.41508,77.04353,Nischal
2018-08-25 20:45:00,,,28.41508,77.04353,Nischal
2018-08-25 21:00:00,,,28.41508,77.04353,Nischal
2018-08-25 21:15:00,,,28.41508,77.04353,Nischal
2018-08-25 21:30:00,,,28.41508,77.04353,Nischal
2018-08-25 21:45:00,,,28.41508,77.04353,Nischal
2018-08-25 22:00:00,,,28.41508,77.04353,Nischal
2018-08-25 22:15:00,,,28.41508,77.04353,Nischal
2018-08-25 22:30:00,,,28.41508,77.04353,Nischal
2018-08-25 22:45:00,,,28.41508,77.04353,Nischal
2018-08-25 23:00:00,,,28.41508,77.04353,Nischal
2018-08-25 23:15:00,,,28.41508,77.04353,Nischal
2018-08-25 23:30:00,,,28.41508,77.04353,Nischal
2018-08-25 23:45:00,,,28.41508,77.04353,Nischal
2018-08-26 00:00:00,,,28.41508,77.04353,Nischal
2018-08-26 00:15:00,,,28.41508,77.04353,Nischal
2018-08-26 00:30:00,,,28.41508,77.04353,Nischal
2018-08-26 00:45:00,,,28.41508,77.04353,Nischal
2018-08-26 01:00:00,,,28.41508,77.04353,Nischal
2018-08-26 01:15:00,,,28.41508,77.04353,Nischal
2018-08-26 01:30:00,,,28.41508,77.04353,Nischal
2018-08-26 01:45:00,,,28.41508,77.04353,Nischal
2018-08-26 02:00:00,,,28.41508,77.04353,Nischal
2018-08-26 02:15:00,,,28.41508,77.04353,Nischal
2018-08-26 02:30:00,,,28.41508,77.04353,Nischal
2018-08-26 02:45:00,,,28.41508,77.04353,Nischal
2018-08-26 03:00:00,,,28.41508,77.04353,Nischal
2018-08-26 03:15:00,,,28.41508,77.04353,Nischal
2018-08-26 03:30:00,,,28.41508,77.04353,Nischal
2018-08-26 03:45:00,,,28.41508,77.04353,Nischal
2018-08-26 04:00:00,,,28.41508,77.04353,Nischal
2018-08-26 04:15:00,,,28.41508,77.04353,Nischal
2018-08-26 04:30:00,,,28.41508,77.04353,Nischal
2018-08-26 04:45:00,,,28.41508,77.04353,Nischal
2018-08-26 05:00:00,,,28.41508,77.04353,Nischal
2018-08-26 05:15:00,,,28.41508,77.04353,Nischal
2018-08-26 05:30:00,,,28.41508,77.04353,Nischal
2018-08-26 05:45:00,,,28.41508,77.04353,Nischal
2018-08-26 06:00:00,,,28.41508,77.04353,Nischal
2018-08-26 06:15:00,,,28.41508,77.04353,Nischal
2018-08-26 06:30:00,,,28.41508,77.04353,Nischal
2018-08-26 06:45:00,,,28.41508,77.04353,Nischal
2018-08-26 07:00:00,,,28.41508,77.04353,Nischal
2018-08-26 07:15:00,,,28.41508,77.04353,Nischal
2018-08-26 07:30:00,,,28.41508,77.04353,Nischal
2018-08-26 07:45:00,,,28.41508,77.04353,Nischal
2018-08-26 08:00:00,,,28.41508,77.04353,Nischal
2018-08-26 08:15:00,,,28.41508,77.04353,Nischal
2018-08-26 08:30:00,,,28.41508,77.04353,Nischal
2018-08-26 08:45:00,,,28.41508,77.04353,Nischal
2018-08-26 09:00:00,,,28.41508,77.04353,Nischal
2018-08-26 09:15:00,,,28.41508,77.04353,Nischal
2018-08-26 09:30:00,,,28.41508,77.04353,Nischal
2018-08-26 09:45:00,,,28.41508,77.04353,Nischal
2018-08-26 10:00:00,,,28.41508,77.04353,Nischal
2018-08-26 10:15:00,,,28.41508,77.04353,Nischal
2018-08-26 10:30:00,,,28.41508,77.04353,Nischal
2018-08-26 10:45:00,,,28.41508,77.04353,Nischal
2018-08-26 11:00:00,,,28.41508,77.04353,Nischal
2018-08-26 11:15:00,,,28.41508,77.04353,Nischal
2018-08-26 11:30:00,,,28.41508,77.04353,Nischal
2018-08-26 11:45:00,,,28.41508,77.04353,Nischal
2018-08-26 12:00:00,,,28.41508,77.04353,Nischal
2018-08-26 12:15:00,,,28.41508,77.04353,Nischal
2018-08-26 12:30:00,,,28.41508,77.04353,Nischal
2018-08-26 12:45:00,,,28.41508,77.04353,Nischal
2018-08-26 13:00:00,,,28.41508,77.04353,Nischal
2018-08-26 13:15:00,,,28.41508,77.04353,Nischal
2018-08-26 13:30:00,,,28.41508,77.04353,Nischal
2018-08-26 13:45:00,,,28.41508,77.04353,Nischal
2018-08-26 14:00:00,,,28.41508,77.04353,Nischal
2018-08-26 14:15:00,,,28.41508,77.04353,Nischal
2018-08-26 14:30:00,,,28.41508,77.04353,Nischal
2018-08-26 14:45:00,,,28.41508,77.04353,Nischal
2018-08-26 15:00:00,,,28.41508,77.04353,Nischal
2018-08-26 15:15:00,,,28.41508,77.04353,Nischal
2018-08-26 15:30:00,,,28.41508,77.04353,Nischal
2018-08-26 15:45:00,,,28.41508,77.04353,Nischal
2018-08-26 16:00:00,,,28.41508,77.04353,Nischal
2018-08-26 16:15:00,,,28.41508,77.04353,Nischal
2018-08-26 16:30:00,,,28.41508,77.04353,Nischal
2018-08-26 16:45:00,,,28.41508,77.04353,Nischal
2018-08-26 17:00:00,,,28.41508,77.04353,Nischal
2018-08-26 17:15:00,,,28.41508,77.04353,Nischal
2018-08-26 17:30:00,,,28.41508,77.04353,Nischal
2018-08-26 17:45:00,,,28.41508,77.04353,Nischal
2018-08-26 18:00:00,,,28.41508,77.04353,Nischal
2018-08-26 18:15:00,,,28.41508,77.04353,Nischal
2018-08-26 18:30:00,,,28.41508,77.04353,Nischal
2018-08-26 18:45:00,,,28.41508,77.04353,Nischal
2018-08-26 19:00:00,,,28.41508,77.04353,Nischal
2018-08-26 19:15:00,,,28.41508,77.04353,Nischal
2018-08-26 19:30:00,,,28.41508,77.04353,Nischal
2018-08-26 19:45:00,,,28.41508,77.04353,Nischal
2018-08-26 20:00:00,,,28.41508,77.04353,Nischal
2018-08-26 20:15:00,,,28.41508,77.04353,Nischal
2018-08-26 20:30:00,,,28.41508,77.04353,Nischal
2018-08-26 20:45:00,,,28.41508,77.04353,Nischal
2018-08-26 21:00:00,,,28.41508,77.04353,Nischal
2018-08-26 21:15:00,,,28.41508,77.04353,Nischal
2018-08-26 21:30:00,,,28.41508,77.04353,Nischal
2018-08-26 21:45:00,,,28.41508,77.04353,Nischal
2018-08-26 22:00:00,,,28.41508,77.04353,Nischal
2018-08-26 22:15:00,,,28.41508,77.04353,Nischal
2018-08-26 22:30:00,,,28.41508,77.04353,Nischal
2018-08-26 22:45:00,,,28.41508,77.04353,Nischal
2018-08-26 23:00:00,,,28.41508,77.04353,Nischal
2018-08-26 23:15:00,,,28.41508,77.04353,Nischal
2018-08-26 23:30:00,,,28.41508,77.04353,Nischal
2018-08-26 23:45:00,,,28.41508,77.04353,Nischal
2018-08-27 00:00:00,,,28.41508,77.04353,Nischal
2018-08-27 00:15:00,,,28.41508,77.04353,Nischal
2018-08-27 00:30:00,,,28.41508,77.04353,Nischal
2018-08-27 00:45:00,,,28.41508,77.04353,Nischal
2018-08-27 01:00:00,,,28.41508,77.04353,Nischal
2018-08-27 01:15:00,,,28.41508,77.04353,Nischal
2018-08-27 01:30:00,,,28.41508,77.04353,Nischal
2018-08-27 01:45:00,,,28.41508,77.04353,Nischal
2018-08-27 02:00:00,,,28.41508,77.04353,Nischal
2018-08-27 02:15:00,,,28.41508,77.04353,Nischal
2018-08-27 02:30:00,,,28.41508,77.04353,Nischal
2018-08-27 02:45:00,,,28.41508,77.04353,Nischal
2018-08-27 03:00:00,,,28.41508,77.04353,Nischal
2018-08-27 03:15:00,,,28.41508,77.04353,Nischal
2018-08-27 03:30:00,,,28.41508,77.04353,Nischal
2018-08-27 03:45:00,,,28.41508,77.04353,Nischal
2018-08-27 04:00:00,,,28.41508,77.04353,Nischal
2018-08-27 04:15:00,,,28.41508,77.04353,Nischal
2018-08-27 04:30:00,,,28.41508,77.04353,Nischal
2018-08-27 04:45:00,,,28.41508,77.04353,Nischal
2018-08-27 05:00:00,,,28.41508,77.04353,Nischal
2018-08-27 05:15:00,,,28.41508,77.04353,Nischal
2018-08-27 05:30:00,,,28.41508,77.04353,Nischal
2018-08-27 05:45:00,,,28.41508,77.04353,Nischal
2018-08-27 06:00:00,,,28.41508,77.04353,Nischal
2018-08-27 06:15:00,,,28.41508,77.04353,Nischal
2018-08-27 06:30:00,,,28.41508,77.04353,Nischal
2018-08-27 06:45:00,,,28.41508,77.04353,Nischal
2018-08-27 07:00:00,,,28.41508,77.04353,Nischal
2018-08-27 07:15:00,,,28.41508,77.04353,Nischal
2018-08-27 07:30:00,,,28.41508,77.04353,Nischal
2018-08-27 07:45:00,,,28.41508,77.04353,Nischal
2018-08-27 08:00:00,,,28.41508,77.04353,Nischal
2018-08-27 08:15:00,,,28.41508,77.04353,Nischal
2018-08-27 08:30:00,,,28.41508,77.04353,Nischal
2018-08-27 08:45:00,,,28.41508,77.04353,Nischal
2018-08-27 09:00:00,,,28.41508,77.04353,Nischal
2018-08-27 09:15:00,,,28.41508,77.04353,Nischal
2018-08-27 09:30:00,,,28.41508,77.04353,Nischal
2018-08-27 09:45:00,,,28.41508,77.04353,Nischal
2018-08-27 10:00:00,,,28.41508,77.04353,Nischal
2018-08-27 10:15:00,,,28.41508,77.04353,Nischal
2018-08-27 10:30:00,,,28.41508,77.04353,Nischal
2018-08-27 10:45:00,,,28.41508,77.04353,Nischal
2018-08-27 11:00:00,,,28.41508,77.04353,Nischal
2018-08-27 11:15:00,,,28.41508,77.04353,Nischal
2018-08-27 11:30:00,,,28.41508,77.04353,Nischal
2018-08-27 11:45:00,,,28.41508,77.04353,Nischal
2018-08-27 12:00:00,,,28.41508,77.04353,Nischal
2018-08-27 12:15:00,,,28.41508,77.04353,Nischal
2018-08-27 12:30:00,,,28.41508,77.04353,Nischal
2018-08-27 12:45:00,,,28.41508,77.04353,Nischal
2018-08-27 13:00:00,,,28.41508,77.04353,Nischal
2018-08-27 13:15:00,,,28.41508,77.04353,Nischal
2018-08-27 13:30:00,,,28.41508,77.04353,Nischal
2018-08-27 13:45:00,,,28.41508,77.04353,Nischal
2018-08-27 14:00:00,,,28.41508,77.04353,Nischal
2018-08-27 14:15:00,,,28.41508,77.04353,Nischal
2018-08-27 14:30:00,,,28.41508,77.04353,Nischal
2018-08-27 14:45:00,,,28.41508,77.04353,Nischal
2018-08-27 15:00:00,,,28.41508,77.04353,Nischal
2018-08-27 15:15:00,,,28.41508,77.04353,Nischal
2018-08-27 15:30:00,,,28.41508,77.04353,Nischal
2018-08-27 15:45:00,,,28.41508,77.04353,Nischal
2018-08-27 16:00:00,,,28.41508,77.04353,Nischal
2018-08-27 16:15:00,,,28.41508,77.04353,Nischal
2018-08-27 16:30:00,,,28.41508,77.04353,Nischal
2018-08-27 16:45:00,,,28.41508,77.04353,Nischal
2018-08-27 17:00:00,,,28.41508,77.04353,Nischal
2018-08-27 17:15:00,,,28.41508,77.04353,Nischal
2018-08-27 17:30:00,,,28.41508,77.04353,Nischal
2018-08-27 17:45:00,,,28.41508,77.04353,Nischal
2018-08-27 18:00:00,,,28.41508,77.04353,Nischal
2018-08-27 18:15:00,,,28.41508,77.04353,Nischal
2018-08-27 18:30:00,,,28.41508,77.04353,Nischal
2018-08-27 18:45:00,,,28.41508,77.04353,Nischal
2018-08-27 19:00:00,,,28.41508,77.04353,Nischal
2018-08-27 19:15:00,,,28.41508,77.04353,Nischal
2018-08-27 19:30:00,,,28.41508,77.04353,Nischal
2018-08-27 19:45:00,,,28.41508,77.04353,Nischal
2018-08-27 20:00:00,,,28.41508,77.04353,Nischal
2018-08-27 20:15:00,,,28.41508,77.04353,Nischal
2018-08-27 20:30:00,,,28.41508,77.04353,Nischal
2018-08-27 20:45:00,,,28.41508,77.04353,Nischal
2018-08-27 21:00:00,,,28.41508,77.04353,Nischal
2018-08-27 21:15:00,,,28.41508,77.04353,Nischal
2018-08-27 21:30:00,,,28.41508,77.04353,Nischal
2018-08-27 21:45:00,,,28.41508,77.04353,Nischal
2018-08-27 22:00:00,,,28.41508,77.04353,Nischal
2018-08-27 22:15:00,,,28.41508,77.04353,Nischal
2018-08-27 22:30:00,,,28.41508,77.04353,Nischal
2018-08-27 22:45:00,,,28.41508,77.04353,Nischal
2018-08-27 23:00:00,,,28.41508,77.04353,Nischal
2018-08-27 23:15:00,,,28.41508,77.04353,Nischal
2018-08-27 23:30:00,,,28.41508,77.04353,Nischal
2018-08-27 23:45:00,,,28.41508,77.04353,Nischal
2018-08-28 00:00:00,,,28.41508,77.04353,Nischal
2018-08-28 00:15:00,,,28.41508,77.04353,Nischal
2018-08-28 00:30:00,,,28.41508,77.04353,Nischal
2018-08-28 00:45:00,,,28.41508,77.04353,Nischal
2018-08-28 01:00:00,,,28.41508,77.04353,Nischal
2018-08-28 01:15:00,,,28.41508,77.04353,Nischal
2018-08-28 01:30:00,,,28.41508,77.04353,Nischal
2018-08-28 01:45:00,,,28.41508,77.04353,Nischal
2018-08-28 02:00:00,,,28.41508,77.04353,Nischal
2018-08-28 02:15:00,,,28.41508,77.04353,Nischal
2018-08-28 02:30:00,,,28.41508,77.04353,Nischal
2018-08-28 02:45:00,,,28.41508,77.04353,Nischal
2018-08-28 03:00:00,,,28.41508,77.04353,Nischal
2018-08-28 03:15:00,,,28.41508,77.04353,Nischal
2018-08-28 03:30:00,,,28.41508,77.04353,Nischal
2018-08-28 03:45:00,,,28.41508,77.04353,Nischal
2018-08-28 04:00:00,,,28.41508,77.04353,Nischal
2018-08-28 04:15:00,,,28.41508,77.04353,Nischal
2018-08-28 04:30:00,,,28.41508,77.04353,Nischal
2018-08-28 04:45:00,,,28.41508,77.04353,Nischal
2018-08-28 05:00:00,,,28.41508,77.04353,Nischal
2018-08-28 05:15:00,,,28.41508,77.04353,Nischal
2018-08-28 05:30:00,,,28.41508,77.04353,Nischal
2018-08-28 05:45:00,,,28.41508,77.04353,Nischal
2018-08-28 06:00:00,,,28.41508,77.04353,Nischal
2018-08-28 06:15:00,,,28.41508,77.04353,Nischal
2018-08-28 06:30:00,,,28.41508,77.04353,Nischal
2018-08-28 06:45:00,,,28.41508,77.04353,Nischal
2018-08-28 07:00:00,,,28.41508,77.04353,Nischal
2018-08-28 07:15:00,,,28.41508,77.04353,Nischal
2018-08-28 07:30:00,,,28.41508,77.04353,Nischal
2018-08-28 07:45:00,,,28.41508,77.04353,Nischal
2018-08-28 08:00:00,,,28.41508,77.04353,Nischal
2018-08-28 08:15:00,,,28.41508,77.04353,Nischal
2018-08-28 08:30:00,,,28.41508,77.04353,Nischal
2018-08-28 08:45:00,,,28.41508,77.04353,Nischal
2018-08-28 09:00:00,,,28.41508,77.04353,Nischal
2018-08-28 09:15:00,,,28.41508,77.04353,Nischal
2018-08-28 09:30:00,,,28.41508,77.04353,Nischal
2018-08-28 09:45:00,,,28.41508,77.04353,Nischal
2018-08-28 10:00:00,,,28.41508,77.04353,Nischal
2018-08-28 10:15:00,,,28.41508,77.04353,Nischal
2018-08-28 10:30:00,,,28.41508,77.04353,Nischal
2018-08-28 10:45:00,,,28.41508,77.04353,Nischal
2018-08-28 11:00:00,,,28.41508,77.04353,Nischal
2018-08-28 11:15:00,,,28.41508,77.04353,Nischal
2018-08-28 11:30:00,,,28.41508,77.04353,Nischal
2018-08-28 11:45:00,,,28.41508,77.04353,Nischal
2018-08-28 12:00:00,,,28.41508,77.04353,Nischal
2018-08-28 12:15:00,,,28.41508,77.04353,Nischal
2018-08-28 12:30:00,,,28.41508,77.04353,Nischal
2018-08-28 12:45:00,,,28.41508,77.04353,Nischal
2018-08-28 13:00:00,,,28.41508,77.04353,Nischal
2018-08-28 13:15:00,,,28.41508,77.04353,Nischal
2018-08-28 13:30:00,,,28.41508,77.04353,Nischal
2018-08-28 13:45:00,,,28.41508,77.04353,Nischal
2018-08-28 14:00:00,,,28.41508,77.04353,Nischal
2018-08-28 14:15:00,,,28.41508,77.04353,Nischal
2018-08-28 14:30:00,,,28.41508,77.04353,Nischal
2018-08-28 14:45:00,,,28.41508,77.04353,Nischal
2018-08-28 15:00:00,,,28.41508,77.04353,Nischal
2018-08-28 15:15:00,,,28.41508,77.04353,Nischal
2018-08-28 15:30:00,,,28.41508,77.04353,Nischal
2018-08-28 15:45:00,,,28.41508,77.04353,Nischal
2018-08-28 16:00:00,,,28.41508,77.04353,Nischal
2018-08-28 16:15:00,,,28.41508,77.04353,Nischal
2018-08-28 16:30:00,,,28.41508,77.04353,Nischal
2018-08-28 16:45:00,,,28.41508,77.04353,Nischal
2018-08-28 17:00:00,,,28.41508,77.04353,Nischal
2018-08-28 17:15:00,,,28.41508,77.04353,Nischal
2018-08-28 17:30:00,,,28.41508,77.04353,Nischal
2018-08-28 17:45:00,,,28.41508,77.04353,Nischal
2018-08-28 18:00:00,,,28.41508,77.04353,Nischal
2018-08-28 18:15:00,,,28.41508,77.04353,Nischal
2018-08-28 18:30:00,,,28.41508,77.04353,Nischal
2018-08-28 18:45:00,,,28.41508,77.04353,Nischal
2018-08-28 19:00:00,,,28.41508,77.04353,Nischal
2018-08-28 19:15:00,,,28.41508,77.04353,Nischal
2018-08-28 19:30:00,,,28.41508,77.04353,Nischal
2018-08-28 19:45:00,,,28.41508,77.04353,Nischal
2018-08-28 20:00:00,,,28.41508,77.04353,Nischal
2018-08-28 20:15:00,,,28.41508,77.04353,Nischal
2018-08-28 20:30:00,,,28.41508,77.04353,Nischal
2018-08-28 20:45:00,,,28.41508,77.04353,Nischal
2018-08-28 21:00:00,,,28.41508,77.04353,Nischal
2018-08-28 21:15:00,,,28.41508,77.04353,Nischal
2018-08-28 21:30:00,,,28.41508,77.04353,Nischal
2018-08-28 21:45:00,,,28.41508,77.04353,Nischal
2018-08-28 22:00:00,,,28.41508,77.04353,Nischal
2018-08-28 22:15:00,,,28.41508,77.04353,Nischal
2018-08-28 22:30:00,,,28.41508,77.04353,Nischal
2018-08-28 22:45:00,,,28.41508,77.04353,Nischal
2018-08-28 23:00:00,,,28.41508,77.04353,Nischal
2018-08-28 23:15:00,,,28.41508,77.04353,Nischal
2018-08-28 23:30:00,,,28.41508,77.04353,Nischal
2018-08-28 23:45:00,,,28.41508,77.04353,Nischal
2018-08-29 00:00:00,,,28.41508,77.04353,Nischal
2018-08-29 00:15:00,,,28.41508,77.04353,Nischal
2018-08-29 00:30:00,,,28.41508,77.04353,Nischal
2018-08-29 00:45:00,,,28.41508,77.04353,Nischal
2018-08-29 01:00:00,,,28.41508,77.04353,Nischal
2018-08-29 01:15:00,,,28.41508,77.04353,Nischal
2018-08-29 01:30:00,,,28.41508,77.04353,Nischal
2018-08-29 01:45:00,,,28.41508,77.04353,Nischal
2018-08-29 02:00:00,,,28.41508,77.04353,Nischal
2018-08-29 02:15:00,,,28.41508,77.04353,Nischal
2018-08-29 02:30:00,,,28.41508,77.04353,Nischal
2018-08-29 02:45:00,,,28.41508,77.04353,Nischal
2018-08-29 03:00:00,,,28.41508,77.04353,Nischal
2018-08-29 03:15:00,,,28.41508,77.04353,Nischal
2018-08-29 03:30:00,,,28.41508,77.04353,Nischal
2018-08-29 03:45:00,,,28.41508,77.04353,Nischal
2018-08-29 04:00:00,,,28.41508,77.04353,Nischal
2018-08-29 04:15:00,,,28.41508,77.04353,Nischal
2018-08-29 04:30:00,,,28.41508,77.04353,Nischal
2018-08-29 04:45:00,,,28.41508,77.04353,Nischal
2018-08-29 05:00:00,,,28.41508,77.04353,Nischal
2018-08-29 05:15:00,,,28.41508,77.04353,Nischal
2018-08-29 05:30:00,,,28.41508,77.04353,Nischal
2018-08-29 05:45:00,,,28.41508,77.04353,Nischal
2018-08-29 06:00:00,,,28.41508,77.04353,Nischal
2018-08-29 06:15:00,,,28.41508,77.04353,Nischal
2018-08-29 06:30:00,,,28.41508,77.04353,Nischal
2018-08-29 06:45:00,,,28.41508,77.04353,Nischal
2018-08-29 07:00:00,,,28.41508,77.04353,Nischal
2018-08-29 07:15:00,,,28.41508,77.04353,Nischal
2018-08-29 07:30:00,,,28.41508,77.04353,Nischal
2018-08-29 07:45:00,,,28.41508,77.04353,Nischal
2018-08-29 08:00:00,,,28.41508,77.04353,Nischal
2018-08-29 08:15:00,,,28.41508,77.04353,Nischal
2018-08-29 08:30:00,,,28.41508,77.04353,Nischal
2018-08-29 08:45:00,,,28.41508,77.04353,Nischal
2018-08-29 09:00:00,,,28.41508,77.04353,Nischal
2018-08-29 09:15:00,,,28.41508,77.04353,Nischal
2018-08-29 09:30:00,,,28.41508,77.04353,Nischal
2018-08-29 09:45:00,,,28.41508,77.04353,Nischal
2018-08-29 10:00:00,,,28.41508,77.04353,Nischal
2018-08-29 10:15:00,,,28.41508,77.04353,Nischal
2018-08-29 10:30:00,,,28.41508,77.04353,Nischal
2018-08-29 10:45:00,,,28.41508,77.04353,Nischal
2018-08-29 11:00:00,,,28.41508,77.04353,Nischal
2018-08-29 11:15:00,,,28.41508,77.04353,Nischal
2018-08-29 11:30:00,,,28.41508,77.04353,Nischal
2018-08-29 11:45:00,,,28.41508,77.04353,Nischal
2018-08-29 12:00:00,,,28.41508,77.04353,Nischal
2018-08-29 12:15:00,,,28.41508,77.04353,Nischal
2018-08-29 12:30:00,,,28.41508,77.04353,Nischal
2018-08-29 12:45:00,,,28.41508,77.04353,Nischal
2018-08-29 13:00:00,,,28.41508,77.04353,Nischal
2018-08-29 13:15:00,,,28.41508,77.04353,Nischal
2018-08-29 13:30:00,,,28.41508,77.04353,Nischal
2018-08-29 13:45:00,,,28.41508,77.04353,Nischal
2018-08-29 14:00:00,,,28.41508,77.04353,Nischal
2018-08-29 14:15:00,,,28.41508,77.04353,Nischal
2018-08-29 14:30:00,,,28.41508,77.04353,Nischal
2018-08-29 14:45:00,,,28.41508,77.04353,Nischal
2018-08-29 15:00:00,,,28.41508,77.04353,Nischal
2018-08-29 15:15:00,,,28.41508,77.04353,Nischal
2018-08-29 15:30:00,,,28.41508,77.04353,Nischal
2018-08-29 15:45:00,,,28.41508,77.04353,Nischal
2018-08-29 16:00:00,,,28.41508,77.04353,Nischal
2018-08-29 16:15:00,,,28.41508,77.04353,Nischal
2018-08-29 16:30:00,,,28.41508,77.04353,Nischal
2018-08-29 16:45:00,,,28.41508,77.04353,Nischal
2018-08-29 17:00:00,,,28.41508,77.04353,Nischal
2018-08-29 17:15:00,,,28.41508,77.04353,Nischal
2018-08-29 17:30:00,,,28.41508,77.04353,Nischal
2018-08-29 17:45:00,,,28.41508,77.04353,Nischal
2018-08-29 18:00:00,,,28.41508,77.04353,Nischal
2018-08-29 18:15:00,,,28.41508,77.04353,Nischal
2018-08-29 18:30:00,,,28.41508,77.04353,Nischal
2018-08-29 18:45:00,,,28.41508,77.04353,Nischal
2018-08-29 19:00:00,,,28.41508,77.04353,Nischal
2018-08-29 19:15:00,,,28.41508,77.04353,Nischal
2018-08-29 19:30:00,,,28.41508,77.04353,Nischal
2018-08-29 19:45:00,,,28.41508,77.04353,Nischal
2018-08-29 20:00:00,,,28.41508,77.04353,Nischal
2018-08-29 20:15:00,,,28.41508,77.04353,Nischal
2018-08-29 20:30:00,,,28.41508,77.04353,Nischal
2018-08-29 20:45:00,,,28.41508,77.04353,Nischal
2018-08-29 21:00:00,,,28.41508,77.04353,Nischal
2018-08-29 21:15:00,,,28.41508,77.04353,Nischal
2018-08-29 21:30:00,,,28.41508,77.04353,Nischal
2018-08-29 21:45:00,,,28.41508,77.04353,Nischal
2018-08-29 22:00:00,,,28.41508,77.04353,Nischal
2018-08-29 22:15:00,,,28.41508,77.04353,Nischal
2018-08-29 22:30:00,,,28.41508,77.04353,Nischal
2018-08-29 22:45:00,,,28.41508,77.04353,Nischal
2018-08-29 23:00:00,,,28.41508,77.04353,Nischal
2018-08-29 23:15:00,,,28.41508,77.04353,Nischal
2018-08-29 23:30:00,,,28.41508,77.04353,Nischal
2018-08-29 23:45:00,,,28.41508,77.04353,Nischal
2018-08-30 00:00:00,,,28.41508,77.04353,Nischal
2018-08-30 00:15:00,,,28.41508,77.04353,Nischal
2018-08-30 00:30:00,,,28.41508,77.04353,Nischal
2018-08-30 00:45:00,,,28.41508,77.04353,Nischal
2018-08-30 01:00:00,,,28.41508,77.04353,Nischal
2018-08-30 01:15:00,,,28.41508,77.04353,Nischal
2018-08-30 01:30:00,,,28.41508,77.04353,Nischal
2018-08-30 01:45:00,,,28.41508,77.04353,Nischal
2018-08-30 02:00:00,,,28.41508,77.04353,Nischal
2018-08-30 02:15:00,,,28.41508,77.04353,Nischal
2018-08-30 02:30:00,,,28.41508,77.04353,Nischal
2018-08-30 02:45:00,,,28.41508,77.04353,Nischal
2018-08-30 03:00:00,,,28.41508,77.04353,Nischal
2018-08-30 03:15:00,,,28.41508,77.04353,Nischal
2018-08-30 03:30:00,,,28.41508,77.04353,Nischal
2018-08-30 03:45:00,,,28.41508,77.04353,Nischal
2018-08-30 04:00:00,,,28.41508,77.04353,Nischal
2018-08-30 04:15:00,,,28.41508,77.04353,Nischal
2018-08-30 04:30:00,,,28.41508,77.04353,Nischal
2018-08-30 04:45:00,,,28.41508,77.04353,Nischal
2018-08-30 05:00:00,,,28.41508,77.04353,Nischal
2018-08-30 05:15:00,,,28.41508,77.04353,Nischal
2018-08-30 05:30:00,,,28.41508,77.04353,Nischal
2018-08-30 05:45:00,,,28.41508,77.04353,Nischal
2018-08-30 06:00:00,,,28.41508,77.04353,Nischal
2018-08-30 06:15:00,,,28.41508,77.04353,Nischal
2018-08-30 06:30:00,,,28.41508,77.04353,Nischal
2018-08-30 06:45:00,,,28.41508,77.04353,Nischal
2018-08-30 07:00:00,,,28.41508,77.04353,Nischal
2018-08-30 07:15:00,,,28.41508,77.04353,Nischal
2018-08-30 07:30:00,,,28.41508,77.04353,Nischal
2018-08-30 07:45:00,,,28.41508,77.04353,Nischal
2018-08-30 08:00:00,,,28.41508,77.04353,Nischal
2018-08-30 08:15:00,,,28.41508,77.04353,Nischal
2018-08-30 08:30:00,,,28.41508,77.04353,Nischal
2018-08-30 08:45:00,,,28.41508,77.04353,Nischal
2018-08-30 09:00:00,,,28.41508,77.04353,Nischal
2018-08-30 09:15:00,,,28.41508,77.04353,Nischal
2018-08-30 09:30:00,,,28.41508,77.04353,Nischal
2018-08-30 09:45:00,,,28.41508,77.04353,Nischal
2018-08-30 10:00:00,,,28.41508,77.04353,Nischal
2018-08-30 10:15:00,,,28.41508,77.04353,Nischal
2018-08-30 10:30:00,,,28.41508,77.04353,Nischal
2018-08-30 10:45:00,,,28.41508,77.04353,Nischal
2018-08-30 11:00:00,,,28.41508,77.04353,Nischal
2018-08-30 11:15:00,,,28.41508,77.04353,Nischal
2018-08-30 11:30:00,,,28.41508,77.04353,Nischal
2018-08-30 11:45:00,,,28.41508,77.04353,Nischal
2018-08-30 12:00:00,,,28.41508,77.04353,Nischal
2018-08-30 12:15:00,,,28.41508,77.04353,Nischal
2018-08-30 12:30:00,,,28.41508,77.04353,Nischal
2018-08-30 12:45:00,,,28.41508,77.04353,Nischal
2018-08-30 13:00:00,,,28.41508,77.04353,Nischal
2018-08-30 13:15:00,,,28.41508,77.04353,Nischal
2018-08-30 13:30:00,,,28.41508,77.04353,Nischal
2018-08-30 13:45:00,,,28.41508,77.04353,Nischal
2018-08-30 14:00:00,,,28.41508,77.04353,Nischal
2018-08-30 14:15:00,,,28.41508,77.04353,Nischal
2018-08-30 14:30:00,,,28.41508,77.04353,Nischal
2018-08-30 14:45:00,,,28.41508,77.04353,Nischal
2018-08-30 15:00:00,,,28.41508,77.04353,Nischal
2018-08-30 15:15:00,,,28.41508,77.04353,Nischal
2018-08-30 15:30:00,,,28.41508,77.04353,Nischal
2018-08-30 15:45:00,,,28.41508,77.04353,Nischal
2018-08-30 16:00:00,,,28.41508,77.04353,Nischal
2018-08-30 16:15:00,,,28.41508,77.04353,Nischal
2018-08-30 16:30:00,,,28.41508,77.04353,Nischal
2018-08-30 16:45:00,,,28.41508,77.04353,Nischal
2018-08-30 17:00:00,,,28.41508,77.04353,Nischal
2018-08-30 17:15:00,,,28.41508,77.04353,Nischal
2018-08-30 17:30:00,,,28.41508,77.04353,Nischal
2018-08-30 17:45:00,,,28.41508,77.04353,Nischal
2018-08-30 18:00:00,,,28.41508,77.04353,Nischal
2018-08-30 18:15:00,,,28.41508,77.04353,Nischal
2018-08-30 18:30:00,,,28.41508,77.04353,Nischal
2018-08-30 18:45:00,,,28.41508,77.04353,Nischal
2018-08-30 19:00:00,,,28.41508,77.04353,Nischal
2018-08-30 19:15:00,,,28.41508,77.04353,Nischal
2018-08-30 19:30:00,,,28.41508,77.04353,Nischal
2018-08-30 19:45:00,,,28.41508,77.04353,Nischal
2018-08-30 20:00:00,,,28.41508,77.04353,Nischal
2018-08-30 20:15:00,,,28.41508,77.04353,Nischal
2018-08-30 20:30:00,,,28.41508,77.04353,Nischal
2018-08-30 20:45:00,,,28.41508,77.04353,Nischal
2018-08-30 21:00:00,,,28.41508,77.04353,Nischal
2018-08-30 21:15:00,,,28.41508,77.04353,Nischal
2018-08-30 21:30:00,,,28.41508,77.04353,Nischal
2018-08-30 21:45:00,,,28.41508,77.04353,Nischal
2018-08-30 22:00:00,,,28.41508,77.04353,Nischal
2018-08-30 22:15:00,,,28.41508,77.04353,Nischal
2018-08-30 22:30:00,,,28.41508,77.04353,Nischal
2018-08-30 22:45:00,,,28.41508,77.04353,Nischal
2018-08-30 23:00:00,,,28.41508,77.04353,Nischal
2018-08-30 23:15:00,,,28.41508,77.04353,Nischal
2018-08-30 23:30:00,,,28.41508,77.04353,Nischal
2018-08-30 23:45:00,,,28.41508,77.04353,Nischal
2018-08-31 00:00:00,,,28.41508,77.04353,Nischal
2018-08-31 00:15:00,,,28.41508,77.04353,Nischal
2018-08-31 00:30:00,,,28.41508,77.04353,Nischal
2018-08-31 00:45:00,,,28.41508,77.04353,Nischal
2018-08-31 01:00:00,,,28.41508,77.04353,Nischal
2018-08-31 01:15:00,,,28.41508,77.04353,Nischal
2018-08-31 01:30:00,,,28.41508,77.04353,Nischal
2018-08-31 01:45:00,,,28.41508,77.04353,Nischal
2018-08-31 02:00:00,,,28.41508,77.04353,Nischal
2018-08-31 02:15:00,,,28.41508,77.04353,Nischal
2018-08-31 02:30:00,,,28.41508,77.04353,Nischal
2018-08-31 02:45:00,,,28.41508,77.04353,Nischal
2018-08-31 03:00:00,,,28.41508,77.04353,Nischal
2018-08-31 03:15:00,,,28.41508,77.04353,Nischal
2018-08-31 03:30:00,,,28.41508,77.04353,Nischal
2018-08-31 03:45:00,,,28.41508,77.04353,Nischal
2018-08-31 04:00:00,,,28.41508,77.04353,Nischal
2018-08-31 04:15:00,,,28.41508,77.04353,Nischal
2018-08-31 04:30:00,,,28.41508,77.04353,Nischal
2018-08-31 04:45:00,,,28.41508,77.04353,Nischal
2018-08-31 05:00:00,,,28.41508,77.04353,Nischal
2018-08-31 05:15:00,,,28.41508,77.04353,Nischal
2018-08-31 05:30:00,,,28.41508,77.04353,Nischal
2018-08-31 05:45:00,,,28.41508,77.04353,Nischal
2018-08-31 06:00:00,,,28.41508,77.04353,Nischal
2018-08-31 06:15:00,,,28.41508,77.04353,Nischal
2018-08-31 06:30:00,,,28.41508,77.04353,Nischal
2018-08-31 06:45:00,,,28.41508,77.04353,Nischal
2018-08-31 07:00:00,,,28.41508,77.04353,Nischal
2018-08-31 07:15:00,,,28.41508,77.04353,Nischal
2018-08-31 07:30:00,,,28.41508,77.04353,Nischal
2018-08-31 07:45:00,,,28.41508,77.04353,Nischal
2018-08-31 08:00:00,,,28.41508,77.04353,Nischal
2018-08-31 08:15:00,,,28.41508,77.04353,Nischal
2018-08-31 08:30:00,,,28.41508,77.04353,Nischal
2018-08-31 08:45:00,,,28.41508,77.04353,Nischal
2018-08-31 09:00:00,,,28.41508,77.04353,Nischal
2018-08-31 09:15:00,,,28.41508,77.04353,Nischal
2018-08-31 09:30:00,,,28.41508,77.04353,Nischal
2018-08-31 09:45:00,,,28.41508,77.04353,Nischal
2018-08-31 10:00:00,,,28.41508,77.04353,Nischal
2018-08-31 10:15:00,,,28.41508,77.04353,Nischal
2018-08-31 10:30:00,,,28.41508,77.04353,Nischal
2018-08-31 10:45:00,,,28.41508,77.04353,Nischal
2018-08-31 11:00:00,,,28.41508,77.04353,Nischal
2018-08-31 11:15:00,,,28.41508,77.04353,Nischal
2018-08-31 11:30:00,,,28.41508,77.04353,Nischal
2018-08-31 11:45:00,,,28.41508,77.04353,Nischal
2018-08-31 12:00:00,,,28.41508,77.04353,Nischal
2018-08-31 12:15:00,,,28.41508,77.04353,Nischal
2018-08-31 12:30:00,,,28.41508,77.04353,Nischal
2018-08-31 12:45:00,,,28.41508,77.04353,Nischal
2018-08-31 13:00:00,,,28.41508,77.04353,Nischal
2018-08-31 13:15:00,,,28.41508,77.04353,Nischal
2018-08-31 13:30:00,,,28.41508,77.04353,Nischal
2018-08-31 13:45:00,,,28.41508,77.04353,Nischal
2018-08-31 14:00:00,,,28.41508,77.04353,Nischal
2018-08-31 14:15:00,,,28.41508,77.04353,Nischal
2018-08-31 14:30:00,,,28.41508,77.04353,Nischal
2018-08-31 14:45:00,,,28.41508,77.04353,Nischal
2018-08-31 15:00:00,,,28.41508,77.04353,Nischal
2018-08-31 15:15:00,,,28.41508,77.04353,Nischal
2018-08-31 15:30:00,,,28.41508,77.04353,Nischal
2018-08-31 15:45:00,,,28.41508,77.04353,Nischal
2018-08-31 16:00:00,,,28.41508,77.04353,Nischal
2018-08-31 16:15:00,,,28.41508,77.04353,Nischal
2018-08-31 16:30:00,,,28.41508,77.04353,Nischal
2018-08-31 16:45:00,,,28.41508,77.04353,Nischal
2018-08-31 17:00:00,,,28.41508,77.04353,Nischal
2018-08-31 17:15:00,,,28.41508,77.04353,Nischal
2018-08-31 17:30:00,,,28.41508,77.04353,Nischal
2018-08-31 17:45:00,,,28.41508,77.04353,Nischal
2018-08-31 18:00:00,,,28.41508,77.04353,Nischal
2018-08-31 18:15:00,,,28.41508,77.04353,Nischal
2018-08-31 18:30:00,,,28.41508,77.04353,Nischal
2018-08-31 18:45:00,,,28.41508,77.04353,Nischal
2018-08-31 19:00:00,,,28.41508,77.04353,Nischal
2018-08-31 19:15:00,,,28.41508,77.04353,Nischal
2018-08-31 19:30:00,,,28.41508,77.04353,Nischal
2018-08-31 19:45:00,,,28.41508,77.04353,Nischal
2018-08-31 20:00:00,,,28.41508,77.04353,Nischal
2018-08-31 20:15:00,,,28.41508,77.04353,Nischal
2018-08-31 20:30:00,,,28.41508,77.04353,Nischal
2018-08-31 20:45:00,,,28.41508,77.04353,Nischal
2018-08-31 21:00:00,,,28.41508,77.04353,Nischal
2018-08-31 21:15:00,,,28.41508,77.04353,Nischal
2018-08-31 21:30:00,,,28.41508,77.04353,Nischal
2018-08-31 21:45:00,,,28.41508,77.04353,Nischal
2018-08-31 22:00:00,,,28.41508,77.04353,Nischal
2018-08-31 22:15:00,,,28.41508,77.04353,Nischal
2018-08-31 22:30:00,,,28.41508,77.04353,Nischal
2018-08-31 22:45:00,,,28.41508,77.04353,Nischal
2018-08-31 23:00:00,,,28.41508,77.04353,Nischal
2018-08-31 23:15:00,,,28.41508,77.04353,Nischal
2018-08-31 23:30:00,,,28.41508,77.04353,Nischal
2018-08-31 23:45:00,,,28.41508,77.04353,Nischal
2018-09-01 00:00:00,,,28.41508,77.04353,Nischal
2018-09-01 00:15:00,,,28.41508,77.04353,Nischal
2018-09-01 00:30:00,,,28.41508,77.04353,Nischal
2018-09-01 00:45:00,,,28.41508,77.04353,Nischal
2018-09-01 01:00:00,,,28.41508,77.04353,Nischal
2018-09-01 01:15:00,,,28.41508,77.04353,Nischal
2018-09-01 01:30:00,,,28.41508,77.04353,Nischal
2018-09-01 01:45:00,,,28.41508,77.04353,Nischal
2018-09-01 02:00:00,,,28.41508,77.04353,Nischal
2018-09-01 02:15:00,,,28.41508,77.04353,Nischal
2018-09-01 02:30:00,,,28.41508,77.04353,Nischal
2018-09-01 02:45:00,,,28.41508,77.04353,Nischal
2018-09-01 03:00:00,,,28.41508,77.04353,Nischal
2018-09-01 03:15:00,,,28.41508,77.04353,Nischal
2018-09-01 03:30:00,,,28.41508,77.04353,Nischal
2018-09-01 03:45:00,,,28.41508,77.04353,Nischal
2018-09-01 04:00:00,,,28.41508,77.04353,Nischal
2018-09-01 04:15:00,,,28.41508,77.04353,Nischal
2018-09-01 04:30:00,,,28.41508,77.04353,Nischal
2018-09-01 04:45:00,,,28.41508,77.04353,Nischal
2018-09-01 05:00:00,,,28.41508,77.04353,Nischal
2018-09-01 05:15:00,,,28.41508,77.04353,Nischal
2018-09-01 05:30:00,,,28.41508,77.04353,Nischal
2018-09-01 05:45:00,,,28.41508,77.04353,Nischal
2018-09-01 06:00:00,,,28.41508,77.04353,Nischal
2018-09-01 06:15:00,,,28.41508,77.04353,Nischal
2018-09-01 06:30:00,,,28.41508,77.04353,Nischal
2018-09-01 06:45:00,,,28.41508,77.04353,Nischal
2018-09-01 07:00:00,,,28.41508,77.04353,Nischal
2018-09-01 07:15:00,,,28.41508,77.04353,Nischal
2018-09-01 07:30:00,,,28.41508,77.04353,Nischal
2018-09-01 07:45:00,,,28.41508,77.04353,Nischal
2018-09-01 08:00:00,,,28.41508,77.04353,Nischal
2018-09-01 08:15:00,,,28.41508,77.04353,Nischal
2018-09-01 08:30:00,,,28.41508,77.04353,Nischal
2018-09-01 08:45:00,,,28.41508,77.04353,Nischal
2018-09-01 09:00:00,,,28.41508,77.04353,Nischal
2018-09-01 09:15:00,,,28.41508,77.04353,Nischal
2018-09-01 09:30:00,,,28.41508,77.04353,Nischal
2018-09-01 09:45:00,,,28.41508,77.04353,Nischal
2018-09-01 10:00:00,,,28.41508,77.04353,Nischal
2018-09-01 10:15:00,,,28.41508,77.04353,Nischal
2018-09-01 10:30:00,,,28.41508,77.04353,Nischal
2018-09-01 10:45:00,,,28.41508,77.04353,Nischal
2018-09-01 11:00:00,,,28.41508,77.04353,Nischal
2018-09-01 11:15:00,,,28.41508,77.04353,Nischal
2018-09-01 11:30:00,,,28.41508,77.04353,Nischal
2018-09-01 11:45:00,,,28.41508,77.04353,Nischal
2018-09-01 12:00:00,,,28.41508,77.04353,Nischal
2018-09-01 12:15:00,,,28.41508,77.04353,Nischal
2018-09-01 12:30:00,,,28.41508,77.04353,Nischal
2018-09-01 12:45:00,,,28.41508,77.04353,Nischal
2018-09-01 13:00:00,,,28.41508,77.04353,Nischal
2018-09-01 13:15:00,,,28.41508,77.04353,Nischal
2018-09-01 13:30:00,,,28.41508,77.04353,Nischal
2018-09-01 13:45:00,,,28.41508,77.04353,Nischal
2018-09-01 14:00:00,,,28.41508,77.04353,Nischal
2018-09-01 14:15:00,,,28.41508,77.04353,Nischal
2018-09-01 14:30:00,,,28.41508,77.04353,Nischal
2018-09-01 14:45:00,,,28.41508,77.04353,Nischal
2018-09-01 15:00:00,,,28.41508,77.04353,Nischal
2018-09-01 15:15:00,,,28.41508,77.04353,Nischal
2018-09-01 15:30:00,,,28.41508,77.04353,Nischal
2018-09-01 15:45:00,,,28.41508,77.04353,Nischal
2018-09-01 16:00:00,,,28.41508,77.04353,Nischal
2018-09-01 16:15:00,,,28.41508,77.04353,Nischal
2018-09-01 16:30:00,,,28.41508,77.04353,Nischal
2018-09-01 16:45:00,,,28.41508,77.04353,Nischal
2018-09-01 17:00:00,,,28.41508,77.04353,Nischal
2018-09-01 17:15:00,,,28.41508,77.04353,Nischal
2018-09-01 17:30:00,,,28.41508,77.04353,Nischal
2018-09-01 17:45:00,,,28.41508,77.04353,Nischal
2018-09-01 18:00:00,,,28.41508,77.04353,Nischal
2018-09-01 18:15:00,,,28.41508,77.04353,Nischal
2018-09-01 18:30:00,,,28.41508,77.04353,Nischal
2018-09-01 18:45:00,,,28.41508,77.04353,Nischal
2018-09-01 19:00:00,,,28.41508,77.04353,Nischal
2018-09-01 19:15:00,,,28.41508,77.04353,Nischal
2018-09-01 19:30:00,,,28.41508,77.04353,Nischal
2018-09-01 19:45:00,,,28.41508,77.04353,Nischal
2018-09-01 20:00:00,,,28.41508,77.04353,Nischal
2018-09-01 20:15:00,,,28.41508,77.04353,Nischal
2018-09-01 20:30:00,,,28.41508,77.04353,Nischal
2018-09-01 20:45:00,,,28.41508,77.04353,Nischal
2018-09-01 21:00:00,,,28.41508,77.04353,Nischal
2018-09-01 21:15:00,,,28.41508,77.04353,Nischal
2018-09-01 21:30:00,,,28.41508,77.04353,Nischal
2018-09-01 21:45:00,,,28.41508,77.04353,Nischal
2018-09-01 22:00:00,,,28.41508,77.04353,Nischal
2018-09-01 22:15:00,,,28.41508,77.04353,Nischal
2018-09-01 22:30:00,,,28.41508,77.04353,Nischal
2018-09-01 22:45:00,,,28.41508,77.04353,Nischal
2018-09-01 23:00:00,,,28.41508,77.04353,Nischal
2018-09-01 23:15:00,,,28.41508,77.04353,Nischal
2018-09-01 23:30:00,,,28.41508,77.04353,Nischal
2018-09-01 23:45:00,,,28.41508,77.04353,Nischal
2018-09-02 00:00:00,,,28.41508,77.04353,Nischal
2018-09-02 00:15:00,,,28.41508,77.04353,Nischal
2018-09-02 00:30:00,,,28.41508,77.04353,Nischal
2018-09-02 00:45:00,,,28.41508,77.04353,Nischal
2018-09-02 01:00:00,,,28.41508,77.04353,Nischal
2018-09-02 01:15:00,,,28.41508,77.04353,Nischal
2018-09-02 01:30:00,,,28.41508,77.04353,Nischal
2018-09-02 01:45:00,,,28.41508,77.04353,Nischal
2018-09-02 02:00:00,,,28.41508,77.04353,Nischal
2018-09-02 02:15:00,,,28.41508,77.04353,Nischal
2018-09-02 02:30:00,,,28.41508,77.04353,Nischal
2018-09-02 02:45:00,,,28.41508,77.04353,Nischal
2018-09-02 03:00:00,,,28.41508,77.04353,Nischal
2018-09-02 03:15:00,,,28.41508,77.04353,Nischal
2018-09-02 03:30:00,,,28.41508,77.04353,Nischal
2018-09-02 03:45:00,,,28.41508,77.04353,Nischal
2018-09-02 04:00:00,,,28.41508,77.04353,Nischal
2018-09-02 04:15:00,,,28.41508,77.04353,Nischal
2018-09-02 04:30:00,,,28.41508,77.04353,Nischal
2018-09-02 04:45:00,,,28.41508,77.04353,Nischal
2018-09-02 05:00:00,,,28.41508,77.04353,Nischal
2018-09-02 05:15:00,,,28.41508,77.04353,Nischal
2018-09-02 05:30:00,,,28.41508,77.04353,Nischal
2018-09-02 05:45:00,,,28.41508,77.04353,Nischal
2018-09-02 06:00:00,,,28.41508,77.04353,Nischal
2018-09-02 06:15:00,,,28.41508,77.04353,Nischal
2018-09-02 06:30:00,,,28.41508,77.04353,Nischal
2018-09-02 06:45:00,,,28.41508,77.04353,Nischal
2018-09-02 07:00:00,,,28.41508,77.04353,Nischal
2018-09-02 07:15:00,,,28.41508,77.04353,Nischal
2018-09-02 07:30:00,,,28.41508,77.04353,Nischal
2018-09-02 07:45:00,,,28.41508,77.04353,Nischal
2018-09-02 08:00:00,,,28.41508,77.04353,Nischal
2018-09-02 08:15:00,,,28.41508,77.04353,Nischal
2018-09-02 08:30:00,,,28.41508,77.04353,Nischal
2018-09-02 08:45:00,,,28.41508,77.04353,Nischal
2018-09-02 09:00:00,,,28.41508,77.04353,Nischal
2018-09-02 09:15:00,,,28.41508,77.04353,Nischal
2018-09-02 09:30:00,,,28.41508,77.04353,Nischal
2018-09-02 09:45:00,,,28.41508,77.04353,Nischal
2018-09-02 10:00:00,,,28.41508,77.04353,Nischal
2018-09-02 10:15:00,,,28.41508,77.04353,Nischal
2018-09-02 10:30:00,,,28.41508,77.04353,Nischal
2018-09-02 10:45:00,,,28.41508,77.04353,Nischal
2018-09-02 11:00:00,,,28.41508,77.04353,Nischal
2018-09-02 11:15:00,,,28.41508,77.04353,Nischal
2018-09-02 11:30:00,,,28.41508,77.04353,Nischal
2018-09-02 11:45:00,,,28.41508,77.04353,Nischal
2018-09-02 12:00:00,,,28.41508,77.04353,Nischal
2018-09-02 12:15:00,,,28.41508,77.04353,Nischal
2018-09-02 12:30:00,,,28.41508,77.04353,Nischal
2018-09-02 12:45:00,,,28.41508,77.04353,Nischal
2018-09-02 13:00:00,,,28.41508,77.04353,Nischal
2018-09-02 13:15:00,,,28.41508,77.04353,Nischal
2018-09-02 13:30:00,,,28.41508,77.04353,Nischal
2018-09-02 13:45:00,,,28.41508,77.04353,Nischal
2018-09-02 14:00:00,,,28.41508,77.04353,Nischal
2018-09-02 14:15:00,,,28.41508,77.04353,Nischal
2018-09-02 14:30:00,,,28.41508,77.04353,Nischal
2018-09-02 14:45:00,,,28.41508,77.04353,Nischal
2018-09-02 15:00:00,,,28.41508,77.04353,Nischal
2018-09-02 15:15:00,,,28.41508,77.04353,Nischal
2018-09-02 15:30:00,,,28.41508,77.04353,Nischal
2018-09-02 15:45:00,,,28.41508,77.04353,Nischal
2018-09-02 16:00:00,,,28.41508,77.04353,Nischal
2018-09-02 16:15:00,,,28.41508,77.04353,Nischal
2018-09-02 16:30:00,,,28.41508,77.04353,Nischal
2018-09-02 16:45:00,,,28.41508,77.04353,Nischal
2018-09-02 17:00:00,,,28.41508,77.04353,Nischal
2018-09-02 17:15:00,,,28.41508,77.04353,Nischal
2018-09-02 17:30:00,,,28.41508,77.04353,Nischal
2018-09-02 17:45:00,,,28.41508,77.04353,Nischal
2018-09-02 18:00:00,,,28.41508,77.04353,Nischal
2018-09-02 18:15:00,,,28.41508,77.04353,Nischal
2018-09-02 18:30:00,,,28.41508,77.04353,Nischal
2018-09-02 18:45:00,,,28.41508,77.04353,Nischal
2018-09-02 19:00:00,,,28.41508,77.04353,Nischal
2018-09-02 19:15:00,,,28.41508,77.04353,Nischal
2018-09-02 19:30:00,,,28.41508,77.04353,Nischal
2018-09-02 19:45:00,,,28.41508,77.04353,Nischal
2018-09-02 20:00:00,,,28.41508,77.04353,Nischal
2018-09-02 20:15:00,,,28.41508,77.04353,Nischal
2018-09-02 20:30:00,,,28.41508,77.04353,Nischal
2018-09-02 20:45:00,,,28.41508,77.04353,Nischal
2018-09-02 21:00:00,,,28.41508,77.04353,Nischal
2018-09-02 21:15:00,,,28.41508,77.04353,Nischal
2018-09-02 21:30:00,,,28.41508,77.04353,Nischal
2018-09-02 21:45:00,,,28.41508,77.04353,Nischal
2018-09-02 22:00:00,,,28.41508,77.04353,Nischal
2018-09-02 22:15:00,,,28.41508,77.04353,Nischal
2018-09-02 22:30:00,,,28.41508,77.04353,Nischal
2018-09-02 22:45:00,,,28.41508,77.04353,Nischal
2018-09-02 23:00:00,,,28.41508,77.04353,Nischal
2018-09-02 23:15:00,,,28.41508,77.04353,Nischal
2018-09-02 23:30:00,,,28.41508,77.04353,Nischal
2018-09-02 23:45:00,,,28.41508,77.04353,Nischal
2018-09-03 00:00:00,,,28.41508,77.04353,Nischal
2018-09-03 00:15:00,,,28.41508,77.04353,Nischal
2018-09-03 00:30:00,,,28.41508,77.04353,Nischal
2018-09-03 00:45:00,,,28.41508,77.04353,Nischal
2018-09-03 01:00:00,,,28.41508,77.04353,Nischal
2018-09-03 01:15:00,,,28.41508,77.04353,Nischal
2018-09-03 01:30:00,,,28.41508,77.04353,Nischal
2018-09-03 01:45:00,,,28.41508,77.04353,Nischal
2018-09-03 02:00:00,,,28.41508,77.04353,Nischal
2018-09-03 02:15:00,,,28.41508,77.04353,Nischal
2018-09-03 02:30:00,,,28.41508,77.04353,Nischal
2018-09-03 02:45:00,,,28.41508,77.04353,Nischal
2018-09-03 03:00:00,,,28.41508,77.04353,Nischal
2018-09-03 03:15:00,,,28.41508,77.04353,Nischal
2018-09-03 03:30:00,,,28.41508,77.04353,Nischal
2018-09-03 03:45:00,,,28.41508,77.04353,Nischal
2018-09-03 04:00:00,,,28.41508,77.04353,Nischal
2018-09-03 04:15:00,,,28.41508,77.04353,Nischal
2018-09-03 04:30:00,,,28.41508,77.04353,Nischal
2018-09-03 04:45:00,,,28.41508,77.04353,Nischal
2018-09-03 05:00:00,,,28.41508,77.04353,Nischal
2018-09-03 05:15:00,,,28.41508,77.04353,Nischal
2018-09-03 05:30:00,,,28.41508,77.04353,Nischal
2018-09-03 05:45:00,,,28.41508,77.04353,Nischal
2018-09-03 06:00:00,,,28.41508,77.04353,Nischal
2018-09-03 06:15:00,,,28.41508,77.04353,Nischal
2018-09-03 06:30:00,,,28.41508,77.04353,Nischal
2018-09-03 06:45:00,,,28.41508,77.04353,Nischal
2018-09-03 07:00:00,,,28.41508,77.04353,Nischal
2018-09-03 07:15:00,,,28.41508,77.04353,Nischal
2018-09-03 07:30:00,,,28.41508,77.04353,Nischal
2018-09-03 07:45:00,,,28.41508,77.04353,Nischal
2018-09-03 08:00:00,,,28.41508,77.04353,Nischal
2018-09-03 08:15:00,,,28.41508,77.04353,Nischal
2018-09-03 08:30:00,,,28.41508,77.04353,Nischal
2018-09-03 08:45:00,,,28.41508,77.04353,Nischal
2018-09-03 09:00:00,,,28.41508,77.04353,Nischal
2018-09-03 09:15:00,,,28.41508,77.04353,Nischal
2018-09-03 09:30:00,,,28.41508,77.04353,Nischal
2018-09-03 09:45:00,,,28.41508,77.04353,Nischal
2018-09-03 10:00:00,,,28.41508,77.04353,Nischal
2018-09-03 10:15:00,,,28.41508,77.04353,Nischal
2018-09-03 10:30:00,,,28.41508,77.04353,Nischal
2018-09-03 10:45:00,,,28.41508,77.04353,Nischal
2018-09-03 11:00:00,,,28.41508,77.04353,Nischal
2018-09-03 11:15:00,,,28.41508,77.04353,Nischal
2018-09-03 11:30:00,,,28.41508,77.04353,Nischal
2018-09-03 11:45:00,,,28.41508,77.04353,Nischal
2018-09-03 12:00:00,,,28.41508,77.04353,Nischal
2018-09-03 12:15:00,,,28.41508,77.04353,Nischal
2018-09-03 12:30:00,,,28.41508,77.04353,Nischal
2018-09-03 12:45:00,,,28.41508,77.04353,Nischal
2018-09-03 13:00:00,,,28.41508,77.04353,Nischal
2018-09-03 13:15:00,,,28.41508,77.04353,Nischal
2018-09-03 13:30:00,,,28.41508,77.04353,Nischal
2018-09-03 13:45:00,,,28.41508,77.04353,Nischal
2018-09-03 14:00:00,,,28.41508,77.04353,Nischal
2018-09-03 14:15:00,,,28.41508,77.04353,Nischal
2018-09-03 14:30:00,,,28.41508,77.04353,Nischal
2018-09-03 14:45:00,,,28.41508,77.04353,Nischal
2018-09-03 15:00:00,,,28.41508,77.04353,Nischal
2018-09-03 15:15:00,,,28.41508,77.04353,Nischal
2018-09-03 15:30:00,,,28.41508,77.04353,Nischal
2018-09-03 15:45:00,,,28.41508,77.04353,Nischal
2018-09-03 16:00:00,,,28.41508,77.04353,Nischal
2018-09-03 16:15:00,,,28.41508,77.04353,Nischal
2018-09-03 16:30:00,,,28.41508,77.04353,Nischal
2018-09-03 16:45:00,,,28.41508,77.04353,Nischal
2018-09-03 17:00:00,,,28.41508,77.04353,Nischal
2018-09-03 17:15:00,,,28.41508,77.04353,Nischal
2018-09-03 17:30:00,,,28.41508,77.04353,Nischal
2018-09-03 17:45:00,,,28.41508,77.04353,Nischal
2018-09-03 18:00:00,,,28.41508,77.04353,Nischal
2018-09-03 18:15:00,,,28.41508,77.04353,Nischal
2018-09-03 18:30:00,,,28.41508,77.04353,Nischal
2018-09-03 18:45:00,,,28.41508,77.04353,Nischal
2018-09-03 19:00:00,,,28.41508,77.04353,Nischal
2018-09-03 19:15:00,,,28.41508,77.04353,Nischal
2018-09-03 19:30:00,,,28.41508,77.04353,Nischal
2018-09-03 19:45:00,,,28.41508,77.04353,Nischal
2018-09-03 20:00:00,,,28.41508,77.04353,Nischal
2018-09-03 20:15:00,,,28.41508,77.04353,Nischal
2018-09-03 20:30:00,,,28.41508,77.04353,Nischal
2018-09-03 20:45:00,,,28.41508,77.04353,Nischal
2018-09-03 21:00:00,,,28.41508,77.04353,Nischal
2018-09-03 21:15:00,,,28.41508,77.04353,Nischal
2018-09-03 21:30:00,,,28.41508,77.04353,Nischal
2018-09-03 21:45:00,,,28.41508,77.04353,Nischal
2018-09-03 22:00:00,,,28.41508,77.04353,Nischal
2018-09-03 22:15:00,,,28.41508,77.04353,Nischal
2018-09-03 22:30:00,,,28.41508,77.04353,Nischal
2018-09-03 22:45:00,,,28.41508,77.04353,Nischal
2018-09-03 23:00:00,,,28.41508,77.04353,Nischal
2018-09-03 23:15:00,,,28.41508,77.04353,Nischal
2018-09-03 23:30:00,,,28.41508,77.04353,Nischal
2018-09-03 23:45:00,,,28.41508,77.04353,Nischal
2018-09-04 00:00:00,,,28.41508,77.04353,Nischal
2018-09-04 00:15:00,,,28.41508,77.04353,Nischal
2018-09-04 00:30:00,,,28.41508,77.04353,Nischal
2018-09-04 00:45:00,,,28.41508,77.04353,Nischal
2018-09-04 01:00:00,,,28.41508,77.04353,Nischal
2018-09-04 01:15:00,,,28.41508,77.04353,Nischal
2018-09-04 01:30:00,,,28.41508,77.04353,Nischal
2018-09-04 01:45:00,,,28.41508,77.04353,Nischal
2018-09-04 02:00:00,,,28.41508,77.04353,Nischal
2018-09-04 02:15:00,,,28.41508,77.04353,Nischal
2018-09-04 02:30:00,,,28.41508,77.04353,Nischal
2018-09-04 02:45:00,,,28.41508,77.04353,Nischal
2018-09-04 03:00:00,,,28.41508,77.04353,Nischal
2018-09-04 03:15:00,,,28.41508,77.04353,Nischal
2018-09-04 03:30:00,,,28.41508,77.04353,Nischal
2018-09-04 03:45:00,,,28.41508,77.04353,Nischal
2018-09-04 04:00:00,,,28.41508,77.04353,Nischal
2018-09-04 04:15:00,,,28.41508,77.04353,Nischal
2018-09-04 04:30:00,,,28.41508,77.04353,Nischal
2018-09-04 04:45:00,,,28.41508,77.04353,Nischal
2018-09-04 05:00:00,,,28.41508,77.04353,Nischal
2018-09-04 05:15:00,,,28.41508,77.04353,Nischal
2018-09-04 05:30:00,,,28.41508,77.04353,Nischal
2018-09-04 05:45:00,,,28.41508,77.04353,Nischal
2018-09-04 06:00:00,,,28.41508,77.04353,Nischal
2018-09-04 06:15:00,,,28.41508,77.04353,Nischal
2018-09-04 06:30:00,,,28.41508,77.04353,Nischal
2018-09-04 06:45:00,,,28.41508,77.04353,Nischal
2018-09-04 07:00:00,,,28.41508,77.04353,Nischal
2018-09-04 07:15:00,,,28.41508,77.04353,Nischal
2018-09-04 07:30:00,,,28.41508,77.04353,Nischal
2018-09-04 07:45:00,,,28.41508,77.04353,Nischal
2018-09-04 08:00:00,,,28.41508,77.04353,Nischal
2018-09-04 08:15:00,,,28.41508,77.04353,Nischal
2018-09-04 08:30:00,,,28.41508,77.04353,Nischal
2018-09-04 08:45:00,,,28.41508,77.04353,Nischal
2018-09-04 09:00:00,,,28.41508,77.04353,Nischal
2018-09-04 09:15:00,,,28.41508,77.04353,Nischal
2018-09-04 09:30:00,,,28.41508,77.04353,Nischal
2018-09-04 09:45:00,,,28.41508,77.04353,Nischal
2018-09-04 10:00:00,,,28.41508,77.04353,Nischal
2018-09-04 10:15:00,,,28.41508,77.04353,Nischal
2018-09-04 10:30:00,,,28.41508,77.04353,Nischal
2018-09-04 10:45:00,,,28.41508,77.04353,Nischal
2018-09-04 11:00:00,,,28.41508,77.04353,Nischal
2018-09-04 11:15:00,,,28.41508,77.04353,Nischal
2018-09-04 11:30:00,,,28.41508,77.04353,Nischal
2018-09-04 11:45:00,,,28.41508,77.04353,Nischal
2018-09-04 12:00:00,,,28.41508,77.04353,Nischal
2018-09-04 12:15:00,,,28.41508,77.04353,Nischal
2018-09-04 12:30:00,,,28.41508,77.04353,Nischal
2018-09-04 12:45:00,,,28.41508,77.04353,Nischal
2018-09-04 13:00:00,,,28.41508,77.04353,Nischal
2018-09-04 13:15:00,,,28.41508,77.04353,Nischal
2018-09-04 13:30:00,,,28.41508,77.04353,Nischal
2018-09-04 13:45:00,,,28.41508,77.04353,Nischal
2018-09-04 14:00:00,,,28.41508,77.04353,Nischal
2018-09-04 14:15:00,,,28.41508,77.04353,Nischal
2018-09-04 14:30:00,,,28.41508,77.04353,Nischal
2018-09-04 14:45:00,,,28.41508,77.04353,Nischal
2018-09-04 15:00:00,,,28.41508,77.04353,Nischal
2018-09-04 15:15:00,,,28.41508,77.04353,Nischal
2018-09-04 15:30:00,,,28.41508,77.04353,Nischal
2018-09-04 15:45:00,,,28.41508,77.04353,Nischal
2018-09-04 16:00:00,,,28.41508,77.04353,Nischal
2018-09-04 16:15:00,,,28.41508,77.04353,Nischal
2018-09-04 16:30:00,,,28.41508,77.04353,Nischal
2018-09-04 16:45:00,,,28.41508,77.04353,Nischal
2018-09-04 17:00:00,,,28.41508,77.04353,Nischal
2018-09-04 17:15:00,,,28.41508,77.04353,Nischal
2018-09-04 17:30:00,,,28.41508,77.04353,Nischal
2018-09-04 17:45:00,,,28.41508,77.04353,Nischal
2018-09-04 18:00:00,,,28.41508,77.04353,Nischal
2018-09-04 18:15:00,,,28.41508,77.04353,Nischal
2018-09-04 18:30:00,,,28.41508,77.04353,Nischal
2018-09-04 18:45:00,,,28.41508,77.04353,Nischal
2018-09-04 19:00:00,,,28.41508,77.04353,Nischal
2018-09-04 19:15:00,,,28.41508,77.04353,Nischal
2018-09-04 19:30:00,,,28.41508,77.04353,Nischal
2018-09-04 19:45:00,,,28.41508,77.04353,Nischal
2018-09-04 20:00:00,,,28.41508,77.04353,Nischal
2018-09-04 20:15:00,,,28.41508,77.04353,Nischal
2018-09-04 20:30:00,,,28.41508,77.04353,Nischal
2018-09-04 20:45:00,,,28.41508,77.04353,Nischal
2018-09-04 21:00:00,,,28.41508,77.04353,Nischal
2018-09-04 21:15:00,,,28.41508,77.04353,Nischal
2018-09-04 21:30:00,,,28.41508,77.04353,Nischal
2018-09-04 21:45:00,,,28.41508,77.04353,Nischal
2018-09-04 22:00:00,,,28.41508,77.04353,Nischal
2018-09-04 22:15:00,,,28.41508,77.04353,Nischal
2018-09-04 22:30:00,,,28.41508,77.04353,Nischal
2018-09-04 22:45:00,,,28.41508,77.04353,Nischal
2018-09-04 23:00:00,,,28.41508,77.04353,Nischal
2018-09-04 23:15:00,,,28.41508,77.04353,Nischal
2018-09-04 23:30:00,,,28.41508,77.04353,Nischal
2018-09-04 23:45:00,,,28.41508,77.04353,Nischal
2018-09-05 00:00:00,,,28.41508,77.04353,Nischal
2018-09-05 00:15:00,,,28.41508,77.04353,Nischal
2018-09-05 00:30:00,,,28.41508,77.04353,Nischal
2018-09-05 00:45:00,,,28.41508,77.04353,Nischal
2018-09-05 01:00:00,,,28.41508,77.04353,Nischal
2018-09-05 01:15:00,,,28.41508,77.04353,Nischal
2018-09-05 01:30:00,,,28.41508,77.04353,Nischal
2018-09-05 01:45:00,,,28.41508,77.04353,Nischal
2018-09-05 02:00:00,,,28.41508,77.04353,Nischal
2018-09-05 02:15:00,,,28.41508,77.04353,Nischal
2018-09-05 02:30:00,,,28.41508,77.04353,Nischal
2018-09-05 02:45:00,,,28.41508,77.04353,Nischal
2018-09-05 03:00:00,,,28.41508,77.04353,Nischal
2018-09-05 03:15:00,,,28.41508,77.04353,Nischal
2018-09-05 03:30:00,,,28.41508,77.04353,Nischal
2018-09-05 03:45:00,,,28.41508,77.04353,Nischal
2018-09-05 04:00:00,,,28.41508,77.04353,Nischal
2018-09-05 04:15:00,,,28.41508,77.04353,Nischal
2018-09-05 04:30:00,,,28.41508,77.04353,Nischal
2018-09-05 04:45:00,,,28.41508,77.04353,Nischal
2018-09-05 05:00:00,,,28.41508,77.04353,Nischal
2018-09-05 05:15:00,,,28.41508,77.04353,Nischal
2018-09-05 05:30:00,,,28.41508,77.04353,Nischal
2018-09-05 05:45:00,,,28.41508,77.04353,Nischal
2018-09-05 06:00:00,,,28.41508,77.04353,Nischal
2018-09-05 06:15:00,,,28.41508,77.04353,Nischal
2018-09-05 06:30:00,,,28.41508,77.04353,Nischal
2018-09-05 06:45:00,,,28.41508,77.04353,Nischal
2018-09-05 07:00:00,,,28.41508,77.04353,Nischal
2018-09-05 07:15:00,,,28.41508,77.04353,Nischal
2018-09-05 07:30:00,,,28.41508,77.04353,Nischal
2018-09-05 07:45:00,,,28.41508,77.04353,Nischal
2018-09-05 08:00:00,,,28.41508,77.04353,Nischal
2018-09-05 08:15:00,,,28.41508,77.04353,Nischal
2018-09-05 08:30:00,,,28.41508,77.04353,Nischal
2018-09-05 08:45:00,,,28.41508,77.04353,Nischal
2018-09-05 09:00:00,,,28.41508,77.04353,Nischal
2018-09-05 09:15:00,,,28.41508,77.04353,Nischal
2018-09-05 09:30:00,,,28.41508,77.04353,Nischal
2018-09-05 09:45:00,,,28.41508,77.04353,Nischal
2018-09-05 10:00:00,,,28.41508,77.04353,Nischal
2018-09-05 10:15:00,,,28.41508,77.04353,Nischal
2018-09-05 10:30:00,,,28.41508,77.04353,Nischal
2018-09-05 10:45:00,,,28.41508,77.04353,Nischal
2018-09-05 11:00:00,,,28.41508,77.04353,Nischal
2018-09-05 11:15:00,,,28.41508,77.04353,Nischal
2018-09-05 11:30:00,,,28.41508,77.04353,Nischal
2018-09-05 11:45:00,,,28.41508,77.04353,Nischal
2018-09-05 12:00:00,,,28.41508,77.04353,Nischal
2018-09-05 12:15:00,,,28.41508,77.04353,Nischal
2018-09-05 12:30:00,,,28.41508,77.04353,Nischal
2018-09-05 12:45:00,,,28.41508,77.04353,Nischal
2018-09-05 13:00:00,,,28.41508,77.04353,Nischal
2018-09-05 13:15:00,,,28.41508,77.04353,Nischal
2018-09-05 13:30:00,,,28.41508,77.04353,Nischal
2018-09-05 13:45:00,,,28.41508,77.04353,Nischal
2018-09-05 14:00:00,,,28.41508,77.04353,Nischal
2018-09-05 14:15:00,,,28.41508,77.04353,Nischal
2018-09-05 14:30:00,,,28.41508,77.04353,Nischal
2018-09-05 14:45:00,,,28.41508,77.04353,Nischal
2018-09-05 15:00:00,,,28.41508,77.04353,Nischal
2018-09-05 15:15:00,,,28.41508,77.04353,Nischal
2018-09-05 15:30:00,,,28.41508,77.04353,Nischal
2018-09-05 15:45:00,,,28.41508,77.04353,Nischal
2018-09-05 16:00:00,,,28.41508,77.04353,Nischal
2018-09-05 16:15:00,,,28.41508,77.04353,Nischal
2018-09-05 16:30:00,,,28.41508,77.04353,Nischal
2018-09-05 16:45:00,,,28.41508,77.04353,Nischal
2018-09-05 17:00:00,,,28.41508,77.04353,Nischal
2018-09-05 17:15:00,,,28.41508,77.04353,Nischal
2018-09-05 17:30:00,,,28.41508,77.04353,Nischal
2018-09-05 17:45:00,,,28.41508,77.04353,Nischal
2018-09-05 18:00:00,,,28.41508,77.04353,Nischal
2018-09-05 18:15:00,,,28.41508,77.04353,Nischal
2018-09-05 18:30:00,,,28.41508,77.04353,Nischal
2018-09-05 18:45:00,,,28.41508,77.04353,Nischal
2018-09-05 19:00:00,,,28.41508,77.04353,Nischal
2018-09-05 19:15:00,,,28.41508,77.04353,Nischal
2018-09-05 19:30:00,,,28.41508,77.04353,Nischal
2018-09-05 19:45:00,,,28.41508,77.04353,Nischal
2018-09-05 20:00:00,,,28.41508,77.04353,Nischal
2018-09-05 20:15:00,,,28.41508,77.04353,Nischal
2018-09-05 20:30:00,,,28.41508,77.04353,Nischal
2018-09-05 20:45:00,,,28.41508,77.04353,Nischal
2018-09-05 21:00:00,,,28.41508,77.04353,Nischal
2018-09-05 21:15:00,,,28.41508,77.04353,Nischal
2018-09-05 21:30:00,,,28.41508,77.04353,Nischal
2018-09-05 21:45:00,,,28.41508,77.04353,Nischal
2018-09-05 22:00:00,,,28.41508,77.04353,Nischal
2018-09-05 22:15:00,,,28.41508,77.04353,Nischal
2018-09-05 22:30:00,,,28.41508,77.04353,Nischal
2018-09-05 22:45:00,,,28.41508,77.04353,Nischal
2018-09-05 23:00:00,,,28.41508,77.04353,Nischal
2018-09-05 23:15:00,,,28.41508,77.04353,Nischal
2018-09-05 23:30:00,,,28.41508,77.04353,Nischal
2018-09-05 23:45:00,,,28.41508,77.04353,Nischal
2018-09-06 00:00:00,,,28.41508,77.04353,Nischal
2018-09-06 00:15:00,,,28.41508,77.04353,Nischal
2018-09-06 00:30:00,,,28.41508,77.04353,Nischal
2018-09-06 00:45:00,,,28.41508,77.04353,Nischal
2018-09-06 01:00:00,,,28.41508,77.04353,Nischal
2018-09-06 01:15:00,,,28.41508,77.04353,Nischal
2018-09-06 01:30:00,,,28.41508,77.04353,Nischal
2018-09-06 01:45:00,,,28.41508,77.04353,Nischal
2018-09-06 02:00:00,,,28.41508,77.04353,Nischal
2018-09-06 02:15:00,,,28.41508,77.04353,Nischal
2018-09-06 02:30:00,,,28.41508,77.04353,Nischal
2018-09-06 02:45:00,,,28.41508,77.04353,Nischal
2018-09-06 03:00:00,,,28.41508,77.04353,Nischal
2018-09-06 03:15:00,,,28.41508,77.04353,Nischal
2018-09-06 03:30:00,,,28.41508,77.04353,Nischal
2018-09-06 03:45:00,,,28.41508,77.04353,Nischal
2018-09-06 04:00:00,,,28.41508,77.04353,Nischal
2018-09-06 04:15:00,,,28.41508,77.04353,Nischal
2018-09-06 04:30:00,,,28.41508,77.04353,Nischal
2018-09-06 04:45:00,,,28.41508,77.04353,Nischal
2018-09-06 05:00:00,,,28.41508,77.04353,Nischal
2018-09-06 05:15:00,,,28.41508,77.04353,Nischal
2018-09-06 05:30:00,,,28.41508,77.04353,Nischal
2018-09-06 05:45:00,,,28.41508,77.04353,Nischal
2018-09-06 06:00:00,,,28.41508,77.04353,Nischal
2018-09-06 06:15:00,,,28.41508,77.04353,Nischal
2018-09-06 06:30:00,,,28.41508,77.04353,Nischal
2018-09-06 06:45:00,,,28.41508,77.04353,Nischal
2018-09-06 07:00:00,,,28.41508,77.04353,Nischal
2018-09-06 07:15:00,,,28.41508,77.04353,Nischal
2018-09-06 07:30:00,,,28.41508,77.04353,Nischal
2018-09-06 07:45:00,,,28.41508,77.04353,Nischal
2018-09-06 08:00:00,,,28.41508,77.04353,Nischal
2018-09-06 08:15:00,,,28.41508,77.04353,Nischal
2018-09-06 08:30:00,,,28.41508,77.04353,Nischal
2018-09-06 08:45:00,,,28.41508,77.04353,Nischal
2018-09-06 09:00:00,,,28.41508,77.04353,Nischal
2018-09-06 09:15:00,,,28.41508,77.04353,Nischal
2018-09-06 09:30:00,,,28.41508,77.04353,Nischal
2018-09-06 09:45:00,,,28.41508,77.04353,Nischal
2018-09-06 10:00:00,,,28.41508,77.04353,Nischal
2018-09-06 10:15:00,,,28.41508,77.04353,Nischal
2018-09-06 10:30:00,,,28.41508,77.04353,Nischal
2018-09-06 10:45:00,,,28.41508,77.04353,Nischal
2018-09-06 11:00:00,,,28.41508,77.04353,Nischal
2018-09-06 11:15:00,,,28.41508,77.04353,Nischal
2018-09-06 11:30:00,,,28.41508,77.04353,Nischal
2018-09-06 11:45:00,,,28.41508,77.04353,Nischal
2018-09-06 12:00:00,,,28.41508,77.04353,Nischal
2018-09-06 12:15:00,,,28.41508,77.04353,Nischal
2018-09-06 12:30:00,,,28.41508,77.04353,Nischal
2018-09-06 12:45:00,,,28.41508,77.04353,Nischal
2018-09-06 13:00:00,,,28.41508,77.04353,Nischal
2018-09-06 13:15:00,,,28.41508,77.04353,Nischal
2018-09-06 13:30:00,,,28.41508,77.04353,Nischal
2018-09-06 13:45:00,,,28.41508,77.04353,Nischal
2018-09-06 14:00:00,,,28.41508,77.04353,Nischal
2018-09-06 14:15:00,,,28.41508,77.04353,Nischal
2018-09-06 14:30:00,,,28.41508,77.04353,Nischal
2018-09-06 14:45:00,,,28.41508,77.04353,Nischal
2018-09-06 15:00:00,,,28.41508,77.04353,Nischal
2018-09-06 15:15:00,,,28.41508,77.04353,Nischal
2018-09-06 15:30:00,,,28.41508,77.04353,Nischal
2018-09-06 15:45:00,,,28.41508,77.04353,Nischal
2018-09-06 16:00:00,,,28.41508,77.04353,Nischal
2018-09-06 16:15:00,,,28.41508,77.04353,Nischal
2018-09-06 16:30:00,,,28.41508,77.04353,Nischal
2018-09-06 16:45:00,,,28.41508,77.04353,Nischal
2018-09-06 17:00:00,,,28.41508,77.04353,Nischal
2018-09-06 17:15:00,,,28.41508,77.04353,Nischal
2018-09-06 17:30:00,,,28.41508,77.04353,Nischal
2018-09-06 17:45:00,,,28.41508,77.04353,Nischal
2018-09-06 18:00:00,,,28.41508,77.04353,Nischal
2018-09-06 18:15:00,,,28.41508,77.04353,Nischal
2018-09-06 18:30:00,,,28.41508,77.04353,Nischal
2018-09-06 18:45:00,,,28.41508,77.04353,Nischal
2018-09-06 19:00:00,,,28.41508,77.04353,Nischal
2018-09-06 19:15:00,,,28.41508,77.04353,Nischal
2018-09-06 19:30:00,,,28.41508,77.04353,Nischal
2018-09-06 19:45:00,,,28.41508,77.04353,Nischal
2018-09-06 20:00:00,,,28.41508,77.04353,Nischal
2018-09-06 20:15:00,,,28.41508,77.04353,Nischal
2018-09-06 20:30:00,,,28.41508,77.04353,Nischal
2018-09-06 20:45:00,,,28.41508,77.04353,Nischal
2018-09-06 21:00:00,,,28.41508,77.04353,Nischal
2018-09-06 21:15:00,,,28.41508,77.04353,Nischal
2018-09-06 21:30:00,,,28.41508,77.04353,Nischal
2018-09-06 21:45:00,,,28.41508,77.04353,Nischal
2018-09-06 22:00:00,,,28.41508,77.04353,Nischal
2018-09-06 22:15:00,,,28.41508,77.04353,Nischal
2018-09-06 22:30:00,,,28.41508,77.04353,Nischal
2018-09-06 22:45:00,,,28.41508,77.04353,Nischal
2018-09-06 23:00:00,,,28.41508,77.04353,Nischal
2018-09-06 23:15:00,,,28.41508,77.04353,Nischal
2018-09-06 23:30:00,,,28.41508,77.04353,Nischal
2018-09-06 23:45:00,,,28.41508,77.04353,Nischal
2018-09-07 00:00:00,,,28.41508,77.04353,Nischal
2018-09-07 00:15:00,,,28.41508,77.04353,Nischal
2018-09-07 00:30:00,,,28.41508,77.04353,Nischal
2018-09-07 00:45:00,,,28.41508,77.04353,Nischal
2018-09-07 01:00:00,,,28.41508,77.04353,Nischal
2018-09-07 01:15:00,,,28.41508,77.04353,Nischal
2018-09-07 01:30:00,,,28.41508,77.04353,Nischal
2018-09-07 01:45:00,,,28.41508,77.04353,Nischal
2018-09-07 02:00:00,,,28.41508,77.04353,Nischal
2018-09-07 02:15:00,,,28.41508,77.04353,Nischal
2018-09-07 02:30:00,,,28.41508,77.04353,Nischal
2018-09-07 02:45:00,,,28.41508,77.04353,Nischal
2018-09-07 03:00:00,,,28.41508,77.04353,Nischal
2018-09-07 03:15:00,,,28.41508,77.04353,Nischal
2018-09-07 03:30:00,,,28.41508,77.04353,Nischal
2018-09-07 03:45:00,,,28.41508,77.04353,Nischal
2018-09-07 04:00:00,,,28.41508,77.04353,Nischal
2018-09-07 04:15:00,,,28.41508,77.04353,Nischal
2018-09-07 04:30:00,,,28.41508,77.04353,Nischal
2018-09-07 04:45:00,,,28.41508,77.04353,Nischal
2018-09-07 05:00:00,,,28.41508,77.04353,Nischal
2018-09-07 05:15:00,,,28.41508,77.04353,Nischal
2018-09-07 05:30:00,,,28.41508,77.04353,Nischal
2018-09-07 05:45:00,,,28.41508,77.04353,Nischal
2018-09-07 06:00:00,,,28.41508,77.04353,Nischal
2018-09-07 06:15:00,,,28.41508,77.04353,Nischal
2018-09-07 06:30:00,,,28.41508,77.04353,Nischal
2018-09-07 06:45:00,,,28.41508,77.04353,Nischal
2018-09-07 07:00:00,,,28.41508,77.04353,Nischal
2018-09-07 07:15:00,,,28.41508,77.04353,Nischal
2018-09-07 07:30:00,,,28.41508,77.04353,Nischal
2018-09-07 07:45:00,,,28.41508,77.04353,Nischal
2018-09-07 08:00:00,,,28.41508,77.04353,Nischal
2018-09-07 08:15:00,,,28.41508,77.04353,Nischal
2018-09-07 08:30:00,,,28.41508,77.04353,Nischal
2018-09-07 08:45:00,,,28.41508,77.04353,Nischal
2018-09-07 09:00:00,,,28.41508,77.04353,Nischal
2018-09-07 09:15:00,,,28.41508,77.04353,Nischal
2018-09-07 09:30:00,,,28.41508,77.04353,Nischal
2018-09-07 09:45:00,,,28.41508,77.04353,Nischal
2018-09-07 10:00:00,,,28.41508,77.04353,Nischal
2018-09-07 10:15:00,,,28.41508,77.04353,Nischal
2018-09-07 10:30:00,,,28.41508,77.04353,Nischal
2018-09-07 10:45:00,,,28.41508,77.04353,Nischal
2018-09-07 11:00:00,,,28.41508,77.04353,Nischal
2018-09-07 11:15:00,,,28.41508,77.04353,Nischal
2018-09-07 11:30:00,,,28.41508,77.04353,Nischal
2018-09-07 11:45:00,,,28.41508,77.04353,Nischal
2018-09-07 12:00:00,,,28.41508,77.04353,Nischal
2018-09-07 12:15:00,,,28.41508,77.04353,Nischal
2018-09-07 12:30:00,,,28.41508,77.04353,Nischal
2018-09-07 12:45:00,,,28.41508,77.04353,Nischal
2018-09-07 13:00:00,,,28.41508,77.04353,Nischal
2018-09-07 13:15:00,,,28.41508,77.04353,Nischal
2018-09-07 13:30:00,,,28.41508,77.04353,Nischal
2018-09-07 13:45:00,,,28.41508,77.04353,Nischal
2018-09-07 14:00:00,,,28.41508,77.04353,Nischal
2018-09-07 14:15:00,,,28.41508,77.04353,Nischal
2018-09-07 14:30:00,,,28.41508,77.04353,Nischal
2018-09-07 14:45:00,,,28.41508,77.04353,Nischal
2018-09-07 15:00:00,,,28.41508,77.04353,Nischal
2018-09-07 15:15:00,,,28.41508,77.04353,Nischal
2018-09-07 15:30:00,,,28.41508,77.04353,Nischal
2018-09-07 15:45:00,,,28.41508,77.04353,Nischal
2018-09-07 16:00:00,,,28.41508,77.04353,Nischal
2018-09-07 16:15:00,,,28.41508,77.04353,Nischal
2018-09-07 16:30:00,,,28.41508,77.04353,Nischal
2018-09-07 16:45:00,,,28.41508,77.04353,Nischal
2018-09-07 17:00:00,,,28.41508,77.04353,Nischal
2018-09-07 17:15:00,,,28.41508,77.04353,Nischal
2018-09-07 17:30:00,,,28.41508,77.04353,Nischal
2018-09-07 17:45:00,,,28.41508,77.04353,Nischal
2018-09-07 18:00:00,,,28.41508,77.04353,Nischal
2018-09-07 18:15:00,,,28.41508,77.04353,Nischal
2018-09-07 18:30:00,,,28.41508,77.04353,Nischal
2018-09-07 18:45:00,,,28.41508,77.04353,Nischal
2018-09-07 19:00:00,,,28.41508,77.04353,Nischal
2018-09-07 19:15:00,,,28.41508,77.04353,Nischal
2018-09-07 19:30:00,,,28.41508,77.04353,Nischal
2018-09-07 19:45:00,,,28.41508,77.04353,Nischal
2018-09-07 20:00:00,,,28.41508,77.04353,Nischal
2018-09-07 20:15:00,,,28.41508,77.04353,Nischal
2018-09-07 20:30:00,,,28.41508,77.04353,Nischal
2018-09-07 20:45:00,,,28.41508,77.04353,Nischal
2018-09-07 21:00:00,,,28.41508,77.04353,Nischal
2018-09-07 21:15:00,,,28.41508,77.04353,Nischal
2018-09-07 21:30:00,,,28.41508,77.04353,Nischal
2018-09-07 21:45:00,,,28.41508,77.04353,Nischal
2018-09-07 22:00:00,,,28.41508,77.04353,Nischal
2018-09-07 22:15:00,,,28.41508,77.04353,Nischal
2018-09-07 22:30:00,,,28.41508,77.04353,Nischal
2018-09-07 22:45:00,,,28.41508,77.04353,Nischal
2018-09-07 23:00:00,,,28.41508,77.04353,Nischal
2018-09-07 23:15:00,,,28.41508,77.04353,Nischal
2018-09-07 23:30:00,,,28.41508,77.04353,Nischal
2018-09-07 23:45:00,,,28.41508,77.04353,Nischal
2018-09-08 00:00:00,,,28.41508,77.04353,Nischal
2018-09-08 00:15:00,,,28.41508,77.04353,Nischal
2018-09-08 00:30:00,,,28.41508,77.04353,Nischal
2018-09-08 00:45:00,,,28.41508,77.04353,Nischal
2018-09-08 01:00:00,,,28.41508,77.04353,Nischal
2018-09-08 01:15:00,,,28.41508,77.04353,Nischal
2018-09-08 01:30:00,,,28.41508,77.04353,Nischal
2018-09-08 01:45:00,,,28.41508,77.04353,Nischal
2018-09-08 02:00:00,,,28.41508,77.04353,Nischal
2018-09-08 02:15:00,,,28.41508,77.04353,Nischal
2018-09-08 02:30:00,,,28.41508,77.04353,Nischal
2018-09-08 02:45:00,,,28.41508,77.04353,Nischal
2018-09-08 03:00:00,,,28.41508,77.04353,Nischal
2018-09-08 03:15:00,,,28.41508,77.04353,Nischal
2018-09-08 03:30:00,,,28.41508,77.04353,Nischal
2018-09-08 03:45:00,,,28.41508,77.04353,Nischal
2018-09-08 04:00:00,,,28.41508,77.04353,Nischal
2018-09-08 04:15:00,,,28.41508,77.04353,Nischal
2018-09-08 04:30:00,,,28.41508,77.04353,Nischal
2018-09-08 04:45:00,,,28.41508,77.04353,Nischal
2018-09-08 05:00:00,,,28.41508,77.04353,Nischal
2018-09-08 05:15:00,,,28.41508,77.04353,Nischal
2018-09-08 05:30:00,,,28.41508,77.04353,Nischal
2018-09-08 05:45:00,,,28.41508,77.04353,Nischal
2018-09-08 06:00:00,,,28.41508,77.04353,Nischal
2018-09-08 06:15:00,,,28.41508,77.04353,Nischal
2018-09-08 06:30:00,,,28.41508,77.04353,Nischal
2018-09-08 06:45:00,,,28.41508,77.04353,Nischal
2018-09-08 07:00:00,,,28.41508,77.04353,Nischal
2018-09-08 07:15:00,,,28.41508,77.04353,Nischal
2018-09-08 07:30:00,,,28.41508,77.04353,Nischal
2018-09-08 07:45:00,,,28.41508,77.04353,Nischal
2018-09-08 08:00:00,,,28.41508,77.04353,Nischal
2018-09-08 08:15:00,,,28.41508,77.04353,Nischal
2018-09-08 08:30:00,,,28.41508,77.04353,Nischal
2018-09-08 08:45:00,,,28.41508,77.04353,Nischal
2018-09-08 09:00:00,,,28.41508,77.04353,Nischal
2018-09-08 09:15:00,,,28.41508,77.04353,Nischal
2018-09-08 09:30:00,,,28.41508,77.04353,Nischal
2018-09-08 09:45:00,,,28.41508,77.04353,Nischal
2018-09-08 10:00:00,,,28.41508,77.04353,Nischal
2018-09-08 10:15:00,,,28.41508,77.04353,Nischal
2018-09-08 10:30:00,,,28.41508,77.04353,Nischal
2018-09-08 10:45:00,,,28.41508,77.04353,Nischal
2018-09-08 11:00:00,,,28.41508,77.04353,Nischal
2018-09-08 11:15:00,,,28.41508,77.04353,Nischal
2018-09-08 11:30:00,,,28.41508,77.04353,Nischal
2018-09-08 11:45:00,,,28.41508,77.04353,Nischal
2018-09-08 12:00:00,,,28.41508,77.04353,Nischal
2018-09-08 12:15:00,,,28.41508,77.04353,Nischal
2018-09-08 12:30:00,,,28.41508,77.04353,Nischal
2018-09-08 12:45:00,,,28.41508,77.04353,Nischal
2018-09-08 13:00:00,,,28.41508,77.04353,Nischal
2018-09-08 13:15:00,,,28.41508,77.04353,Nischal
2018-09-08 13:30:00,,,28.41508,77.04353,Nischal
2018-09-08 13:45:00,,,28.41508,77.04353,Nischal
2018-09-08 14:00:00,,,28.41508,77.04353,Nischal
2018-09-08 14:15:00,,,28.41508,77.04353,Nischal
2018-09-08 14:30:00,,,28.41508,77.04353,Nischal
2018-09-08 14:45:00,,,28.41508,77.04353,Nischal
2018-09-08 15:00:00,,,28.41508,77.04353,Nischal
2018-09-08 15:15:00,,,28.41508,77.04353,Nischal
2018-09-08 15:30:00,,,28.41508,77.04353,Nischal
2018-09-08 15:45:00,,,28.41508,77.04353,Nischal
2018-09-08 16:00:00,,,28.41508,77.04353,Nischal
2018-09-08 16:15:00,,,28.41508,77.04353,Nischal
2018-09-08 16:30:00,,,28.41508,77.04353,Nischal
2018-09-08 16:45:00,,,28.41508,77.04353,Nischal
2018-09-08 17:00:00,,,28.41508,77.04353,Nischal
2018-09-08 17:15:00,,,28.41508,77.04353,Nischal
2018-09-08 17:30:00,,,28.41508,77.04353,Nischal
2018-09-08 17:45:00,,,28.41508,77.04353,Nischal
2018-09-08 18:00:00,,,28.41508,77.04353,Nischal
2018-09-08 18:15:00,,,28.41508,77.04353,Nischal
2018-09-08 18:30:00,,,28.41508,77.04353,Nischal
2018-09-08 18:45:00,,,28.41508,77.04353,Nischal
2018-09-08 19:00:00,,,28.41508,77.04353,Nischal
2018-09-08 19:15:00,,,28.41508,77.04353,Nischal
2018-09-08 19:30:00,,,28.41508,77.04353,Nischal
2018-09-08 19:45:00,,,28.41508,77.04353,Nischal
2018-09-08 20:00:00,,,28.41508,77.04353,Nischal
2018-09-08 20:15:00,,,28.41508,77.04353,Nischal
2018-09-08 20:30:00,,,28.41508,77.04353,Nischal
2018-09-08 20:45:00,,,28.41508,77.04353,Nischal
2018-09-08 21:00:00,,,28.41508,77.04353,Nischal
2018-09-08 21:15:00,,,28.41508,77.04353,Nischal
2018-09-08 21:30:00,,,28.41508,77.04353,Nischal
2018-09-08 21:45:00,,,28.41508,77.04353,Nischal
2018-09-08 22:00:00,,,28.41508,77.04353,Nischal
2018-09-08 22:15:00,,,28.41508,77.04353,Nischal
2018-09-08 22:30:00,,,28.41508,77.04353,Nischal
2018-09-08 22:45:00,,,28.41508,77.04353,Nischal
2018-09-08 23:00:00,,,28.41508,77.04353,Nischal
2018-09-08 23:15:00,,,28.41508,77.04353,Nischal
2018-09-08 23:30:00,,,28.41508,77.04353,Nischal
2018-09-08 23:45:00,,,28.41508,77.04353,Nischal
2018-09-09 00:00:00,,,28.41508,77.04353,Nischal
2018-09-09 00:15:00,,,28.41508,77.04353,Nischal
2018-09-09 00:30:00,,,28.41508,77.04353,Nischal
2018-09-09 00:45:00,,,28.41508,77.04353,Nischal
2018-09-09 01:00:00,,,28.41508,77.04353,Nischal
2018-09-09 01:15:00,,,28.41508,77.04353,Nischal
2018-09-09 01:30:00,,,28.41508,77.04353,Nischal
2018-09-09 01:45:00,,,28.41508,77.04353,Nischal
2018-09-09 02:00:00,,,28.41508,77.04353,Nischal
2018-09-09 02:15:00,,,28.41508,77.04353,Nischal
2018-09-09 02:30:00,,,28.41508,77.04353,Nischal
2018-09-09 02:45:00,,,28.41508,77.04353,Nischal
2018-09-09 03:00:00,,,28.41508,77.04353,Nischal
2018-09-09 03:15:00,,,28.41508,77.04353,Nischal
2018-09-09 03:30:00,,,28.41508,77.04353,Nischal
2018-09-09 03:45:00,,,28.41508,77.04353,Nischal
2018-09-09 04:00:00,,,28.41508,77.04353,Nischal
2018-09-09 04:15:00,,,28.41508,77.04353,Nischal
2018-09-09 04:30:00,,,28.41508,77.04353,Nischal
2018-09-09 04:45:00,,,28.41508,77.04353,Nischal
2018-09-09 05:00:00,,,28.41508,77.04353,Nischal
2018-09-09 05:15:00,,,28.41508,77.04353,Nischal
2018-09-09 05:30:00,,,28.41508,77.04353,Nischal
2018-09-09 05:45:00,,,28.41508,77.04353,Nischal
2018-09-09 06:00:00,,,28.41508,77.04353,Nischal
2018-09-09 06:15:00,,,28.41508,77.04353,Nischal
2018-09-09 06:30:00,,,28.41508,77.04353,Nischal
2018-09-09 06:45:00,,,28.41508,77.04353,Nischal
2018-09-09 07:00:00,,,28.41508,77.04353,Nischal
2018-09-09 07:15:00,,,28.41508,77.04353,Nischal
2018-09-09 07:30:00,,,28.41508,77.04353,Nischal
2018-09-09 07:45:00,,,28.41508,77.04353,Nischal
2018-09-09 08:00:00,,,28.41508,77.04353,Nischal
2018-09-09 08:15:00,,,28.41508,77.04353,Nischal
2018-09-09 08:30:00,,,28.41508,77.04353,Nischal
2018-09-09 08:45:00,,,28.41508,77.04353,Nischal
2018-09-09 09:00:00,,,28.41508,77.04353,Nischal
2018-09-09 09:15:00,,,28.41508,77.04353,Nischal
2018-09-09 09:30:00,,,28.41508,77.04353,Nischal
2018-09-09 09:45:00,,,28.41508,77.04353,Nischal
2018-09-09 10:00:00,,,28.41508,77.04353,Nischal
2018-09-09 10:15:00,,,28.41508,77.04353,Nischal
2018-09-09 10:30:00,,,28.41508,77.04353,Nischal
2018-09-09 10:45:00,,,28.41508,77.04353,Nischal
2018-09-09 11:00:00,,,28.41508,77.04353,Nischal
2018-09-09 11:15:00,,,28.41508,77.04353,Nischal
2018-09-09 11:30:00,,,28.41508,77.04353,Nischal
2018-09-09 11:45:00,,,28.41508,77.04353,Nischal
2018-09-09 12:00:00,,,28.41508,77.04353,Nischal
2018-09-09 12:15:00,,,28.41508,77.04353,Nischal
2018-09-09 12:30:00,,,28.41508,77.04353,Nischal
2018-09-09 12:45:00,,,28.41508,77.04353,Nischal
2018-09-09 13:00:00,,,28.41508,77.04353,Nischal
2018-09-09 13:15:00,,,28.41508,77.04353,Nischal
2018-09-09 13:30:00,,,28.41508,77.04353,Nischal
2018-09-09 13:45:00,,,28.41508,77.04353,Nischal
2018-09-09 14:00:00,,,28.41508,77.04353,Nischal
2018-09-09 14:15:00,,,28.41508,77.04353,Nischal
2018-09-09 14:30:00,,,28.41508,77.04353,Nischal
2018-09-09 14:45:00,,,28.41508,77.04353,Nischal
2018-09-09 15:00:00,,,28.41508,77.04353,Nischal
2018-09-09 15:15:00,,,28.41508,77.04353,Nischal
2018-09-09 15:30:00,,,28.41508,77.04353,Nischal
2018-09-09 15:45:00,,,28.41508,77.04353,Nischal
2018-09-09 16:00:00,,,28.41508,77.04353,Nischal
2018-09-09 16:15:00,,,28.41508,77.04353,Nischal
2018-09-09 16:30:00,,,28.41508,77.04353,Nischal
2018-09-09 16:45:00,,,28.41508,77.04353,Nischal
2018-09-09 17:00:00,,,28.41508,77.04353,Nischal
2018-09-09 17:15:00,,,28.41508,77.04353,Nischal
2018-09-09 17:30:00,,,28.41508,77.04353,Nischal
2018-09-09 17:45:00,,,28.41508,77.04353,Nischal
2018-09-09 18:00:00,,,28.41508,77.04353,Nischal
2018-09-09 18:15:00,,,28.41508,77.04353,Nischal
2018-09-09 18:30:00,,,28.41508,77.04353,Nischal
2018-09-09 18:45:00,,,28.41508,77.04353,Nischal
2018-09-09 19:00:00,,,28.41508,77.04353,Nischal
2018-09-09 19:15:00,,,28.41508,77.04353,Nischal
2018-09-09 19:30:00,,,28.41508,77.04353,Nischal
2018-09-09 19:45:00,,,28.41508,77.04353,Nischal
2018-09-09 20:00:00,,,28.41508,77.04353,Nischal
2018-09-09 20:15:00,,,28.41508,77.04353,Nischal
2018-09-09 20:30:00,,,28.41508,77.04353,Nischal
2018-09-09 20:45:00,,,28.41508,77.04353,Nischal
2018-09-09 21:00:00,,,28.41508,77.04353,Nischal
2018-09-09 21:15:00,,,28.41508,77.04353,Nischal
2018-09-09 21:30:00,,,28.41508,77.04353,Nischal
2018-09-09 21:45:00,,,28.41508,77.04353,Nischal
2018-09-09 22:00:00,,,28.41508,77.04353,Nischal
2018-09-09 22:15:00,,,28.41508,77.04353,Nischal
2018-09-09 22:30:00,,,28.41508,77.04353,Nischal
2018-09-09 22:45:00,,,28.41508,77.04353,Nischal
2018-09-09 23:00:00,,,28.41508,77.04353,Nischal
2018-09-09 23:15:00,,,28.41508,77.04353,Nischal
2018-09-09 23:30:00,,,28.41508,77.04353,Nischal
2018-09-09 23:45:00,,,28.41508,77.04353,Nischal
2018-09-10 00:00:00,,,28.41508,77.04353,Nischal
2018-09-10 00:15:00,,,28.41508,77.04353,Nischal
2018-09-10 00:30:00,,,28.41508,77.04353,Nischal
2018-09-10 00:45:00,,,28.41508,77.04353,Nischal
2018-09-10 01:00:00,,,28.41508,77.04353,Nischal
2018-09-10 01:15:00,,,28.41508,77.04353,Nischal
2018-09-10 01:30:00,,,28.41508,77.04353,Nischal
2018-09-10 01:45:00,,,28.41508,77.04353,Nischal
2018-09-10 02:00:00,,,28.41508,77.04353,Nischal
2018-09-10 02:15:00,,,28.41508,77.04353,Nischal
2018-09-10 02:30:00,,,28.41508,77.04353,Nischal
2018-09-10 02:45:00,,,28.41508,77.04353,Nischal
2018-09-10 03:00:00,,,28.41508,77.04353,Nischal
2018-09-10 03:15:00,,,28.41508,77.04353,Nischal
2018-09-10 03:30:00,,,28.41508,77.04353,Nischal
2018-09-10 03:45:00,,,28.41508,77.04353,Nischal
2018-09-10 04:00:00,,,28.41508,77.04353,Nischal
2018-09-10 04:15:00,,,28.41508,77.04353,Nischal
2018-09-10 04:30:00,,,28.41508,77.04353,Nischal
2018-09-10 04:45:00,,,28.41508,77.04353,Nischal
2018-09-10 05:00:00,,,28.41508,77.04353,Nischal
2018-09-10 05:15:00,,,28.41508,77.04353,Nischal
2018-09-10 05:30:00,,,28.41508,77.04353,Nischal
2018-09-10 05:45:00,,,28.41508,77.04353,Nischal
2018-09-10 06:00:00,,,28.41508,77.04353,Nischal
2018-09-10 06:15:00,,,28.41508,77.04353,Nischal
2018-09-10 06:30:00,,,28.41508,77.04353,Nischal
2018-09-10 06:45:00,,,28.41508,77.04353,Nischal
2018-09-10 07:00:00,,,28.41508,77.04353,Nischal
2018-09-10 07:15:00,,,28.41508,77.04353,Nischal
2018-09-10 07:30:00,,,28.41508,77.04353,Nischal
2018-09-10 07:45:00,,,28.41508,77.04353,Nischal
2018-09-10 08:00:00,,,28.41508,77.04353,Nischal
2018-09-10 08:15:00,,,28.41508,77.04353,Nischal
2018-09-10 08:30:00,,,28.41508,77.04353,Nischal
2018-09-10 08:45:00,,,28.41508,77.04353,Nischal
2018-09-10 09:00:00,,,28.41508,77.04353,Nischal
2018-09-10 09:15:00,,,28.41508,77.04353,Nischal
2018-09-10 09:30:00,,,28.41508,77.04353,Nischal
2018-09-10 09:45:00,,,28.41508,77.04353,Nischal
2018-09-10 10:00:00,,,28.41508,77.04353,Nischal
2018-09-10 10:15:00,,,28.41508,77.04353,Nischal
2018-09-10 10:30:00,,,28.41508,77.04353,Nischal
2018-09-10 10:45:00,,,28.41508,77.04353,Nischal
2018-09-10 11:00:00,,,28.41508,77.04353,Nischal
2018-09-10 11:15:00,,,28.41508,77.04353,Nischal
2018-09-10 11:30:00,,,28.41508,77.04353,Nischal
2018-09-10 11:45:00,,,28.41508,77.04353,Nischal
2018-09-10 12:00:00,,,28.41508,77.04353,Nischal
2018-09-10 12:15:00,,,28.41508,77.04353,Nischal
2018-09-10 12:30:00,,,28.41508,77.04353,Nischal
2018-09-10 12:45:00,,,28.41508,77.04353,Nischal
2018-09-10 13:00:00,,,28.41508,77.04353,Nischal
2018-09-10 13:15:00,,,28.41508,77.04353,Nischal
2018-09-10 13:30:00,,,28.41508,77.04353,Nischal
2018-09-10 13:45:00,,,28.41508,77.04353,Nischal
2018-09-10 14:00:00,,,28.41508,77.04353,Nischal
2018-09-10 14:15:00,,,28.41508,77.04353,Nischal
2018-09-10 14:30:00,,,28.41508,77.04353,Nischal
2018-09-10 14:45:00,,,28.41508,77.04353,Nischal
2018-09-10 15:00:00,,,28.41508,77.04353,Nischal
2018-09-10 15:15:00,,,28.41508,77.04353,Nischal
2018-09-10 15:30:00,,,28.41508,77.04353,Nischal
2018-09-10 15:45:00,,,28.41508,77.04353,Nischal
2018-09-10 16:00:00,,,28.41508,77.04353,Nischal
2018-09-10 16:15:00,,,28.41508,77.04353,Nischal
2018-09-10 16:30:00,,,28.41508,77.04353,Nischal
2018-09-10 16:45:00,,,28.41508,77.04353,Nischal
2018-09-10 17:00:00,,,28.41508,77.04353,Nischal
2018-09-10 17:15:00,,,28.41508,77.04353,Nischal
2018-09-10 17:30:00,,,28.41508,77.04353,Nischal
2018-09-10 17:45:00,,,28.41508,77.04353,Nischal
2018-09-10 18:00:00,,,28.41508,77.04353,Nischal
2018-09-10 18:15:00,,,28.41508,77.04353,Nischal
2018-09-10 18:30:00,,,28.41508,77.04353,Nischal
2018-09-10 18:45:00,,,28.41508,77.04353,Nischal
2018-09-10 19:00:00,,,28.41508,77.04353,Nischal
2018-09-10 19:15:00,,,28.41508,77.04353,Nischal
2018-09-10 19:30:00,,,28.41508,77.04353,Nischal
2018-09-10 19:45:00,,,28.41508,77.04353,Nischal
2018-09-10 20:00:00,,,28.41508,77.04353,Nischal
2018-09-10 20:15:00,,,28.41508,77.04353,Nischal
2018-09-10 20:30:00,,,28.41508,77.04353,Nischal
2018-09-10 20:45:00,,,28.41508,77.04353,Nischal
2018-09-10 21:00:00,,,28.41508,77.04353,Nischal
2018-09-10 21:15:00,,,28.41508,77.04353,Nischal
2018-09-10 21:30:00,,,28.41508,77.04353,Nischal
2018-09-10 21:45:00,,,28.41508,77.04353,Nischal
2018-09-10 22:00:00,,,28.41508,77.04353,Nischal
2018-09-10 22:15:00,,,28.41508,77.04353,Nischal
2018-09-10 22:30:00,,,28.41508,77.04353,Nischal
2018-09-10 22:45:00,,,28.41508,77.04353,Nischal
2018-09-10 23:00:00,,,28.41508,77.04353,Nischal
2018-09-10 23:15:00,,,28.41508,77.04353,Nischal
2018-09-10 23:30:00,,,28.41508,77.04353,Nischal
2018-09-10 23:45:00,,,28.41508,77.04353,Nischal
2018-09-11 00:00:00,,,28.41508,77.04353,Nischal
2018-09-11 00:15:00,,,28.41508,77.04353,Nischal
2018-09-11 00:30:00,,,28.41508,77.04353,Nischal
2018-09-11 00:45:00,,,28.41508,77.04353,Nischal
2018-09-11 01:00:00,,,28.41508,77.04353,Nischal
2018-09-11 01:15:00,,,28.41508,77.04353,Nischal
2018-09-11 01:30:00,,,28.41508,77.04353,Nischal
2018-09-11 01:45:00,,,28.41508,77.04353,Nischal
2018-09-11 02:00:00,,,28.41508,77.04353,Nischal
2018-09-11 02:15:00,,,28.41508,77.04353,Nischal
2018-09-11 02:30:00,,,28.41508,77.04353,Nischal
2018-09-11 02:45:00,,,28.41508,77.04353,Nischal
2018-09-11 03:00:00,,,28.41508,77.04353,Nischal
2018-09-11 03:15:00,,,28.41508,77.04353,Nischal
2018-09-11 03:30:00,,,28.41508,77.04353,Nischal
2018-09-11 03:45:00,,,28.41508,77.04353,Nischal
2018-09-11 04:00:00,,,28.41508,77.04353,Nischal
2018-09-11 04:15:00,,,28.41508,77.04353,Nischal
2018-09-11 04:30:00,,,28.41508,77.04353,Nischal
2018-09-11 04:45:00,,,28.41508,77.04353,Nischal
2018-09-11 05:00:00,,,28.41508,77.04353,Nischal
2018-09-11 05:15:00,,,28.41508,77.04353,Nischal
2018-09-11 05:30:00,,,28.41508,77.04353,Nischal
2018-09-11 05:45:00,,,28.41508,77.04353,Nischal
2018-09-11 06:00:00,,,28.41508,77.04353,Nischal
2018-09-11 06:15:00,,,28.41508,77.04353,Nischal
2018-09-11 06:30:00,,,28.41508,77.04353,Nischal
2018-09-11 06:45:00,,,28.41508,77.04353,Nischal
2018-09-11 07:00:00,,,28.41508,77.04353,Nischal
2018-09-11 07:15:00,,,28.41508,77.04353,Nischal
2018-09-11 07:30:00,,,28.41508,77.04353,Nischal
2018-09-11 07:45:00,,,28.41508,77.04353,Nischal
2018-09-11 08:00:00,,,28.41508,77.04353,Nischal
2018-09-11 08:15:00,,,28.41508,77.04353,Nischal
2018-09-11 08:30:00,,,28.41508,77.04353,Nischal
2018-09-11 08:45:00,,,28.41508,77.04353,Nischal
2018-09-11 09:00:00,,,28.41508,77.04353,Nischal
2018-09-11 09:15:00,,,28.41508,77.04353,Nischal
2018-09-11 09:30:00,,,28.41508,77.04353,Nischal
2018-09-11 09:45:00,,,28.41508,77.04353,Nischal
2018-09-11 10:00:00,,,28.41508,77.04353,Nischal
2018-09-11 10:15:00,,,28.41508,77.04353,Nischal
2018-09-11 10:30:00,,,28.41508,77.04353,Nischal
2018-09-11 10:45:00,,,28.41508,77.04353,Nischal
2018-09-11 11:00:00,,,28.41508,77.04353,Nischal
2018-09-11 11:15:00,,,28.41508,77.04353,Nischal
2018-09-11 11:30:00,,,28.41508,77.04353,Nischal
2018-09-11 11:45:00,,,28.41508,77.04353,Nischal
2018-09-11 12:00:00,,,28.41508,77.04353,Nischal
2018-09-11 12:15:00,,,28.41508,77.04353,Nischal
2018-09-11 12:30:00,,,28.41508,77.04353,Nischal
2018-09-11 12:45:00,,,28.41508,77.04353,Nischal
2018-09-11 13:00:00,,,28.41508,77.04353,Nischal
2018-09-11 13:15:00,,,28.41508,77.04353,Nischal
2018-09-11 13:30:00,,,28.41508,77.04353,Nischal
2018-09-11 13:45:00,,,28.41508,77.04353,Nischal
2018-09-11 14:00:00,,,28.41508,77.04353,Nischal
2018-09-11 14:15:00,,,28.41508,77.04353,Nischal
2018-09-11 14:30:00,,,28.41508,77.04353,Nischal
2018-09-11 14:45:00,,,28.41508,77.04353,Nischal
2018-09-11 15:00:00,,,28.41508,77.04353,Nischal
2018-09-11 15:15:00,,,28.41508,77.04353,Nischal
2018-09-11 15:30:00,,,28.41508,77.04353,Nischal
2018-09-11 15:45:00,,,28.41508,77.04353,Nischal
2018-09-11 16:00:00,,,28.41508,77.04353,Nischal
2018-09-11 16:15:00,,,28.41508,77.04353,Nischal
2018-09-11 16:30:00,,,28.41508,77.04353,Nischal
2018-09-11 16:45:00,,,28.41508,77.04353,Nischal
2018-09-11 17:00:00,,,28.41508,77.04353,Nischal
2018-09-11 17:15:00,,,28.41508,77.04353,Nischal
2018-09-11 17:30:00,,,28.41508,77.04353,Nischal
2018-09-11 17:45:00,,,28.41508,77.04353,Nischal
2018-09-11 18:00:00,,,28.41508,77.04353,Nischal
2018-09-11 18:15:00,,,28.41508,77.04353,Nischal
2018-09-11 18:30:00,,,28.41508,77.04353,Nischal
2018-09-11 18:45:00,,,28.41508,77.04353,Nischal
2018-09-11 19:00:00,,,28.41508,77.04353,Nischal
2018-09-11 19:15:00,,,28.41508,77.04353,Nischal
2018-09-11 19:30:00,,,28.41508,77.04353,Nischal
2018-09-11 19:45:00,,,28.41508,77.04353,Nischal
2018-09-11 20:00:00,,,28.41508,77.04353,Nischal
2018-09-11 20:15:00,,,28.41508,77.04353,Nischal
2018-09-11 20:30:00,,,28.41508,77.04353,Nischal
2018-09-11 20:45:00,,,28.41508,77.04353,Nischal
2018-09-11 21:00:00,,,28.41508,77.04353,Nischal
2018-09-11 21:15:00,,,28.41508,77.04353,Nischal
2018-09-11 21:30:00,,,28.41508,77.04353,Nischal
2018-09-11 21:45:00,,,28.41508,77.04353,Nischal
2018-09-11 22:00:00,,,28.41508,77.04353,Nischal
2018-09-11 22:15:00,,,28.41508,77.04353,Nischal
2018-09-11 22:30:00,,,28.41508,77.04353,Nischal
2018-09-11 22:45:00,,,28.41508,77.04353,Nischal
2018-09-11 23:00:00,,,28.41508,77.04353,Nischal
2018-09-11 23:15:00,,,28.41508,77.04353,Nischal
2018-09-11 23:30:00,,,28.41508,77.04353,Nischal
2018-09-11 23:45:00,,,28.41508,77.04353,Nischal
2018-09-12 00:00:00,,,28.41508,77.04353,Nischal
2018-09-12 00:15:00,,,28.41508,77.04353,Nischal
2018-09-12 00:30:00,,,28.41508,77.04353,Nischal
2018-09-12 00:45:00,,,28.41508,77.04353,Nischal
2018-09-12 01:00:00,,,28.41508,77.04353,Nischal
2018-09-12 01:15:00,,,28.41508,77.04353,Nischal
2018-09-12 01:30:00,,,28.41508,77.04353,Nischal
2018-09-12 01:45:00,,,28.41508,77.04353,Nischal
2018-09-12 02:00:00,,,28.41508,77.04353,Nischal
2018-09-12 02:15:00,,,28.41508,77.04353,Nischal
2018-09-12 02:30:00,,,28.41508,77.04353,Nischal
2018-09-12 02:45:00,,,28.41508,77.04353,Nischal
2018-09-12 03:00:00,,,28.41508,77.04353,Nischal
2018-09-12 03:15:00,,,28.41508,77.04353,Nischal
2018-09-12 03:30:00,,,28.41508,77.04353,Nischal
2018-09-12 03:45:00,,,28.41508,77.04353,Nischal
2018-09-12 04:00:00,,,28.41508,77.04353,Nischal
2018-09-12 04:15:00,,,28.41508,77.04353,Nischal
2018-09-12 04:30:00,,,28.41508,77.04353,Nischal
2018-09-12 04:45:00,,,28.41508,77.04353,Nischal
2018-09-12 05:00:00,,,28.41508,77.04353,Nischal
2018-09-12 05:15:00,,,28.41508,77.04353,Nischal
2018-09-12 05:30:00,,,28.41508,77.04353,Nischal
2018-09-12 05:45:00,,,28.41508,77.04353,Nischal
2018-09-12 06:00:00,,,28.41508,77.04353,Nischal
2018-09-12 06:15:00,,,28.41508,77.04353,Nischal
2018-09-12 06:30:00,,,28.41508,77.04353,Nischal
2018-09-12 06:45:00,,,28.41508,77.04353,Nischal
2018-09-12 07:00:00,,,28.41508,77.04353,Nischal
2018-09-12 07:15:00,,,28.41508,77.04353,Nischal
2018-09-12 07:30:00,,,28.41508,77.04353,Nischal
2018-09-12 07:45:00,,,28.41508,77.04353,Nischal
2018-09-12 08:00:00,,,28.41508,77.04353,Nischal
2018-09-12 08:15:00,,,28.41508,77.04353,Nischal
2018-09-12 08:30:00,,,28.41508,77.04353,Nischal
2018-09-12 08:45:00,,,28.41508,77.04353,Nischal
2018-09-12 09:00:00,,,28.41508,77.04353,Nischal
2018-09-12 09:15:00,,,28.41508,77.04353,Nischal
2018-09-12 09:30:00,,,28.41508,77.04353,Nischal
2018-09-12 09:45:00,,,28.41508,77.04353,Nischal
2018-09-12 10:00:00,,,28.41508,77.04353,Nischal
2018-09-12 10:15:00,,,28.41508,77.04353,Nischal
2018-09-12 10:30:00,,,28.41508,77.04353,Nischal
2018-09-12 10:45:00,,,28.41508,77.04353,Nischal
2018-09-12 11:00:00,,,28.41508,77.04353,Nischal
2018-09-12 11:15:00,,,28.41508,77.04353,Nischal
2018-09-12 11:30:00,,,28.41508,77.04353,Nischal
2018-09-12 11:45:00,,,28.41508,77.04353,Nischal
2018-09-12 12:00:00,,,28.41508,77.04353,Nischal
2018-09-12 12:15:00,,,28.41508,77.04353,Nischal
2018-09-12 12:30:00,,,28.41508,77.04353,Nischal
2018-09-12 12:45:00,,,28.41508,77.04353,Nischal
2018-09-12 13:00:00,,,28.41508,77.04353,Nischal
2018-09-12 13:15:00,,,28.41508,77.04353,Nischal
2018-09-12 13:30:00,,,28.41508,77.04353,Nischal
2018-09-12 13:45:00,,,28.41508,77.04353,Nischal
2018-09-12 14:00:00,,,28.41508,77.04353,Nischal
2018-09-12 14:15:00,,,28.41508,77.04353,Nischal
2018-09-12 14:30:00,,,28.41508,77.04353,Nischal
2018-09-12 14:45:00,,,28.41508,77.04353,Nischal
2018-09-12 15:00:00,,,28.41508,77.04353,Nischal
2018-09-12 15:15:00,,,28.41508,77.04353,Nischal
2018-09-12 15:30:00,,,28.41508,77.04353,Nischal
2018-09-12 15:45:00,,,28.41508,77.04353,Nischal
2018-09-12 16:00:00,,,28.41508,77.04353,Nischal
2018-09-12 16:15:00,,,28.41508,77.04353,Nischal
2018-09-12 16:30:00,,,28.41508,77.04353,Nischal
2018-09-12 16:45:00,,,28.41508,77.04353,Nischal
2018-09-12 17:00:00,,,28.41508,77.04353,Nischal
2018-09-12 17:15:00,,,28.41508,77.04353,Nischal
2018-09-12 17:30:00,,,28.41508,77.04353,Nischal
2018-09-12 17:45:00,,,28.41508,77.04353,Nischal
2018-09-12 18:00:00,,,28.41508,77.04353,Nischal
2018-09-12 18:15:00,,,28.41508,77.04353,Nischal
2018-09-12 18:30:00,,,28.41508,77.04353,Nischal
2018-09-12 18:45:00,,,28.41508,77.04353,Nischal
2018-09-12 19:00:00,,,28.41508,77.04353,Nischal
2018-09-12 19:15:00,,,28.41508,77.04353,Nischal
2018-09-12 19:30:00,,,28.41508,77.04353,Nischal
2018-09-12 19:45:00,,,28.41508,77.04353,Nischal
2018-09-12 20:00:00,,,28.41508,77.04353,Nischal
2018-09-12 20:15:00,,,28.41508,77.04353,Nischal
2018-09-12 20:30:00,,,28.41508,77.04353,Nischal
2018-09-12 20:45:00,,,28.41508,77.04353,Nischal
2018-09-12 21:00:00,,,28.41508,77.04353,Nischal
2018-09-12 21:15:00,,,28.41508,77.04353,Nischal
2018-09-12 21:30:00,,,28.41508,77.04353,Nischal
2018-09-12 21:45:00,,,28.41508,77.04353,Nischal
2018-09-12 22:00:00,,,28.41508,77.04353,Nischal
2018-09-12 22:15:00,,,28.41508,77.04353,Nischal
2018-09-12 22:30:00,,,28.41508,77.04353,Nischal
2018-09-12 22:45:00,,,28.41508,77.04353,Nischal
2018-09-12 23:00:00,,,28.41508,77.04353,Nischal
2018-09-12 23:15:00,,,28.41508,77.04353,Nischal
2018-09-12 23:30:00,,,28.41508,77.04353,Nischal
2018-09-12 23:45:00,,,28.41508,77.04353,Nischal
2018-09-13 00:00:00,,,28.41508,77.04353,Nischal
2018-09-13 00:15:00,,,28.41508,77.04353,Nischal
2018-09-13 00:30:00,,,28.41508,77.04353,Nischal
2018-09-13 00:45:00,,,28.41508,77.04353,Nischal
2018-09-13 01:00:00,,,28.41508,77.04353,Nischal
2018-09-13 01:15:00,,,28.41508,77.04353,Nischal
2018-09-13 01:30:00,,,28.41508,77.04353,Nischal
2018-09-13 01:45:00,,,28.41508,77.04353,Nischal
2018-09-13 02:00:00,,,28.41508,77.04353,Nischal
2018-09-13 02:15:00,,,28.41508,77.04353,Nischal
2018-09-13 02:30:00,,,28.41508,77.04353,Nischal
2018-09-13 02:45:00,,,28.41508,77.04353,Nischal
2018-09-13 03:00:00,,,28.41508,77.04353,Nischal
2018-09-13 03:15:00,,,28.41508,77.04353,Nischal
2018-09-13 03:30:00,,,28.41508,77.04353,Nischal
2018-09-13 03:45:00,,,28.41508,77.04353,Nischal
2018-09-13 04:00:00,,,28.41508,77.04353,Nischal
2018-09-13 04:15:00,,,28.41508,77.04353,Nischal
2018-09-13 04:30:00,,,28.41508,77.04353,Nischal
2018-09-13 04:45:00,,,28.41508,77.04353,Nischal
2018-09-13 05:00:00,,,28.41508,77.04353,Nischal
2018-09-13 05:15:00,,,28.41508,77.04353,Nischal
2018-09-13 05:30:00,,,28.41508,77.04353,Nischal
2018-09-13 05:45:00,,,28.41508,77.04353,Nischal
2018-09-13 06:00:00,,,28.41508,77.04353,Nischal
2018-09-13 06:15:00,,,28.41508,77.04353,Nischal
2018-09-13 06:30:00,,,28.41508,77.04353,Nischal
2018-09-13 06:45:00,,,28.41508,77.04353,Nischal
2018-09-13 07:00:00,,,28.41508,77.04353,Nischal
2018-09-13 07:15:00,,,28.41508,77.04353,Nischal
2018-09-13 07:30:00,,,28.41508,77.04353,Nischal
2018-09-13 07:45:00,,,28.41508,77.04353,Nischal
2018-09-13 08:00:00,,,28.41508,77.04353,Nischal
2018-09-13 08:15:00,,,28.41508,77.04353,Nischal
2018-09-13 08:30:00,,,28.41508,77.04353,Nischal
2018-09-13 08:45:00,,,28.41508,77.04353,Nischal
2018-09-13 09:00:00,,,28.41508,77.04353,Nischal
2018-09-13 09:15:00,,,28.41508,77.04353,Nischal
2018-09-13 09:30:00,,,28.41508,77.04353,Nischal
2018-09-13 09:45:00,,,28.41508,77.04353,Nischal
2018-09-13 10:00:00,,,28.41508,77.04353,Nischal
2018-09-13 10:15:00,,,28.41508,77.04353,Nischal
2018-09-13 10:30:00,,,28.41508,77.04353,Nischal
2018-09-13 10:45:00,,,28.41508,77.04353,Nischal
2018-09-13 11:00:00,,,28.41508,77.04353,Nischal
2018-09-13 11:15:00,,,28.41508,77.04353,Nischal
2018-09-13 11:30:00,,,28.41508,77.04353,Nischal
2018-09-13 11:45:00,,,28.41508,77.04353,Nischal
2018-09-13 12:00:00,,,28.41508,77.04353,Nischal
2018-09-13 12:15:00,,,28.41508,77.04353,Nischal
2018-09-13 12:30:00,,,28.41508,77.04353,Nischal
2018-09-13 12:45:00,,,28.41508,77.04353,Nischal
2018-09-13 13:00:00,,,28.41508,77.04353,Nischal
2018-09-13 13:15:00,,,28.41508,77.04353,Nischal
2018-09-13 13:30:00,,,28.41508,77.04353,Nischal
2018-09-13 13:45:00,,,28.41508,77.04353,Nischal
2018-09-13 14:00:00,,,28.41508,77.04353,Nischal
2018-09-13 14:15:00,,,28.41508,77.04353,Nischal
2018-09-13 14:30:00,,,28.41508,77.04353,Nischal
2018-09-13 14:45:00,,,28.41508,77.04353,Nischal
2018-09-13 15:00:00,,,28.41508,77.04353,Nischal
2018-09-13 15:15:00,,,28.41508,77.04353,Nischal
2018-09-13 15:30:00,,,28.41508,77.04353,Nischal
2018-09-13 15:45:00,,,28.41508,77.04353,Nischal
2018-09-13 16:00:00,,,28.41508,77.04353,Nischal
2018-09-13 16:15:00,,,28.41508,77.04353,Nischal
2018-09-13 16:30:00,,,28.41508,77.04353,Nischal
2018-09-13 16:45:00,,,28.41508,77.04353,Nischal
2018-09-13 17:00:00,,,28.41508,77.04353,Nischal
2018-09-13 17:15:00,,,28.41508,77.04353,Nischal
2018-09-13 17:30:00,,,28.41508,77.04353,Nischal
2018-09-13 17:45:00,,,28.41508,77.04353,Nischal
2018-09-13 18:00:00,,,28.41508,77.04353,Nischal
2018-09-13 18:15:00,,,28.41508,77.04353,Nischal
2018-09-13 18:30:00,,,28.41508,77.04353,Nischal
2018-09-13 18:45:00,,,28.41508,77.04353,Nischal
2018-09-13 19:00:00,,,28.41508,77.04353,Nischal
2018-09-13 19:15:00,,,28.41508,77.04353,Nischal
2018-09-13 19:30:00,,,28.41508,77.04353,Nischal
2018-09-13 19:45:00,,,28.41508,77.04353,Nischal
2018-09-13 20:00:00,,,28.41508,77.04353,Nischal
2018-09-13 20:15:00,,,28.41508,77.04353,Nischal
2018-09-13 20:30:00,,,28.41508,77.04353,Nischal
2018-09-13 20:45:00,,,28.41508,77.04353,Nischal
2018-09-13 21:00:00,,,28.41508,77.04353,Nischal
2018-09-13 21:15:00,,,28.41508,77.04353,Nischal
2018-09-13 21:30:00,,,28.41508,77.04353,Nischal
2018-09-13 21:45:00,,,28.41508,77.04353,Nischal
2018-09-13 22:00:00,,,28.41508,77.04353,Nischal
2018-09-13 22:15:00,,,28.41508,77.04353,Nischal
2018-09-13 22:30:00,,,28.41508,77.04353,Nischal
2018-09-13 22:45:00,,,28.41508,77.04353,Nischal
2018-09-13 23:00:00,,,28.41508,77.04353,Nischal
2018-09-13 23:15:00,,,28.41508,77.04353,Nischal
2018-09-13 23:30:00,,,28.41508,77.04353,Nischal
2018-09-13 23:45:00,,,28.41508,77.04353,Nischal
2018-09-14 00:00:00,,,28.41508,77.04353,Nischal
2018-09-14 00:15:00,,,28.41508,77.04353,Nischal
2018-09-14 00:30:00,,,28.41508,77.04353,Nischal
2018-09-14 00:45:00,,,28.41508,77.04353,Nischal
2018-09-14 01:00:00,,,28.41508,77.04353,Nischal
2018-09-14 01:15:00,,,28.41508,77.04353,Nischal
2018-09-14 01:30:00,,,28.41508,77.04353,Nischal
2018-09-14 01:45:00,,,28.41508,77.04353,Nischal
2018-09-14 02:00:00,,,28.41508,77.04353,Nischal
2018-09-14 02:15:00,,,28.41508,77.04353,Nischal
2018-09-14 02:30:00,,,28.41508,77.04353,Nischal
2018-09-14 02:45:00,,,28.41508,77.04353,Nischal
2018-09-14 03:00:00,,,28.41508,77.04353,Nischal
2018-09-14 03:15:00,,,28.41508,77.04353,Nischal
2018-09-14 03:30:00,,,28.41508,77.04353,Nischal
2018-09-14 03:45:00,,,28.41508,77.04353,Nischal
2018-09-14 04:00:00,,,28.41508,77.04353,Nischal
2018-09-14 04:15:00,,,28.41508,77.04353,Nischal
2018-09-14 04:30:00,,,28.41508,77.04353,Nischal
2018-09-14 04:45:00,,,28.41508,77.04353,Nischal
2018-09-14 05:00:00,,,28.41508,77.04353,Nischal
2018-09-14 05:15:00,,,28.41508,77.04353,Nischal
2018-09-14 05:30:00,,,28.41508,77.04353,Nischal
2018-09-14 05:45:00,,,28.41508,77.04353,Nischal
2018-09-14 06:00:00,,,28.41508,77.04353,Nischal
2018-09-14 06:15:00,,,28.41508,77.04353,Nischal
2018-09-14 06:30:00,,,28.41508,77.04353,Nischal
2018-09-14 06:45:00,,,28.41508,77.04353,Nischal
2018-09-14 07:00:00,,,28.41508,77.04353,Nischal
2018-09-14 07:15:00,,,28.41508,77.04353,Nischal
2018-09-14 07:30:00,,,28.41508,77.04353,Nischal
2018-09-14 07:45:00,,,28.41508,77.04353,Nischal
2018-09-14 08:00:00,,,28.41508,77.04353,Nischal
2018-09-14 08:15:00,,,28.41508,77.04353,Nischal
2018-09-14 08:30:00,,,28.41508,77.04353,Nischal
2018-09-14 08:45:00,,,28.41508,77.04353,Nischal
2018-09-14 09:00:00,,,28.41508,77.04353,Nischal
2018-09-14 09:15:00,,,28.41508,77.04353,Nischal
2018-09-14 09:30:00,,,28.41508,77.04353,Nischal
2018-09-14 09:45:00,,,28.41508,77.04353,Nischal
2018-09-14 10:00:00,,,28.41508,77.04353,Nischal
2018-09-14 10:15:00,,,28.41508,77.04353,Nischal
2018-09-14 10:30:00,,,28.41508,77.04353,Nischal
2018-09-14 10:45:00,,,28.41508,77.04353,Nischal
2018-09-14 11:00:00,,,28.41508,77.04353,Nischal
2018-09-14 11:15:00,,,28.41508,77.04353,Nischal
2018-09-14 11:30:00,,,28.41508,77.04353,Nischal
2018-09-14 11:45:00,,,28.41508,77.04353,Nischal
2018-09-14 12:00:00,,,28.41508,77.04353,Nischal
2018-09-14 12:15:00,,,28.41508,77.04353,Nischal
2018-09-14 12:30:00,,,28.41508,77.04353,Nischal
2018-09-14 12:45:00,,,28.41508,77.04353,Nischal
2018-09-14 13:00:00,,,28.41508,77.04353,Nischal
2018-09-14 13:15:00,,,28.41508,77.04353,Nischal
2018-09-14 13:30:00,,,28.41508,77.04353,Nischal
2018-09-14 13:45:00,,,28.41508,77.04353,Nischal
2018-09-14 14:00:00,,,28.41508,77.04353,Nischal
2018-09-14 14:15:00,,,28.41508,77.04353,Nischal
2018-09-14 14:30:00,,,28.41508,77.04353,Nischal
2018-09-14 14:45:00,,,28.41508,77.04353,Nischal
2018-09-14 15:00:00,,,28.41508,77.04353,Nischal
2018-09-14 15:15:00,,,28.41508,77.04353,Nischal
2018-09-14 15:30:00,,,28.41508,77.04353,Nischal
2018-09-14 15:45:00,,,28.41508,77.04353,Nischal
2018-09-14 16:00:00,,,28.41508,77.04353,Nischal
2018-09-14 16:15:00,,,28.41508,77.04353,Nischal
2018-09-14 16:30:00,,,28.41508,77.04353,Nischal
2018-09-14 16:45:00,,,28.41508,77.04353,Nischal
2018-09-14 17:00:00,,,28.41508,77.04353,Nischal
2018-09-14 17:15:00,,,28.41508,77.04353,Nischal
2018-09-14 17:30:00,,,28.41508,77.04353,Nischal
2018-09-14 17:45:00,,,28.41508,77.04353,Nischal
2018-09-14 18:00:00,,,28.41508,77.04353,Nischal
2018-09-14 18:15:00,,,28.41508,77.04353,Nischal
2018-09-14 18:30:00,,,28.41508,77.04353,Nischal
2018-09-14 18:45:00,,,28.41508,77.04353,Nischal
2018-09-14 19:00:00,,,28.41508,77.04353,Nischal
2018-09-14 19:15:00,,,28.41508,77.04353,Nischal
2018-09-14 19:30:00,,,28.41508,77.04353,Nischal
2018-09-14 19:45:00,,,28.41508,77.04353,Nischal
2018-09-14 20:00:00,,,28.41508,77.04353,Nischal
2018-09-14 20:15:00,,,28.41508,77.04353,Nischal
2018-09-14 20:30:00,,,28.41508,77.04353,Nischal
2018-09-14 20:45:00,,,28.41508,77.04353,Nischal
2018-09-14 21:00:00,,,28.41508,77.04353,Nischal
2018-09-14 21:15:00,,,28.41508,77.04353,Nischal
2018-09-14 21:30:00,,,28.41508,77.04353,Nischal
2018-09-14 21:45:00,,,28.41508,77.04353,Nischal
2018-09-14 22:00:00,,,28.41508,77.04353,Nischal
2018-09-14 22:15:00,,,28.41508,77.04353,Nischal
2018-09-14 22:30:00,,,28.41508,77.04353,Nischal
2018-09-14 22:45:00,,,28.41508,77.04353,Nischal
2018-09-14 23:00:00,,,28.41508,77.04353,Nischal
2018-09-14 23:15:00,,,28.41508,77.04353,Nischal
2018-09-14 23:30:00,,,28.41508,77.04353,Nischal
2018-09-14 23:45:00,,,28.41508,77.04353,Nischal
2018-09-15 00:00:00,,,28.41508,77.04353,Nischal
2018-09-15 00:15:00,,,28.41508,77.04353,Nischal
2018-09-15 00:30:00,,,28.41508,77.04353,Nischal
2018-09-15 00:45:00,,,28.41508,77.04353,Nischal
2018-09-15 01:00:00,,,28.41508,77.04353,Nischal
2018-09-15 01:15:00,,,28.41508,77.04353,Nischal
2018-09-15 01:30:00,,,28.41508,77.04353,Nischal
2018-09-15 01:45:00,,,28.41508,77.04353,Nischal
2018-09-15 02:00:00,,,28.41508,77.04353,Nischal
2018-09-15 02:15:00,,,28.41508,77.04353,Nischal
2018-09-15 02:30:00,,,28.41508,77.04353,Nischal
2018-09-15 02:45:00,,,28.41508,77.04353,Nischal
2018-09-15 03:00:00,,,28.41508,77.04353,Nischal
2018-09-15 03:15:00,,,28.41508,77.04353,Nischal
2018-09-15 03:30:00,,,28.41508,77.04353,Nischal
2018-09-15 03:45:00,,,28.41508,77.04353,Nischal
2018-09-15 04:00:00,,,28.41508,77.04353,Nischal
2018-09-15 04:15:00,,,28.41508,77.04353,Nischal
2018-09-15 04:30:00,,,28.41508,77.04353,Nischal
2018-09-15 04:45:00,,,28.41508,77.04353,Nischal
2018-09-15 05:00:00,,,28.41508,77.04353,Nischal
2018-09-15 05:15:00,,,28.41508,77.04353,Nischal
2018-09-15 05:30:00,,,28.41508,77.04353,Nischal
2018-09-15 05:45:00,,,28.41508,77.04353,Nischal
2018-09-15 06:00:00,,,28.41508,77.04353,Nischal
2018-09-15 06:15:00,,,28.41508,77.04353,Nischal
2018-09-15 06:30:00,,,28.41508,77.04353,Nischal
2018-09-15 06:45:00,,,28.41508,77.04353,Nischal
2018-09-15 07:00:00,,,28.41508,77.04353,Nischal
2018-09-15 07:15:00,,,28.41508,77.04353,Nischal
2018-09-15 07:30:00,,,28.41508,77.04353,Nischal
2018-09-15 07:45:00,,,28.41508,77.04353,Nischal
2018-09-15 08:00:00,,,28.41508,77.04353,Nischal
2018-09-15 08:15:00,,,28.41508,77.04353,Nischal
2018-09-15 08:30:00,,,28.41508,77.04353,Nischal
2018-09-15 08:45:00,,,28.41508,77.04353,Nischal
2018-09-15 09:00:00,,,28.41508,77.04353,Nischal
2018-09-15 09:15:00,,,28.41508,77.04353,Nischal
2018-09-15 09:30:00,,,28.41508,77.04353,Nischal
2018-09-15 09:45:00,,,28.41508,77.04353,Nischal
2018-09-15 10:00:00,,,28.41508,77.04353,Nischal
2018-09-15 10:15:00,,,28.41508,77.04353,Nischal
2018-09-15 10:30:00,,,28.41508,77.04353,Nischal
2018-09-15 10:45:00,,,28.41508,77.04353,Nischal
2018-09-15 11:00:00,,,28.41508,77.04353,Nischal
2018-09-15 11:15:00,,,28.41508,77.04353,Nischal
2018-09-15 11:30:00,,,28.41508,77.04353,Nischal
2018-09-15 11:45:00,,,28.41508,77.04353,Nischal
2018-09-15 12:00:00,,,28.41508,77.04353,Nischal
2018-09-15 12:15:00,,,28.41508,77.04353,Nischal
2018-09-15 12:30:00,,,28.41508,77.04353,Nischal
2018-09-15 12:45:00,,,28.41508,77.04353,Nischal
2018-09-15 13:00:00,,,28.41508,77.04353,Nischal
2018-09-15 13:15:00,,,28.41508,77.04353,Nischal
2018-09-15 13:30:00,,,28.41508,77.04353,Nischal
2018-09-15 13:45:00,,,28.41508,77.04353,Nischal
2018-09-15 14:00:00,,,28.41508,77.04353,Nischal
2018-09-15 14:15:00,,,28.41508,77.04353,Nischal
2018-09-15 14:30:00,,,28.41508,77.04353,Nischal
2018-09-15 14:45:00,,,28.41508,77.04353,Nischal
2018-09-15 15:00:00,,,28.41508,77.04353,Nischal
2018-09-15 15:15:00,,,28.41508,77.04353,Nischal
2018-09-15 15:30:00,,,28.41508,77.04353,Nischal
2018-09-15 15:45:00,,,28.41508,77.04353,Nischal
2018-09-15 16:00:00,,,28.41508,77.04353,Nischal
2018-09-15 16:15:00,,,28.41508,77.04353,Nischal
2018-09-15 16:30:00,,,28.41508,77.04353,Nischal
2018-09-15 16:45:00,,,28.41508,77.04353,Nischal
2018-09-15 17:00:00,,,28.41508,77.04353,Nischal
2018-09-15 17:15:00,,,28.41508,77.04353,Nischal
2018-09-15 17:30:00,,,28.41508,77.04353,Nischal
2018-09-15 17:45:00,,,28.41508,77.04353,Nischal
2018-09-15 18:00:00,,,28.41508,77.04353,Nischal
2018-09-15 18:15:00,,,28.41508,77.04353,Nischal
2018-09-15 18:30:00,,,28.41508,77.04353,Nischal
2018-09-15 18:45:00,,,28.41508,77.04353,Nischal
2018-09-15 19:00:00,,,28.41508,77.04353,Nischal
2018-09-15 19:15:00,,,28.41508,77.04353,Nischal
2018-09-15 19:30:00,,,28.41508,77.04353,Nischal
2018-09-15 19:45:00,,,28.41508,77.04353,Nischal
2018-09-15 20:00:00,,,28.41508,77.04353,Nischal
2018-09-15 20:15:00,,,28.41508,77.04353,Nischal
2018-09-15 20:30:00,,,28.41508,77.04353,Nischal
2018-09-15 20:45:00,,,28.41508,77.04353,Nischal
2018-09-15 21:00:00,,,28.41508,77.04353,Nischal
2018-09-15 21:15:00,,,28.41508,77.04353,Nischal
2018-09-15 21:30:00,,,28.41508,77.04353,Nischal
2018-09-15 21:45:00,,,28.41508,77.04353,Nischal
2018-09-15 22:00:00,,,28.41508,77.04353,Nischal
2018-09-15 22:15:00,,,28.41508,77.04353,Nischal
2018-09-15 22:30:00,,,28.41508,77.04353,Nischal
2018-09-15 22:45:00,,,28.41508,77.04353,Nischal
2018-09-15 23:00:00,,,28.41508,77.04353,Nischal
2018-09-15 23:15:00,,,28.41508,77.04353,Nischal
2018-09-15 23:30:00,,,28.41508,77.04353,Nischal
2018-09-15 23:45:00,,,28.41508,77.04353,Nischal
2018-09-16 00:00:00,,,28.41508,77.04353,Nischal
2018-09-16 00:15:00,,,28.41508,77.04353,Nischal
2018-09-16 00:30:00,,,28.41508,77.04353,Nischal
2018-09-16 00:45:00,,,28.41508,77.04353,Nischal
2018-09-16 01:00:00,,,28.41508,77.04353,Nischal
2018-09-16 01:15:00,,,28.41508,77.04353,Nischal
2018-09-16 01:30:00,,,28.41508,77.04353,Nischal
2018-09-16 01:45:00,,,28.41508,77.04353,Nischal
2018-09-16 02:00:00,,,28.41508,77.04353,Nischal
2018-09-16 02:15:00,,,28.41508,77.04353,Nischal
2018-09-16 02:30:00,,,28.41508,77.04353,Nischal
2018-09-16 02:45:00,,,28.41508,77.04353,Nischal
2018-09-16 03:00:00,,,28.41508,77.04353,Nischal
2018-09-16 03:15:00,,,28.41508,77.04353,Nischal
2018-09-16 03:30:00,,,28.41508,77.04353,Nischal
2018-09-16 03:45:00,,,28.41508,77.04353,Nischal
2018-09-16 04:00:00,,,28.41508,77.04353,Nischal
2018-09-16 04:15:00,,,28.41508,77.04353,Nischal
2018-09-16 04:30:00,,,28.41508,77.04353,Nischal
2018-09-16 04:45:00,,,28.41508,77.04353,Nischal
2018-09-16 05:00:00,,,28.41508,77.04353,Nischal
2018-09-16 05:15:00,,,28.41508,77.04353,Nischal
2018-09-16 05:30:00,,,28.41508,77.04353,Nischal
2018-09-16 05:45:00,,,28.41508,77.04353,Nischal
2018-09-16 06:00:00,,,28.41508,77.04353,Nischal
2018-09-16 06:15:00,,,28.41508,77.04353,Nischal
2018-09-16 06:30:00,,,28.41508,77.04353,Nischal
2018-09-16 06:45:00,,,28.41508,77.04353,Nischal
2018-09-16 07:00:00,,,28.41508,77.04353,Nischal
2018-09-16 07:15:00,,,28.41508,77.04353,Nischal
2018-09-16 07:30:00,,,28.41508,77.04353,Nischal
2018-09-16 07:45:00,,,28.41508,77.04353,Nischal
2018-09-16 08:00:00,,,28.41508,77.04353,Nischal
2018-09-16 08:15:00,,,28.41508,77.04353,Nischal
2018-09-16 08:30:00,,,28.41508,77.04353,Nischal
2018-09-16 08:45:00,,,28.41508,77.04353,Nischal
2018-09-16 09:00:00,,,28.41508,77.04353,Nischal
2018-09-16 09:15:00,,,28.41508,77.04353,Nischal
2018-09-16 09:30:00,,,28.41508,77.04353,Nischal
2018-09-16 09:45:00,,,28.41508,77.04353,Nischal
2018-09-16 10:00:00,,,28.41508,77.04353,Nischal
2018-09-16 10:15:00,,,28.41508,77.04353,Nischal
2018-09-16 10:30:00,,,28.41508,77.04353,Nischal
2018-09-16 10:45:00,,,28.41508,77.04353,Nischal
2018-09-16 11:00:00,,,28.41508,77.04353,Nischal
2018-09-16 11:15:00,,,28.41508,77.04353,Nischal
2018-09-16 11:30:00,,,28.41508,77.04353,Nischal
2018-09-16 11:45:00,,,28.41508,77.04353,Nischal
2018-09-16 12:00:00,,,28.41508,77.04353,Nischal
2018-09-16 12:15:00,,,28.41508,77.04353,Nischal
2018-09-16 12:30:00,,,28.41508,77.04353,Nischal
2018-09-16 12:45:00,,,28.41508,77.04353,Nischal
2018-09-16 13:00:00,,,28.41508,77.04353,Nischal
2018-09-16 13:15:00,,,28.41508,77.04353,Nischal
2018-09-16 13:30:00,,,28.41508,77.04353,Nischal
2018-09-16 13:45:00,,,28.41508,77.04353,Nischal
2018-09-16 14:00:00,,,28.41508,77.04353,Nischal
2018-09-16 14:15:00,,,28.41508,77.04353,Nischal
2018-09-16 14:30:00,,,28.41508,77.04353,Nischal
2018-09-16 14:45:00,,,28.41508,77.04353,Nischal
2018-09-16 15:00:00,,,28.41508,77.04353,Nischal
2018-09-16 15:15:00,,,28.41508,77.04353,Nischal
2018-09-16 15:30:00,,,28.41508,77.04353,Nischal
2018-09-16 15:45:00,,,28.41508,77.04353,Nischal
2018-09-16 16:00:00,,,28.41508,77.04353,Nischal
2018-09-16 16:15:00,,,28.41508,77.04353,Nischal
2018-09-16 16:30:00,,,28.41508,77.04353,Nischal
2018-09-16 16:45:00,,,28.41508,77.04353,Nischal
2018-09-16 17:00:00,,,28.41508,77.04353,Nischal
2018-09-16 17:15:00,,,28.41508,77.04353,Nischal
2018-09-16 17:30:00,,,28.41508,77.04353,Nischal
2018-09-16 17:45:00,,,28.41508,77.04353,Nischal
2018-09-16 18:00:00,,,28.41508,77.04353,Nischal
2018-09-16 18:15:00,,,28.41508,77.04353,Nischal
2018-09-16 18:30:00,,,28.41508,77.04353,Nischal
2018-09-16 18:45:00,,,28.41508,77.04353,Nischal
2018-09-16 19:00:00,,,28.41508,77.04353,Nischal
2018-09-16 19:15:00,,,28.41508,77.04353,Nischal
2018-09-16 19:30:00,,,28.41508,77.04353,Nischal
2018-09-16 19:45:00,,,28.41508,77.04353,Nischal
2018-09-16 20:00:00,,,28.41508,77.04353,Nischal
2018-09-16 20:15:00,,,28.41508,77.04353,Nischal
2018-09-16 20:30:00,,,28.41508,77.04353,Nischal
2018-09-16 20:45:00,,,28.41508,77.04353,Nischal
2018-09-16 21:00:00,,,28.41508,77.04353,Nischal
2018-09-16 21:15:00,,,28.41508,77.04353,Nischal
2018-09-16 21:30:00,,,28.41508,77.04353,Nischal
2018-09-16 21:45:00,,,28.41508,77.04353,Nischal
2018-09-16 22:00:00,,,28.41508,77.04353,Nischal
2018-09-16 22:15:00,,,28.41508,77.04353,Nischal
2018-09-16 22:30:00,,,28.41508,77.04353,Nischal
2018-09-16 22:45:00,,,28.41508,77.04353,Nischal
2018-09-16 23:00:00,,,28.41508,77.04353,Nischal
2018-09-16 23:15:00,,,28.41508,77.04353,Nischal
2018-09-16 23:30:00,,,28.41508,77.04353,Nischal
2018-09-16 23:45:00,,,28.41508,77.04353,Nischal
2018-09-17 00:00:00,,,28.41508,77.04353,Nischal
2018-09-17 00:15:00,,,28.41508,77.04353,Nischal
2018-09-17 00:30:00,,,28.41508,77.04353,Nischal
2018-09-17 00:45:00,,,28.41508,77.04353,Nischal
2018-09-17 01:00:00,,,28.41508,77.04353,Nischal
2018-09-17 01:15:00,,,28.41508,77.04353,Nischal
2018-09-17 01:30:00,,,28.41508,77.04353,Nischal
2018-09-17 01:45:00,,,28.41508,77.04353,Nischal
2018-09-17 02:00:00,,,28.41508,77.04353,Nischal
2018-09-17 02:15:00,,,28.41508,77.04353,Nischal
2018-09-17 02:30:00,,,28.41508,77.04353,Nischal
2018-09-17 02:45:00,,,28.41508,77.04353,Nischal
2018-09-17 03:00:00,,,28.41508,77.04353,Nischal
2018-09-17 03:15:00,,,28.41508,77.04353,Nischal
2018-09-17 03:30:00,,,28.41508,77.04353,Nischal
2018-09-17 03:45:00,,,28.41508,77.04353,Nischal
2018-09-17 04:00:00,,,28.41508,77.04353,Nischal
2018-09-17 04:15:00,,,28.41508,77.04353,Nischal
2018-09-17 04:30:00,,,28.41508,77.04353,Nischal
2018-09-17 04:45:00,,,28.41508,77.04353,Nischal
2018-09-17 05:00:00,,,28.41508,77.04353,Nischal
2018-09-17 05:15:00,,,28.41508,77.04353,Nischal
2018-09-17 05:30:00,,,28.41508,77.04353,Nischal
2018-09-17 05:45:00,,,28.41508,77.04353,Nischal
2018-09-17 06:00:00,,,28.41508,77.04353,Nischal
2018-09-17 06:15:00,,,28.41508,77.04353,Nischal
2018-09-17 06:30:00,,,28.41508,77.04353,Nischal
2018-09-17 06:45:00,,,28.41508,77.04353,Nischal
2018-09-17 07:00:00,,,28.41508,77.04353,Nischal
2018-09-17 07:15:00,,,28.41508,77.04353,Nischal
2018-09-17 07:30:00,,,28.41508,77.04353,Nischal
2018-09-17 07:45:00,,,28.41508,77.04353,Nischal
2018-09-17 08:00:00,,,28.41508,77.04353,Nischal
2018-09-17 08:15:00,,,28.41508,77.04353,Nischal
2018-09-17 08:30:00,,,28.41508,77.04353,Nischal
2018-09-17 08:45:00,,,28.41508,77.04353,Nischal
2018-09-17 09:00:00,,,28.41508,77.04353,Nischal
2018-09-17 09:15:00,,,28.41508,77.04353,Nischal
2018-09-17 09:30:00,,,28.41508,77.04353,Nischal
2018-09-17 09:45:00,,,28.41508,77.04353,Nischal
2018-09-17 10:00:00,,,28.41508,77.04353,Nischal
2018-09-17 10:15:00,,,28.41508,77.04353,Nischal
2018-09-17 10:30:00,,,28.41508,77.04353,Nischal
2018-09-17 10:45:00,,,28.41508,77.04353,Nischal
2018-09-17 11:00:00,,,28.41508,77.04353,Nischal
2018-09-17 11:15:00,,,28.41508,77.04353,Nischal
2018-09-17 11:30:00,,,28.41508,77.04353,Nischal
2018-09-17 11:45:00,,,28.41508,77.04353,Nischal
2018-09-17 12:00:00,,,28.41508,77.04353,Nischal
2018-09-17 12:15:00,,,28.41508,77.04353,Nischal
2018-09-17 12:30:00,,,28.41508,77.04353,Nischal
2018-09-17 12:45:00,,,28.41508,77.04353,Nischal
2018-09-17 13:00:00,,,28.41508,77.04353,Nischal
2018-09-17 13:15:00,,,28.41508,77.04353,Nischal
2018-09-17 13:30:00,,,28.41508,77.04353,Nischal
2018-09-17 13:45:00,,,28.41508,77.04353,Nischal
2018-09-17 14:00:00,,,28.41508,77.04353,Nischal
2018-09-17 14:15:00,,,28.41508,77.04353,Nischal
2018-09-17 14:30:00,,,28.41508,77.04353,Nischal
2018-09-17 14:45:00,,,28.41508,77.04353,Nischal
2018-09-17 15:00:00,,,28.41508,77.04353,Nischal
2018-09-17 15:15:00,,,28.41508,77.04353,Nischal
2018-09-17 15:30:00,,,28.41508,77.04353,Nischal
2018-09-17 15:45:00,,,28.41508,77.04353,Nischal
2018-09-17 16:00:00,,,28.41508,77.04353,Nischal
2018-09-17 16:15:00,,,28.41508,77.04353,Nischal
2018-09-17 16:30:00,,,28.41508,77.04353,Nischal
2018-09-17 16:45:00,,,28.41508,77.04353,Nischal
2018-09-17 17:00:00,,,28.41508,77.04353,Nischal
2018-09-17 17:15:00,,,28.41508,77.04353,Nischal
2018-09-17 17:30:00,,,28.41508,77.04353,Nischal
2018-09-17 17:45:00,,,28.41508,77.04353,Nischal
2018-09-17 18:00:00,,,28.41508,77.04353,Nischal
2018-09-17 18:15:00,,,28.41508,77.04353,Nischal
2018-09-17 18:30:00,,,28.41508,77.04353,Nischal
2018-09-17 18:45:00,,,28.41508,77.04353,Nischal
2018-09-17 19:00:00,,,28.41508,77.04353,Nischal
2018-09-17 19:15:00,,,28.41508,77.04353,Nischal
2018-09-17 19:30:00,,,28.41508,77.04353,Nischal
2018-09-17 19:45:00,,,28.41508,77.04353,Nischal
2018-09-17 20:00:00,,,28.41508,77.04353,Nischal
2018-09-17 20:15:00,,,28.41508,77.04353,Nischal
2018-09-17 20:30:00,,,28.41508,77.04353,Nischal
2018-09-17 20:45:00,,,28.41508,77.04353,Nischal
2018-09-17 21:00:00,,,28.41508,77.04353,Nischal
2018-09-17 21:15:00,,,28.41508,77.04353,Nischal
2018-09-17 21:30:00,,,28.41508,77.04353,Nischal
2018-09-17 21:45:00,,,28.41508,77.04353,Nischal
2018-09-17 22:00:00,,,28.41508,77.04353,Nischal
2018-09-17 22:15:00,,,28.41508,77.04353,Nischal
2018-09-17 22:30:00,,,28.41508,77.04353,Nischal
2018-09-17 22:45:00,,,28.41508,77.04353,Nischal
2018-09-17 23:00:00,,,28.41508,77.04353,Nischal
2018-09-17 23:15:00,,,28.41508,77.04353,Nischal
2018-09-17 23:30:00,,,28.41508,77.04353,Nischal
2018-09-17 23:45:00,,,28.41508,77.04353,Nischal
2018-09-18 00:00:00,,,28.41508,77.04353,Nischal
2018-09-18 00:15:00,,,28.41508,77.04353,Nischal
2018-09-18 00:30:00,,,28.41508,77.04353,Nischal
2018-09-18 00:45:00,,,28.41508,77.04353,Nischal
2018-09-18 01:00:00,,,28.41508,77.04353,Nischal
2018-09-18 01:15:00,,,28.41508,77.04353,Nischal
2018-09-18 01:30:00,,,28.41508,77.04353,Nischal
2018-09-18 01:45:00,,,28.41508,77.04353,Nischal
2018-09-18 02:00:00,,,28.41508,77.04353,Nischal
2018-09-18 02:15:00,,,28.41508,77.04353,Nischal
2018-09-18 02:30:00,,,28.41508,77.04353,Nischal
2018-09-18 02:45:00,,,28.41508,77.04353,Nischal
2018-09-18 03:00:00,,,28.41508,77.04353,Nischal
2018-09-18 03:15:00,,,28.41508,77.04353,Nischal
2018-09-18 03:30:00,,,28.41508,77.04353,Nischal
2018-09-18 03:45:00,,,28.41508,77.04353,Nischal
2018-09-18 04:00:00,,,28.41508,77.04353,Nischal
2018-09-18 04:15:00,,,28.41508,77.04353,Nischal
2018-09-18 04:30:00,,,28.41508,77.04353,Nischal
2018-09-18 04:45:00,,,28.41508,77.04353,Nischal
2018-09-18 05:00:00,,,28.41508,77.04353,Nischal
2018-09-18 05:15:00,,,28.41508,77.04353,Nischal
2018-09-18 05:30:00,,,28.41508,77.04353,Nischal
2018-09-18 05:45:00,,,28.41508,77.04353,Nischal
2018-09-18 06:00:00,,,28.41508,77.04353,Nischal
2018-09-18 06:15:00,,,28.41508,77.04353,Nischal
2018-09-18 06:30:00,,,28.41508,77.04353,Nischal
2018-09-18 06:45:00,,,28.41508,77.04353,Nischal
2018-09-18 07:00:00,,,28.41508,77.04353,Nischal
2018-09-18 07:15:00,,,28.41508,77.04353,Nischal
2018-09-18 07:30:00,,,28.41508,77.04353,Nischal
2018-09-18 07:45:00,,,28.41508,77.04353,Nischal
2018-09-18 08:00:00,,,28.41508,77.04353,Nischal
2018-09-18 08:15:00,,,28.41508,77.04353,Nischal
2018-09-18 08:30:00,,,28.41508,77.04353,Nischal
2018-09-18 08:45:00,,,28.41508,77.04353,Nischal
2018-09-18 09:00:00,,,28.41508,77.04353,Nischal
2018-09-18 09:15:00,,,28.41508,77.04353,Nischal
2018-09-18 09:30:00,,,28.41508,77.04353,Nischal
2018-09-18 09:45:00,,,28.41508,77.04353,Nischal
2018-09-18 10:00:00,,,28.41508,77.04353,Nischal
2018-09-18 10:15:00,,,28.41508,77.04353,Nischal
2018-09-18 10:30:00,,,28.41508,77.04353,Nischal
2018-09-18 10:45:00,,,28.41508,77.04353,Nischal
2018-09-18 11:00:00,,,28.41508,77.04353,Nischal
2018-09-18 11:15:00,,,28.41508,77.04353,Nischal
2018-09-18 11:30:00,,,28.41508,77.04353,Nischal
2018-09-18 11:45:00,,,28.41508,77.04353,Nischal
2018-09-18 12:00:00,,,28.41508,77.04353,Nischal
2018-09-18 12:15:00,,,28.41508,77.04353,Nischal
2018-09-18 12:30:00,,,28.41508,77.04353,Nischal
2018-09-18 12:45:00,,,28.41508,77.04353,Nischal
2018-09-18 13:00:00,,,28.41508,77.04353,Nischal
2018-09-18 13:15:00,,,28.41508,77.04353,Nischal
2018-09-18 13:30:00,,,28.41508,77.04353,Nischal
2018-09-18 13:45:00,,,28.41508,77.04353,Nischal
2018-09-18 14:00:00,,,28.41508,77.04353,Nischal
2018-09-18 14:15:00,,,28.41508,77.04353,Nischal
2018-09-18 14:30:00,,,28.41508,77.04353,Nischal
2018-09-18 14:45:00,,,28.41508,77.04353,Nischal
2018-09-18 15:00:00,,,28.41508,77.04353,Nischal
2018-09-18 15:15:00,,,28.41508,77.04353,Nischal
2018-09-18 15:30:00,,,28.41508,77.04353,Nischal
2018-09-18 15:45:00,,,28.41508,77.04353,Nischal
2018-09-18 16:00:00,,,28.41508,77.04353,Nischal
2018-09-18 16:15:00,,,28.41508,77.04353,Nischal
2018-09-18 16:30:00,,,28.41508,77.04353,Nischal
2018-09-18 16:45:00,,,28.41508,77.04353,Nischal
2018-09-18 17:00:00,,,28.41508,77.04353,Nischal
2018-09-18 17:15:00,,,28.41508,77.04353,Nischal
2018-09-18 17:30:00,,,28.41508,77.04353,Nischal
2018-09-18 17:45:00,,,28.41508,77.04353,Nischal
2018-09-18 18:00:00,,,28.41508,77.04353,Nischal
2018-09-18 18:15:00,,,28.41508,77.04353,Nischal
2018-09-18 18:30:00,,,28.41508,77.04353,Nischal
2018-09-18 18:45:00,,,28.41508,77.04353,Nischal
2018-09-18 19:00:00,,,28.41508,77.04353,Nischal
2018-09-18 19:15:00,,,28.41508,77.04353,Nischal
2018-09-18 19:30:00,,,28.41508,77.04353,Nischal
2018-09-18 19:45:00,,,28.41508,77.04353,Nischal
2018-09-18 20:00:00,,,28.41508,77.04353,Nischal
2018-09-18 20:15:00,,,28.41508,77.04353,Nischal
2018-09-18 20:30:00,,,28.41508,77.04353,Nischal
2018-09-18 20:45:00,,,28.41508,77.04353,Nischal
2018-09-18 21:00:00,,,28.41508,77.04353,Nischal
2018-09-18 21:15:00,,,28.41508,77.04353,Nischal
2018-09-18 21:30:00,,,28.41508,77.04353,Nischal
2018-09-18 21:45:00,,,28.41508,77.04353,Nischal
2018-09-18 22:00:00,,,28.41508,77.04353,Nischal
2018-09-18 22:15:00,,,28.41508,77.04353,Nischal
2018-09-18 22:30:00,,,28.41508,77.04353,Nischal
2018-09-18 22:45:00,,,28.41508,77.04353,Nischal
2018-09-18 23:00:00,,,28.41508,77.04353,Nischal
2018-09-18 23:15:00,,,28.41508,77.04353,Nischal
2018-09-18 23:30:00,,,28.41508,77.04353,Nischal
2018-09-18 23:45:00,,,28.41508,77.04353,Nischal
2018-09-19 00:00:00,,,28.41508,77.04353,Nischal
2018-09-19 00:15:00,,,28.41508,77.04353,Nischal
2018-09-19 00:30:00,,,28.41508,77.04353,Nischal
2018-09-19 00:45:00,,,28.41508,77.04353,Nischal
2018-09-19 01:00:00,,,28.41508,77.04353,Nischal
2018-09-19 01:15:00,,,28.41508,77.04353,Nischal
2018-09-19 01:30:00,,,28.41508,77.04353,Nischal
2018-09-19 01:45:00,,,28.41508,77.04353,Nischal
2018-09-19 02:00:00,,,28.41508,77.04353,Nischal
2018-09-19 02:15:00,,,28.41508,77.04353,Nischal
2018-09-19 02:30:00,,,28.41508,77.04353,Nischal
2018-09-19 02:45:00,,,28.41508,77.04353,Nischal
2018-09-19 03:00:00,,,28.41508,77.04353,Nischal
2018-09-19 03:15:00,,,28.41508,77.04353,Nischal
2018-09-19 03:30:00,,,28.41508,77.04353,Nischal
2018-09-19 03:45:00,,,28.41508,77.04353,Nischal
2018-09-19 04:00:00,,,28.41508,77.04353,Nischal
2018-09-19 04:15:00,,,28.41508,77.04353,Nischal
2018-09-19 04:30:00,,,28.41508,77.04353,Nischal
2018-09-19 04:45:00,,,28.41508,77.04353,Nischal
2018-09-19 05:00:00,,,28.41508,77.04353,Nischal
2018-09-19 05:15:00,,,28.41508,77.04353,Nischal
2018-09-19 05:30:00,,,28.41508,77.04353,Nischal
2018-09-19 05:45:00,,,28.41508,77.04353,Nischal
2018-09-19 06:00:00,53.5,60.0,28.41508,77.04353,Nischal
2018-09-19 06:15:00,54.33333199999999,61.66666800000001,28.41508,77.04353,Nischal
2018-09-19 06:30:00,57.66666800000001,67.0,28.41508,77.04353,Nischal
2018-09-19 06:45:00,56.33333199999999,63.0,28.41508,77.04353,Nischal
2018-09-19 07:00:00,47.333332,53.66666800000001,28.41508,77.04353,Nischal
2018-09-19 07:15:00,48.333332,55.33333199999999,28.41508,77.04353,Nischal
2018-09-19 07:30:00,44.666668,49.666668,28.41508,77.04353,Nischal
2018-09-19 07:45:00,36.666668,40.333332,28.41508,77.04353,Nischal
2018-09-19 08:00:00,34.0,36.666668,28.41508,77.04353,Nischal
2018-09-19 08:15:00,75.0,87.333336,28.41508,77.04353,Nischal
2018-09-19 08:30:00,232.33333,282.0,28.41508,77.04353,Nischal
2018-09-19 08:45:00,84.666664,94.666664,28.41508,77.04353,Nischal
2018-09-19 09:00:00,51.333332,58.0,28.41508,77.04353,Nischal
2018-09-19 09:15:00,49.333332,55.0,28.41508,77.04353,Nischal
2018-09-19 09:30:00,50.666668,56.33333199999999,28.41508,77.04353,Nischal
2018-09-19 09:45:00,48.666668,54.33333199999999,28.41508,77.04353,Nischal
2018-09-19 10:00:00,51.666668,60.33333199999999,28.41508,77.04353,Nischal
2018-09-19 10:15:00,49.666668,56.0,28.41508,77.04353,Nischal
2018-09-19 10:30:00,51.0,58.0,28.41508,77.04353,Nischal
2018-09-19 10:45:00,53.0,60.0,28.41508,77.04353,Nischal
2018-09-19 11:00:00,52.0,58.66666800000001,28.41508,77.04353,Nischal
2018-09-19 11:15:00,48.0,51.333332,28.41508,77.04353,Nischal
2018-09-19 11:30:00,43.333332,46.0,28.41508,77.04353,Nischal
2018-09-19 11:45:00,40.666668,45.666668,28.41508,77.04353,Nischal
2018-09-19 12:00:00,57.33333199999999,62.33333199999999,28.41508,77.04353,Nischal
2018-09-19 12:15:00,59.33333199999999,66.333336,28.41508,77.04353,Nischal
2018-09-19 12:30:00,54.0,61.0,28.41508,77.04353,Nischal
2018-09-19 12:45:00,48.666668,54.33333199999999,28.41508,77.04353,Nischal
2018-09-19 13:00:00,48.333332,53.33333199999999,28.41508,77.04353,Nischal
2018-09-19 13:15:00,49.666668,56.66666800000001,28.41508,77.04353,Nischal
2018-09-19 13:30:00,158.0,190.66666999999998,28.41508,77.04353,Nischal
2018-09-19 13:45:00,463.0,562.6667,28.41508,77.04353,Nischal
2018-09-19 14:00:00,217.0,262.0,28.41508,77.04353,Nischal
2018-09-19 14:15:00,81.0,91.666664,28.41508,77.04353,Nischal
2018-09-19 14:30:00,66.0,73.666664,28.41508,77.04353,Nischal
2018-09-19 14:45:00,53.0,57.0,28.41508,77.04353,Nischal
2018-09-19 15:00:00,52.0,59.0,28.41508,77.04353,Nischal
2018-09-19 15:15:00,51.666668,57.33333199999999,28.41508,77.04353,Nischal
2018-09-19 15:30:00,51.666668,57.66666800000001,28.41508,77.04353,Nischal
2018-09-19 15:45:00,52.66666800000001,57.33333199999999,28.41508,77.04353,Nischal
2018-09-19 16:00:00,54.33333199999999,63.0,28.41508,77.04353,Nischal
2018-09-19 16:15:00,57.33333199999999,63.33333199999999,28.41508,77.04353,Nischal
2018-09-19 16:30:00,56.33333199999999,63.33333199999999,28.41508,77.04353,Nischal
2018-09-19 16:45:00,66.666664,73.333336,28.41508,77.04353,Nischal
2018-09-19 17:00:00,63.66666800000001,70.0,28.41508,77.04353,Nischal
2018-09-19 17:15:00,53.33333199999999,60.0,28.41508,77.04353,Nischal
2018-09-19 17:30:00,49.333332,52.0,28.41508,77.04353,Nischal
2018-09-19 17:45:00,89.333336,102.333336,28.41508,77.04353,Nischal
2018-09-19 18:00:00,264.33333999999996,318.66666000000004,28.41508,77.04353,Nischal
2018-09-19 18:15:00,179.0,211.66667,28.41508,77.04353,Nischal
2018-09-19 18:30:00,101.666664,116.33333600000002,28.41508,77.04353,Nischal
2018-09-19 18:45:00,76.666664,86.666664,28.41508,77.04353,Nischal
2018-09-19 19:00:00,68.666664,74.333336,28.41508,77.04353,Nischal
2018-09-19 19:15:00,68.333336,77.0,28.41508,77.04353,Nischal
2018-09-19 19:30:00,72.333336,81.666664,28.41508,77.04353,Nischal
2018-09-19 19:45:00,69.666664,78.333336,28.41508,77.04353,Nischal
2018-09-19 20:00:00,71.0,75.666664,28.41508,77.04353,Nischal
2018-09-19 20:15:00,71.666664,80.0,28.41508,77.04353,Nischal
2018-09-19 20:30:00,73.0,81.333336,28.41508,77.04353,Nischal
2018-09-19 20:45:00,76.333336,82.0,28.41508,77.04353,Nischal
2018-09-19 21:00:00,80.666664,88.666664,28.41508,77.04353,Nischal
2018-09-19 21:15:00,80.0,89.333336,28.41508,77.04353,Nischal
2018-09-19 21:30:00,84.333336,92.0,28.41508,77.04353,Nischal
2018-09-19 21:45:00,79.333336,87.666664,28.41508,77.04353,Nischal
2018-09-19 22:00:00,78.333336,89.333336,28.41508,77.04353,Nischal
2018-09-19 22:15:00,82.333336,94.666664,28.41508,77.04353,Nischal
2018-09-19 22:30:00,85.333336,93.666664,28.41508,77.04353,Nischal
2018-09-19 22:45:00,103.666664,122.66666399999998,28.41508,77.04353,Nischal
2018-09-19 23:00:00,110.66666399999998,128.66666999999998,28.41508,77.04353,Nischal
2018-09-19 23:15:00,124.66666399999998,144.66666999999998,28.41508,77.04353,Nischal
2018-09-19 23:30:00,126.66666399999998,148.66666999999998,28.41508,77.04353,Nischal
2018-09-19 23:45:00,134.66666999999998,157.0,28.41508,77.04353,Nischal
2018-09-20 00:00:00,133.0,157.0,28.41508,77.04353,Nischal
2018-09-20 00:15:00,138.33333000000002,160.0,28.41508,77.04353,Nischal
2018-09-20 00:30:00,139.0,160.33333000000002,28.41508,77.04353,Nischal
2018-09-20 00:45:00,139.66666999999998,161.33333000000002,28.41508,77.04353,Nischal
2018-09-20 01:00:00,161.66666999999998,184.0,28.41508,77.04353,Nischal
2018-09-20 01:15:00,180.33333000000002,206.33333000000002,28.41508,77.04353,Nischal
2018-09-20 01:30:00,188.66666999999998,222.33333,28.41508,77.04353,Nischal
2018-09-20 01:45:00,192.33333000000002,222.33333,28.41508,77.04353,Nischal
2018-09-20 02:00:00,175.33333000000002,208.0,28.41508,77.04353,Nischal
2018-09-20 02:15:00,185.33333000000002,216.66667,28.41508,77.04353,Nischal
2018-09-20 02:30:00,187.0,218.0,28.41508,77.04353,Nischal
2018-09-20 02:45:00,183.66666999999998,212.33333,28.41508,77.04353,Nischal
2018-09-20 03:00:00,154.66666999999998,175.33333000000002,28.41508,77.04353,Nischal
2018-09-20 03:15:00,119.0,131.66666999999998,28.41508,77.04353,Nischal
2018-09-20 03:30:00,92.0,104.333336,28.41508,77.04353,Nischal
2018-09-20 03:45:00,79.333336,89.0,28.41508,77.04353,Nischal
2018-09-20 04:00:00,65.333336,70.0,28.41508,77.04353,Nischal
2018-09-20 04:15:00,60.33333199999999,65.666664,28.41508,77.04353,Nischal
2018-09-20 04:30:00,58.0,64.0,28.41508,77.04353,Nischal
2018-09-20 04:45:00,59.0,66.333336,28.41508,77.04353,Nischal
2018-09-20 05:00:00,56.66666800000001,60.66666800000001,28.41508,77.04353,Nischal
2018-09-20 05:15:00,52.333332,58.0,28.41508,77.04353,Nischal
2018-09-20 05:30:00,52.0,58.33333199999999,28.41508,77.04353,Nischal
2018-09-20 05:45:00,54.0,61.0,28.41508,77.04353,Nischal
2018-09-20 06:00:00,57.0,64.0,28.41508,77.04353,Nischal
2018-09-20 06:15:00,62.33333199999999,67.333336,28.41508,77.04353,Nischal
2018-09-20 06:30:00,68.0,76.0,28.41508,77.04353,Nischal
2018-09-20 06:45:00,63.0,67.666664,28.41508,77.04353,Nischal
2018-09-20 07:00:00,52.0,56.0,28.41508,77.04353,Nischal
2018-09-20 07:15:00,44.333332,49.666668,28.41508,77.04353,Nischal
2018-09-20 07:30:00,39.0,42.0,28.41508,77.04353,Nischal
2018-09-20 07:45:00,39.666668,45.0,28.41508,77.04353,Nischal
2018-09-20 08:00:00,40.333332,44.666668,28.41508,77.04353,Nischal
2018-09-20 08:15:00,51.666668,56.33333199999999,28.41508,77.04353,Nischal
2018-09-20 08:30:00,55.33333199999999,60.66666800000001,28.41508,77.04353,Nischal
2018-09-20 08:45:00,66.666664,75.333336,28.41508,77.04353,Nischal
2018-09-20 09:00:00,68.333336,75.333336,28.41508,77.04353,Nischal
2018-09-20 09:15:00,67.0,73.0,28.41508,77.04353,Nischal
2018-09-20 09:30:00,76.0,84.0,28.41508,77.04353,Nischal
2018-09-20 09:45:00,81.0,88.0,28.41508,77.04353,Nischal
2018-09-20 10:00:00,84.0,90.0,28.41508,77.04353,Nischal
2018-09-20 10:15:00,84.333336,90.0,28.41508,77.04353,Nischal
2018-09-20 10:30:00,86.666664,93.0,28.41508,77.04353,Nischal
2018-09-20 10:45:00,79.0,86.333336,28.41508,77.04353,Nischal
2018-09-20 11:00:00,80.333336,89.0,28.41508,77.04353,Nischal
2018-09-20 11:15:00,75.0,81.666664,28.41508,77.04353,Nischal
2018-09-20 11:30:00,76.333336,80.0,28.41508,77.04353,Nischal
2018-09-20 11:45:00,73.666664,77.333336,28.41508,77.04353,Nischal
2018-09-20 12:00:00,72.666664,79.666664,28.41508,77.04353,Nischal
2018-09-20 12:15:00,76.0,81.333336,28.41508,77.04353,Nischal
2018-09-20 12:30:00,67.333336,74.666664,28.41508,77.04353,Nischal
2018-09-20 12:45:00,67.666664,70.666664,28.41508,77.04353,Nischal
2018-09-20 13:00:00,87.0,98.0,28.41508,77.04353,Nischal
2018-09-20 13:15:00,84.0,94.0,28.41508,77.04353,Nischal
2018-09-20 13:30:00,75.666664,81.666664,28.41508,77.04353,Nischal
2018-09-20 13:45:00,74.333336,82.333336,28.41508,77.04353,Nischal
2018-09-20 14:00:00,75.0,83.5,28.41508,77.04353,Nischal
2018-09-20 14:15:00,79.333336,89.333336,28.41508,77.04353,Nischal
2018-09-20 14:30:00,87.333336,96.333336,28.41508,77.04353,Nischal
2018-09-20 14:45:00,83.666664,88.666664,28.41508,77.04353,Nischal
2018-09-20 15:00:00,97.333336,106.0,28.41508,77.04353,Nischal
2018-09-20 15:15:00,97.666664,108.33333600000002,28.41508,77.04353,Nischal
2018-09-20 15:30:00,98.0,107.0,28.41508,77.04353,Nischal
2018-09-20 15:45:00,109.0,123.33333600000002,28.41508,77.04353,Nischal
2018-09-20 16:00:00,119.66666399999998,132.66666999999998,28.41508,77.04353,Nischal
2018-09-20 16:15:00,119.0,125.66666399999998,28.41508,77.04353,Nischal
2018-09-20 16:30:00,117.0,127.33333600000002,28.41508,77.04353,Nischal
2018-09-20 16:45:00,125.0,140.66666999999998,28.41508,77.04353,Nischal
2018-09-20 17:00:00,145.33333000000002,164.33333000000002,28.41508,77.04353,Nischal
2018-09-20 17:15:00,164.0,183.33333000000002,28.41508,77.04353,Nischal
2018-09-20 17:30:00,172.66666999999998,189.66666999999998,28.41508,77.04353,Nischal
2018-09-20 17:45:00,167.66666999999998,190.66666999999998,28.41508,77.04353,Nischal
2018-09-20 18:00:00,158.0,175.33333000000002,28.41508,77.04353,Nischal
2018-09-20 18:15:00,130.33333000000002,142.66666999999998,28.41508,77.04353,Nischal
2018-09-20 18:30:00,115.66666399999998,126.66666399999998,28.41508,77.04353,Nischal
2018-09-20 18:45:00,557.6667,713.3333,28.41508,77.04353,Nischal
2018-09-20 19:00:00,318.66666000000004,381.0,28.41508,77.04353,Nischal
2018-09-20 19:15:00,145.0,163.66666999999998,28.41508,77.04353,Nischal
2018-09-20 19:30:00,99.0,110.33333600000002,28.41508,77.04353,Nischal
2018-09-20 19:45:00,102.333336,112.0,28.41508,77.04353,Nischal
2018-09-20 20:00:00,106.0,118.66666399999998,28.41508,77.04353,Nischal
2018-09-20 20:15:00,100.0,111.33333600000002,28.41508,77.04353,Nischal
2018-09-20 20:30:00,94.666664,104.333336,28.41508,77.04353,Nischal
2018-09-20 20:45:00,86.666664,93.333336,28.41508,77.04353,Nischal
2018-09-20 21:00:00,90.0,98.0,28.41508,77.04353,Nischal
2018-09-20 21:15:00,90.0,98.333336,28.41508,77.04353,Nischal
2018-09-20 21:30:00,88.0,98.0,28.41508,77.04353,Nischal
2018-09-20 21:45:00,91.0,100.333336,28.41508,77.04353,Nischal
2018-09-20 22:00:00,92.666664,100.666664,28.41508,77.04353,Nischal
2018-09-20 22:15:00,88.666664,96.666664,28.41508,77.04353,Nischal
2018-09-20 22:30:00,92.666664,101.0,28.41508,77.04353,Nischal
2018-09-20 22:45:00,96.666664,107.0,28.41508,77.04353,Nischal
2018-09-20 23:00:00,105.66666399999998,116.33333600000002,28.41508,77.04353,Nischal
2018-09-20 23:15:00,100.0,113.33333600000002,28.41508,77.04353,Nischal
2018-09-20 23:30:00,92.0,102.0,28.41508,77.04353,Nischal
2018-09-20 23:45:00,88.666664,98.333336,28.41508,77.04353,Nischal
2018-09-21 00:00:00,85.666664,92.0,28.41508,77.04353,Nischal
2018-09-21 00:15:00,83.333336,87.333336,28.41508,77.04353,Nischal
2018-09-21 00:30:00,86.333336,96.666664,28.41508,77.04353,Nischal
2018-09-21 00:45:00,96.666664,108.33333600000002,28.41508,77.04353,Nischal
2018-09-21 01:00:00,96.0,105.0,28.41508,77.04353,Nischal
2018-09-21 01:15:00,98.0,109.66666399999998,28.41508,77.04353,Nischal
2018-09-21 01:30:00,105.33333600000002,117.33333600000002,28.41508,77.04353,Nischal
2018-09-21 01:45:00,98.0,109.0,28.41508,77.04353,Nischal
2018-09-21 02:00:00,95.0,103.333336,28.41508,77.04353,Nischal
2018-09-21 02:15:00,94.0,103.333336,28.41508,77.04353,Nischal
2018-09-21 02:30:00,89.333336,97.0,28.41508,77.04353,Nischal
2018-09-21 02:45:00,95.0,104.666664,28.41508,77.04353,Nischal
2018-09-21 03:00:00,92.666664,102.0,28.41508,77.04353,Nischal
2018-09-21 03:15:00,83.0,87.666664,28.41508,77.04353,Nischal
2018-09-21 03:30:00,77.333336,83.333336,28.41508,77.04353,Nischal
2018-09-21 03:45:00,65.0,71.666664,28.41508,77.04353,Nischal
2018-09-21 04:00:00,51.666668,58.66666800000001,28.41508,77.04353,Nischal
2018-09-21 04:15:00,47.333332,52.333332,28.41508,77.04353,Nischal
2018-09-21 04:30:00,44.666668,51.0,28.41508,77.04353,Nischal
2018-09-21 04:45:00,39.333332,42.666668,28.41508,77.04353,Nischal
2018-09-21 05:00:00,37.333332,41.333332,28.41508,77.04353,Nischal
2018-09-21 05:15:00,35.666668,39.666668,28.41508,77.04353,Nischal
2018-09-21 05:30:00,36.666668,39.666668,28.41508,77.04353,Nischal
2018-09-21 05:45:00,32.666668,36.0,28.41508,77.04353,Nischal
2018-09-21 06:00:00,30.333334000000004,31.666665999999996,28.41508,77.04353,Nischal
2018-09-21 06:15:00,25.333334,29.333334000000004,28.41508,77.04353,Nischal
2018-09-21 06:30:00,22.0,23.0,28.41508,77.04353,Nischal
2018-09-21 06:45:00,18.666666,20.0,28.41508,77.04353,Nischal
2018-09-21 07:00:00,19.666666,21.0,28.41508,77.04353,Nischal
2018-09-21 07:15:00,255.0,316.0,28.41508,77.04353,Nischal
2018-09-21 07:30:00,303.0,367.33333999999996,28.41508,77.04353,Nischal
2018-09-21 07:45:00,36.666668,41.666668,28.41508,77.04353,Nischal
2018-09-21 08:00:00,17.666666,19.666666,28.41508,77.04353,Nischal
2018-09-21 08:15:00,17.0,19.333334,28.41508,77.04353,Nischal
2018-09-21 08:30:00,14.0,16.333334,28.41508,77.04353,Nischal
2018-09-21 08:45:00,11.666667,12.666667,28.41508,77.04353,Nischal
2018-09-21 09:00:00,9.666667,10.0,28.41508,77.04353,Nischal
2018-09-21 09:15:00,5.6666665,5.6666665,28.41508,77.04353,Nischal
2018-09-21 09:30:00,6.666666499999999,6.3333335,28.41508,77.04353,Nischal
2018-09-21 09:45:00,6.666666499999999,6.3333335,28.41508,77.04353,Nischal
2018-09-21 10:00:00,9.666667,9.333333,28.41508,77.04353,Nischal
2018-09-21 10:15:00,12.333333,12.666667,28.41508,77.04353,Nischal
2018-09-21 10:30:00,15.333332999999998,16.0,28.41508,77.04353,Nischal
2018-09-21 10:45:00,15.666667000000002,17.0,28.41508,77.04353,Nischal
2018-09-21 11:00:00,13.333332999999998,15.333332999999998,28.41508,77.04353,Nischal
2018-09-21 11:15:00,11.0,11.5,28.41508,77.04353,Nischal
2018-09-21 11:30:00,7.0,7.333333500000001,28.41508,77.04353,Nischal
2018-09-21 11:45:00,8.0,7.333333500000001,28.41508,77.04353,Nischal
2018-09-21 12:00:00,7.0,6.3333335,28.41508,77.04353,Nischal
2018-09-21 12:15:00,7.0,7.0,28.41508,77.04353,Nischal
2018-09-21 12:30:00,33.0,55.33333199999999,28.41508,77.04353,Nischal
2018-09-21 12:45:00,11.333333,13.0,28.41508,77.04353,Nischal
2018-09-21 13:00:00,10.666667,10.0,28.41508,77.04353,Nischal
2018-09-21 13:15:00,15.0,18.333334,28.41508,77.04353,Nischal
2018-09-21 13:30:00,16.666666,19.666666,28.41508,77.04353,Nischal
2018-09-21 13:45:00,17.0,18.333334,28.41508,77.04353,Nischal
2018-09-21 14:00:00,20.666666,23.333334,28.41508,77.04353,Nischal
2018-09-21 14:15:00,19.333334,20.333334,28.41508,77.04353,Nischal
2018-09-21 14:30:00,21.333334,25.0,28.41508,77.04353,Nischal
2018-09-21 14:45:00,17.666666,19.666666,28.41508,77.04353,Nischal
2018-09-21 15:00:00,21.333334,23.666666,28.41508,77.04353,Nischal
2018-09-21 15:15:00,21.666666,24.666666,28.41508,77.04353,Nischal
2018-09-21 15:30:00,19.333334,21.333334,28.41508,77.04353,Nischal
2018-09-21 15:45:00,18.0,18.666666,28.41508,77.04353,Nischal
2018-09-21 16:00:00,11.333333,13.333332999999998,28.41508,77.04353,Nischal
2018-09-21 16:15:00,7.666666499999999,10.666667,28.41508,77.04353,Nischal
2018-09-21 16:30:00,6.0,6.3333335,28.41508,77.04353,Nischal
2018-09-21 16:45:00,3.6666667,2.6666667,28.41508,77.04353,Nischal
2018-09-21 17:00:00,2.0,2.6666667,28.41508,77.04353,Nischal
2018-09-21 17:15:00,1.6666666,1.6666666,28.41508,77.04353,Nischal
2018-09-21 17:30:00,3.0,2.3333333,28.41508,77.04353,Nischal
2018-09-21 17:45:00,3.3333333,2.6666667,28.41508,77.04353,Nischal
2018-09-21 18:00:00,3.0,2.0,28.41508,77.04353,Nischal
2018-09-21 18:15:00,4.0,3.0,28.41508,77.04353,Nischal
2018-09-21 18:30:00,4.0,3.3333333,28.41508,77.04353,Nischal
2018-09-21 18:45:00,5.0,4.6666665,28.41508,77.04353,Nischal
2018-09-21 19:00:00,6.0,6.0,28.41508,77.04353,Nischal
2018-09-21 19:15:00,6.0,7.0,28.41508,77.04353,Nischal
2018-09-21 19:30:00,8.666667,9.0,28.41508,77.04353,Nischal
2018-09-21 19:45:00,9.666667,10.666667,28.41508,77.04353,Nischal
2018-09-21 20:00:00,9.0,8.666667,28.41508,77.04353,Nischal
2018-09-21 20:15:00,10.0,9.333333,28.41508,77.04353,Nischal
2018-09-21 20:30:00,9.0,8.666667,28.41508,77.04353,Nischal
2018-09-21 20:45:00,9.0,8.333333,28.41508,77.04353,Nischal
2018-09-21 21:00:00,10.666667,10.0,28.41508,77.04353,Nischal
2018-09-21 21:15:00,13.0,13.0,28.41508,77.04353,Nischal
2018-09-21 21:30:00,11.666667,13.0,28.41508,77.04353,Nischal
2018-09-21 21:45:00,9.666667,10.0,28.41508,77.04353,Nischal
2018-09-21 22:00:00,9.666667,9.666667,28.41508,77.04353,Nischal
2018-09-21 22:15:00,10.333333,10.666667,28.41508,77.04353,Nischal
2018-09-21 22:30:00,11.333333,10.333333,28.41508,77.04353,Nischal
2018-09-21 22:45:00,9.666667,9.0,28.41508,77.04353,Nischal
2018-09-21 23:00:00,9.0,8.333333,28.41508,77.04353,Nischal
2018-09-21 23:15:00,10.333333,10.0,28.41508,77.04353,Nischal
2018-09-21 23:30:00,10.333333,10.0,28.41508,77.04353,Nischal
2018-09-21 23:45:00,12.0,11.666667,28.41508,77.04353,Nischal
2018-09-22 00:00:00,11.666667,11.666667,28.41508,77.04353,Nischal
2018-09-22 00:15:00,12.333333,13.0,28.41508,77.04353,Nischal
2018-09-22 00:30:00,14.333332999999998,15.333332999999998,28.41508,77.04353,Nischal
2018-09-22 00:45:00,15.0,16.0,28.41508,77.04353,Nischal
2018-09-22 01:00:00,15.666667000000002,16.333334,28.41508,77.04353,Nischal
2018-09-22 01:15:00,16.0,18.0,28.41508,77.04353,Nischal
2018-09-22 01:30:00,17.0,19.0,28.41508,77.04353,Nischal
2018-09-22 01:45:00,19.333334,20.333334,28.41508,77.04353,Nischal
2018-09-22 02:00:00,21.0,22.333334,28.41508,77.04353,Nischal
2018-09-22 02:15:00,18.666666,21.0,28.41508,77.04353,Nischal
2018-09-22 02:30:00,21.0,23.0,28.41508,77.04353,Nischal
2018-09-22 02:45:00,20.333334,21.666666,28.41508,77.04353,Nischal
2018-09-22 03:00:00,19.0,22.0,28.41508,77.04353,Nischal
2018-09-22 03:15:00,20.0,23.666666,28.41508,77.04353,Nischal
2018-09-22 03:30:00,20.0,21.666666,28.41508,77.04353,Nischal
2018-09-22 03:45:00,22.666666,23.666666,28.41508,77.04353,Nischal
2018-09-22 04:00:00,23.333334,25.666666,28.41508,77.04353,Nischal
2018-09-22 04:15:00,25.0,29.0,28.41508,77.04353,Nischal
2018-09-22 04:30:00,31.333334000000004,34.666668,28.41508,77.04353,Nischal
2018-09-22 04:45:00,29.333334000000004,31.333334000000004,28.41508,77.04353,Nischal
2018-09-22 05:00:00,31.0,33.666668,28.41508,77.04353,Nischal
2018-09-22 05:15:00,34.666668,38.333332,28.41508,77.04353,Nischal
2018-09-22 05:30:00,36.333332,38.666668,28.41508,77.04353,Nischal
2018-09-22 05:45:00,34.666668,36.666668,28.41508,77.04353,Nischal
2018-09-22 06:00:00,40.0,42.333332,28.41508,77.04353,Nischal
2018-09-22 06:15:00,37.333332,41.666668,28.41508,77.04353,Nischal
2018-09-22 06:30:00,36.0,40.333332,28.41508,77.04353,Nischal
2018-09-22 06:45:00,40.666668,44.666668,28.41508,77.04353,Nischal
2018-09-22 07:00:00,40.666668,43.333332,28.41508,77.04353,Nischal
2018-09-22 07:15:00,42.0,45.0,28.41508,77.04353,Nischal
2018-09-22 07:30:00,43.666668,47.333332,28.41508,77.04353,Nischal
2018-09-22 07:45:00,44.666668,48.666668,28.41508,77.04353,Nischal
2018-09-22 08:00:00,46.666668,53.0,28.41508,77.04353,Nischal
2018-09-22 08:15:00,44.666668,47.333332,28.41508,77.04353,Nischal
2018-09-22 08:30:00,47.333332,53.33333199999999,28.41508,77.04353,Nischal
2018-09-22 08:45:00,47.0,52.0,28.41508,77.04353,Nischal
2018-09-22 09:00:00,50.666668,54.33333199999999,28.41508,77.04353,Nischal
2018-09-22 09:15:00,52.333332,57.66666800000001,28.41508,77.04353,Nischal
2018-09-22 09:30:00,53.66666800000001,60.66666800000001,28.41508,77.04353,Nischal
2018-09-22 09:45:00,50.666668,57.0,28.41508,77.04353,Nischal
2018-09-22 10:00:00,51.0,56.0,28.41508,77.04353,Nischal
2018-09-22 10:15:00,50.666668,57.0,28.41508,77.04353,Nischal
2018-09-22 10:30:00,50.0,53.0,28.41508,77.04353,Nischal
2018-09-22 10:45:00,51.333332,56.33333199999999,28.41508,77.04353,Nischal
2018-09-22 11:00:00,50.0,56.66666800000001,28.41508,77.04353,Nischal
2018-09-22 11:15:00,54.66666800000001,59.33333199999999,28.41508,77.04353,Nischal
2018-09-22 11:30:00,52.333332,59.0,28.41508,77.04353,Nischal
2018-09-22 11:45:00,52.333332,56.66666800000001,28.41508,77.04353,Nischal
2018-09-22 12:00:00,55.66666800000001,60.0,28.41508,77.04353,Nischal
2018-09-22 12:15:00,53.0,58.0,28.41508,77.04353,Nischal
2018-09-22 12:30:00,48.666668,54.0,28.41508,77.04353,Nischal
2018-09-22 12:45:00,47.0,51.666668,28.41508,77.04353,Nischal
2018-09-22 13:00:00,46.0,51.0,28.41508,77.04353,Nischal
2018-09-22 13:15:00,47.0,54.66666800000001,28.41508,77.04353,Nischal
2018-09-22 13:30:00,48.666668,54.66666800000001,28.41508,77.04353,Nischal
2018-09-22 13:45:00,51.333332,57.33333199999999,28.41508,77.04353,Nischal
2018-09-22 14:00:00,52.333332,59.33333199999999,28.41508,77.04353,Nischal
2018-09-22 14:15:00,53.66666800000001,58.33333199999999,28.41508,77.04353,Nischal
2018-09-22 14:30:00,54.33333199999999,60.66666800000001,28.41508,77.04353,Nischal
2018-09-22 14:45:00,53.0,56.33333199999999,28.41508,77.04353,Nischal
2018-09-22 15:00:00,52.66666800000001,58.33333199999999,28.41508,77.04353,Nischal
2018-09-22 15:15:00,55.33333199999999,60.66666800000001,28.41508,77.04353,Nischal
2018-09-22 15:30:00,59.33333199999999,66.0,28.41508,77.04353,Nischal
2018-09-22 15:45:00,58.33333199999999,65.0,28.41508,77.04353,Nischal
2018-09-22 16:00:00,62.0,68.666664,28.41508,77.04353,Nischal
2018-09-22 16:15:00,59.66666800000001,65.333336,28.41508,77.04353,Nischal
2018-09-22 16:30:00,63.0,70.666664,28.41508,77.04353,Nischal
2018-09-22 16:45:00,62.0,65.666664,28.41508,77.04353,Nischal
2018-09-22 17:00:00,63.66666800000001,73.0,28.41508,77.04353,Nischal
2018-09-22 17:15:00,65.333336,70.666664,28.41508,77.04353,Nischal
2018-09-22 17:30:00,65.333336,71.0,28.41508,77.04353,Nischal
2018-09-22 17:45:00,62.0,67.0,28.41508,77.04353,Nischal
2018-09-22 18:00:00,61.33333199999999,66.333336,28.41508,77.04353,Nischal
2018-09-22 18:15:00,60.0,65.666664,28.41508,77.04353,Nischal
2018-09-22 18:30:00,65.666664,76.0,28.41508,77.04353,Nischal
2018-09-22 18:45:00,64.333336,71.333336,28.41508,77.04353,Nischal
2018-09-22 19:00:00,67.666664,74.666664,28.41508,77.04353,Nischal
2018-09-22 19:15:00,66.0,73.333336,28.41508,77.04353,Nischal
2018-09-22 19:30:00,59.66666800000001,67.333336,28.41508,77.04353,Nischal
2018-09-22 19:45:00,61.66666800000001,70.333336,28.41508,77.04353,Nischal
2018-09-22 20:00:00,59.0,66.333336,28.41508,77.04353,Nischal
2018-09-22 20:15:00,57.66666800000001,64.333336,28.41508,77.04353,Nischal
2018-09-22 20:30:00,57.33333199999999,67.666664,28.41508,77.04353,Nischal
2018-09-22 20:45:00,53.66666800000001,59.33333199999999,28.41508,77.04353,Nischal
2018-09-22 21:00:00,50.666668,57.0,28.41508,77.04353,Nischal
2018-09-22 21:15:00,45.333332,50.333332,28.41508,77.04353,Nischal
2018-09-22 21:30:00,46.333332,52.0,28.41508,77.04353,Nischal
2018-09-22 21:45:00,46.0,48.666668,28.41508,77.04353,Nischal
2018-09-22 22:00:00,48.666668,54.0,28.41508,77.04353,Nischal
2018-09-22 22:15:00,47.0,51.5,28.41508,77.04353,Nischal
2018-09-22 22:30:00,51.333332,55.0,28.41508,77.04353,Nischal
2018-09-22 22:45:00,53.0,57.66666800000001,28.41508,77.04353,Nischal
2018-09-22 23:00:00,50.666668,58.66666800000001,28.41508,77.04353,Nischal
2018-09-22 23:15:00,52.0,57.66666800000001,28.41508,77.04353,Nischal
2018-09-22 23:30:00,53.66666800000001,61.33333199999999,28.41508,77.04353,Nischal
2018-09-22 23:45:00,58.0,64.0,28.41508,77.04353,Nischal
2018-09-23 00:00:00,55.33333199999999,64.333336,28.41508,77.04353,Nischal
2018-09-23 00:15:00,55.33333199999999,60.66666800000001,28.41508,77.04353,Nischal
2018-09-23 00:30:00,54.66666800000001,59.66666800000001,28.41508,77.04353,Nischal
2018-09-23 00:45:00,53.66666800000001,61.0,28.41508,77.04353,Nischal
2018-09-23 01:00:00,57.66666800000001,63.0,28.41508,77.04353,Nischal
2018-09-23 01:15:00,57.33333199999999,64.0,28.41508,77.04353,Nischal
2018-09-23 01:30:00,59.33333199999999,68.0,28.41508,77.04353,Nischal
2018-09-23 01:45:00,59.0,65.666664,28.41508,77.04353,Nischal
2018-09-23 02:00:00,61.33333199999999,65.666664,28.41508,77.04353,Nischal
2018-09-23 02:15:00,59.66666800000001,63.66666800000001,28.41508,77.04353,Nischal
2018-09-23 02:30:00,61.33333199999999,67.666664,28.41508,77.04353,Nischal
2018-09-23 02:45:00,63.66666800000001,70.333336,28.41508,77.04353,Nischal
2018-09-23 03:00:00,64.0,71.333336,28.41508,77.04353,Nischal
2018-09-23 03:15:00,62.66666800000001,69.0,28.41508,77.04353,Nischal
2018-09-23 03:30:00,68.666664,77.0,28.41508,77.04353,Nischal
2018-09-23 03:45:00,67.333336,74.666664,28.41508,77.04353,Nischal
2018-09-23 04:00:00,69.0,76.333336,28.41508,77.04353,Nischal
2018-09-23 04:15:00,72.333336,78.666664,28.41508,77.04353,Nischal
2018-09-23 04:30:00,77.0,85.666664,28.41508,77.04353,Nischal
2018-09-23 04:45:00,78.0,88.0,28.41508,77.04353,Nischal
2018-09-23 05:00:00,78.333336,87.666664,28.41508,77.04353,Nischal
2018-09-23 05:15:00,82.333336,90.0,28.41508,77.04353,Nischal
2018-09-23 05:30:00,81.0,90.333336,28.41508,77.04353,Nischal
2018-09-23 05:45:00,82.666664,93.333336,28.41508,77.04353,Nischal
2018-09-23 06:00:00,78.666664,88.666664,28.41508,77.04353,Nischal
2018-09-23 06:15:00,81.0,88.0,28.41508,77.04353,Nischal
2018-09-23 06:30:00,85.333336,93.666664,28.41508,77.04353,Nischal
2018-09-23 06:45:00,84.666664,95.666664,28.41508,77.04353,Nischal
2018-09-23 07:00:00,75.333336,83.333336,28.41508,77.04353,Nischal
2018-09-23 07:15:00,70.666664,79.0,28.41508,77.04353,Nischal
2018-09-23 07:30:00,61.66666800000001,68.666664,28.41508,77.04353,Nischal
2018-09-23 07:45:00,60.33333199999999,66.0,28.41508,77.04353,Nischal
2018-09-23 08:00:00,60.66666800000001,67.0,28.41508,77.04353,Nischal
2018-09-23 08:15:00,58.33333199999999,63.33333199999999,28.41508,77.04353,Nischal
2018-09-23 08:30:00,53.5,59.0,28.41508,77.04353,Nischal
2018-09-23 08:45:00,52.333332,56.66666800000001,28.41508,77.04353,Nischal
2018-09-23 09:00:00,49.0,54.66666800000001,28.41508,77.04353,Nischal
2018-09-23 09:15:00,46.666668,50.333332,28.41508,77.04353,Nischal
2018-09-23 09:30:00,42.0,46.666668,28.41508,77.04353,Nischal
2018-09-23 09:45:00,45.0,52.0,28.41508,77.04353,Nischal
2018-09-23 10:00:00,44.0,48.0,28.41508,77.04353,Nischal
2018-09-23 10:15:00,40.333332,45.0,28.41508,77.04353,Nischal
2018-09-23 10:30:00,42.333332,45.666668,28.41508,77.04353,Nischal
2018-09-23 10:45:00,44.333332,50.0,28.41508,77.04353,Nischal
2018-09-23 11:00:00,42.666668,48.0,28.41508,77.04353,Nischal
2018-09-23 11:15:00,39.0,46.333332,28.41508,77.04353,Nischal
2018-09-23 11:30:00,38.5,44.0,28.41508,77.04353,Nischal
2018-09-23 11:45:00,41.0,48.666668,28.41508,77.04353,Nischal
2018-09-23 12:00:00,45.666668,51.0,28.41508,77.04353,Nischal
2018-09-23 12:15:00,48.666668,54.66666800000001,28.41508,77.04353,Nischal
2018-09-23 12:30:00,51.666668,56.0,28.41508,77.04353,Nischal
2018-09-23 12:45:00,58.66666800000001,63.66666800000001,28.41508,77.04353,Nischal
2018-09-23 13:00:00,70.666664,77.666664,28.41508,77.04353,Nischal
2018-09-23 13:15:00,64.333336,70.666664,28.41508,77.04353,Nischal
2018-09-23 13:30:00,33.0,36.333332,28.41508,77.04353,Nischal
2018-09-23 13:45:00,25.0,26.666665999999996,28.41508,77.04353,Nischal
2018-09-23 14:00:00,56.66666800000001,62.0,28.41508,77.04353,Nischal
2018-09-23 14:15:00,77.0,85.333336,28.41508,77.04353,Nischal
2018-09-23 14:30:00,85.333336,94.333336,28.41508,77.04353,Nischal
2018-09-23 14:45:00,81.666664,91.0,28.41508,77.04353,Nischal
2018-09-23 15:00:00,72.666664,83.0,28.41508,77.04353,Nischal
2018-09-23 15:15:00,40.666668,44.333332,28.41508,77.04353,Nischal
2018-09-23 15:30:00,39.0,43.333332,28.41508,77.04353,Nischal
2018-09-23 15:45:00,41.333332,45.0,28.41508,77.04353,Nischal
2018-09-23 16:00:00,35.333332,38.666668,28.41508,77.04353,Nischal
2018-09-23 16:15:00,15.0,15.0,28.41508,77.04353,Nischal
2018-09-23 16:30:00,12.666667,14.0,28.41508,77.04353,Nischal
2018-09-23 16:45:00,12.0,12.0,28.41508,77.04353,Nischal
2018-09-23 17:00:00,12.333333,13.333332999999998,28.41508,77.04353,Nischal
2018-09-23 17:15:00,12.0,12.333333,28.41508,77.04353,Nischal
2018-09-23 17:30:00,13.0,14.333332999999998,28.41508,77.04353,Nischal
2018-09-23 17:45:00,15.333332999999998,17.0,28.41508,77.04353,Nischal
2018-09-23 18:00:00,18.666666,19.666666,28.41508,77.04353,Nischal
2018-09-23 18:15:00,18.0,19.5,28.41508,77.04353,Nischal
2018-09-23 18:30:00,17.333334,18.0,28.41508,77.04353,Nischal
2018-09-23 18:45:00,20.333334,22.333334,28.41508,77.04353,Nischal
2018-09-23 19:00:00,24.666666,27.0,28.41508,77.04353,Nischal
2018-09-23 19:15:00,22.333334,25.0,28.41508,77.04353,Nischal
2018-09-23 19:30:00,16.0,17.333334,28.41508,77.04353,Nischal
2018-09-23 19:45:00,13.0,14.0,28.41508,77.04353,Nischal
2018-09-23 20:00:00,13.333332999999998,14.333332999999998,28.41508,77.04353,Nischal
2018-09-23 20:15:00,637.0,868.0,28.41508,77.04353,Nischal
2018-09-23 20:30:00,252.33333,318.0,28.41508,77.04353,Nischal
2018-09-23 20:45:00,65.0,75.333336,28.41508,77.04353,Nischal
2018-09-23 21:00:00,31.333334000000004,35.666668,28.41508,77.04353,Nischal
2018-09-23 21:15:00,22.0,24.333334,28.41508,77.04353,Nischal
2018-09-23 21:30:00,20.666666,21.333334,28.41508,77.04353,Nischal
2018-09-23 21:45:00,18.666666,21.0,28.41508,77.04353,Nischal
2018-09-23 22:00:00,18.333334,19.666666,28.41508,77.04353,Nischal
2018-09-23 22:15:00,18.0,19.333334,28.41508,77.04353,Nischal
2018-09-23 22:30:00,16.666666,19.0,28.41508,77.04353,Nischal
2018-09-23 22:45:00,16.666666,18.333334,28.41508,77.04353,Nischal
2018-09-23 23:00:00,16.666666,18.0,28.41508,77.04353,Nischal
2018-09-23 23:15:00,14.666667000000002,15.333332999999998,28.41508,77.04353,Nischal
2018-09-23 23:30:00,14.333332999999998,16.0,28.41508,77.04353,Nischal
2018-09-23 23:45:00,16.666666,18.0,28.41508,77.04353,Nischal
2018-09-24 00:00:00,15.666667000000002,17.666666,28.41508,77.04353,Nischal
2018-09-24 00:15:00,20.666666,23.333334,28.41508,77.04353,Nischal
2018-09-24 00:30:00,21.333334,23.666666,28.41508,77.04353,Nischal
2018-09-24 00:45:00,22.0,25.333334,28.41508,77.04353,Nischal
2018-09-24 01:00:00,21.666666,24.333334,28.41508,77.04353,Nischal
2018-09-24 01:15:00,24.333334,28.0,28.41508,77.04353,Nischal
2018-09-24 01:30:00,26.0,28.666665999999996,28.41508,77.04353,Nischal
2018-09-24 01:45:00,25.666666,28.666665999999996,28.41508,77.04353,Nischal
2018-09-24 02:00:00,29.666665999999996,34.333332,28.41508,77.04353,Nischal
2018-09-24 02:15:00,28.0,31.333334000000004,28.41508,77.04353,Nischal
2018-09-24 02:30:00,30.0,33.0,28.41508,77.04353,Nischal
2018-09-24 02:45:00,29.333334000000004,32.666668,28.41508,77.04353,Nischal
2018-09-24 03:00:00,32.0,35.333332,28.41508,77.04353,Nischal
2018-09-24 03:15:00,39.333332,45.333332,28.41508,77.04353,Nischal
2018-09-24 03:30:00,41.0,45.333332,28.41508,77.04353,Nischal
2018-09-24 03:45:00,41.0,46.0,28.41508,77.04353,Nischal
2018-09-24 04:00:00,38.0,43.0,28.41508,77.04353,Nischal
2018-09-24 04:15:00,41.333332,48.0,28.41508,77.04353,Nischal
2018-09-24 04:30:00,43.333332,51.0,28.41508,77.04353,Nischal
2018-09-24 04:45:00,48.333332,53.33333199999999,28.41508,77.04353,Nischal
2018-09-24 05:00:00,47.0,51.0,28.41508,77.04353,Nischal
2018-09-24 05:15:00,50.333332,59.66666800000001,28.41508,77.04353,Nischal
2018-09-24 05:30:00,49.0,52.0,28.41508,77.04353,Nischal
2018-09-24 05:45:00,45.333332,50.0,28.41508,77.04353,Nischal
2018-09-24 06:00:00,44.666668,49.0,28.41508,77.04353,Nischal
2018-09-24 06:15:00,43.666668,46.666668,28.41508,77.04353,Nischal
2018-09-24 06:30:00,39.333332,44.666668,28.41508,77.04353,Nischal
2018-09-24 06:45:00,44.666668,49.0,28.41508,77.04353,Nischal
2018-09-24 07:00:00,44.0,48.333332,28.41508,77.04353,Nischal
2018-09-24 07:15:00,47.333332,51.666668,28.41508,77.04353,Nischal
2018-09-24 07:30:00,56.66666800000001,61.33333199999999,28.41508,77.04353,Nischal
2018-09-24 07:45:00,51.666668,57.0,28.41508,77.04353,Nischal
2018-09-24 08:00:00,50.333332,55.66666800000001,28.41508,77.04353,Nischal
2018-09-24 08:15:00,49.333332,53.33333199999999,28.41508,77.04353,Nischal
2018-09-24 08:30:00,49.333332,55.0,28.41508,77.04353,Nischal
2018-09-24 08:45:00,52.333332,58.0,28.41508,77.04353,Nischal
2018-09-24 09:00:00,55.0,60.0,28.41508,77.04353,Nischal
2018-09-24 09:15:00,51.666668,56.33333199999999,28.41508,77.04353,Nischal
2018-09-24 09:30:00,47.0,52.66666800000001,28.41508,77.04353,Nischal
2018-09-24 09:45:00,34.0,35.666668,28.41508,77.04353,Nischal
2018-09-24 10:00:00,31.333334000000004,33.333332,28.41508,77.04353,Nischal
2018-09-24 10:15:00,32.0,33.333332,28.41508,77.04353,Nischal
2018-09-24 10:30:00,33.333332,35.333332,28.41508,77.04353,Nischal
2018-09-24 10:45:00,35.333332,40.0,28.41508,77.04353,Nischal
2018-09-24 11:00:00,39.333332,45.0,28.41508,77.04353,Nischal
2018-09-24 11:15:00,49.666668,54.66666800000001,28.41508,77.04353,Nischal
2018-09-24 11:30:00,49.333332,55.0,28.41508,77.04353,Nischal
2018-09-24 11:45:00,42.0,47.666668,28.41508,77.04353,Nischal
2018-09-24 12:00:00,39.0,43.333332,28.41508,77.04353,Nischal
2018-09-24 12:15:00,44.666668,51.333332,28.41508,77.04353,Nischal
2018-09-24 12:30:00,36.333332,40.666668,28.41508,77.04353,Nischal
2018-09-24 12:45:00,39.666668,43.666668,28.41508,77.04353,Nischal
2018-09-24 13:00:00,39.0,41.333332,28.41508,77.04353,Nischal
2018-09-24 13:15:00,35.333332,37.666668,28.41508,77.04353,Nischal
2018-09-24 13:30:00,42.333332,45.333332,28.41508,77.04353,Nischal
2018-09-24 13:45:00,43.0,47.0,28.41508,77.04353,Nischal
2018-09-24 14:00:00,32.666668,34.666668,28.41508,77.04353,Nischal
2018-09-24 14:15:00,32.666668,34.666668,28.41508,77.04353,Nischal
2018-09-24 14:30:00,36.333332,39.666668,28.41508,77.04353,Nischal
2018-09-24 14:45:00,29.0,32.0,28.41508,77.04353,Nischal
2018-09-24 15:00:00,22.666666,25.666666,28.41508,77.04353,Nischal
2018-09-24 15:15:00,18.0,18.666666,28.41508,77.04353,Nischal
2018-09-24 15:30:00,19.333334,23.0,28.41508,77.04353,Nischal
2018-09-24 15:45:00,20.666666,23.333334,28.41508,77.04353,Nischal
2018-09-24 16:00:00,16.333334,18.333334,28.41508,77.04353,Nischal
2018-09-24 16:15:00,16.0,17.0,28.41508,77.04353,Nischal
2018-09-24 16:30:00,16.666666,18.0,28.41508,77.04353,Nischal
2018-09-24 16:45:00,18.333334,19.333334,28.41508,77.04353,Nischal
2018-09-24 17:00:00,19.0,21.666666,28.41508,77.04353,Nischal
2018-09-24 17:15:00,23.5,25.0,28.41508,77.04353,Nischal
2018-09-24 17:30:00,19.0,21.0,28.41508,77.04353,Nischal
2018-09-24 17:45:00,160.5,193.5,28.41508,77.04353,Nischal
2018-09-24 18:00:00,244.66667,293.66666000000004,28.41508,77.04353,Nischal
2018-09-24 18:15:00,65.666664,75.333336,28.41508,77.04353,Nischal
2018-09-24 18:30:00,30.0,33.666668,28.41508,77.04353,Nischal
2018-09-24 18:45:00,25.333334,29.333334000000004,28.41508,77.04353,Nischal
2018-09-24 19:00:00,30.0,33.5,28.41508,77.04353,Nischal
2018-09-24 19:15:00,30.333334000000004,32.666668,28.41508,77.04353,Nischal
2018-09-24 19:30:00,23.666666,25.666666,28.41508,77.04353,Nischal
2018-09-24 19:45:00,26.333334000000004,31.333334000000004,28.41508,77.04353,Nischal
2018-09-24 20:00:00,27.0,29.0,28.41508,77.04353,Nischal
2018-09-24 20:15:00,32.0,36.0,28.41508,77.04353,Nischal
2018-09-24 20:30:00,32.333332,35.666668,28.41508,77.04353,Nischal
2018-09-24 20:45:00,28.333334000000004,30.666665999999996,28.41508,77.04353,Nischal
2018-09-24 21:00:00,26.0,28.0,28.41508,77.04353,Nischal
2018-09-24 21:15:00,24.0,26.0,28.41508,77.04353,Nischal
2018-09-24 21:30:00,20.666666,21.666666,28.41508,77.04353,Nischal
2018-09-24 21:45:00,21.666666,23.333334,28.41508,77.04353,Nischal
2018-09-24 22:00:00,18.666666,22.0,28.41508,77.04353,Nischal
2018-09-24 22:15:00,18.0,19.333334,28.41508,77.04353,Nischal
2018-09-24 22:30:00,24.0,25.333334,28.41508,77.04353,Nischal
2018-09-24 22:45:00,24.666666,29.0,28.41508,77.04353,Nischal
2018-09-24 23:00:00,26.0,30.0,28.41508,77.04353,Nischal
2018-09-24 23:15:00,28.0,29.0,28.41508,77.04353,Nischal
2018-09-24 23:30:00,26.666665999999996,28.666665999999996,28.41508,77.04353,Nischal
2018-09-24 23:45:00,29.0,33.333332,28.41508,77.04353,Nischal
2018-09-25 00:00:00,33.333332,37.333332,28.41508,77.04353,Nischal
2018-09-25 00:15:00,44.0,50.0,28.41508,77.04353,Nischal
2018-09-25 00:30:00,58.33333199999999,66.333336,28.41508,77.04353,Nischal
2018-09-25 00:45:00,47.333332,51.666668,28.41508,77.04353,Nischal
2018-09-25 01:00:00,41.0,46.0,28.41508,77.04353,Nischal
2018-09-25 01:15:00,37.666668,41.333332,28.41508,77.04353,Nischal
2018-09-25 01:30:00,40.666668,45.333332,28.41508,77.04353,Nischal
2018-09-25 01:45:00,42.333332,46.333332,28.41508,77.04353,Nischal
2018-09-25 02:00:00,43.333332,50.666668,28.41508,77.04353,Nischal
2018-09-25 02:15:00,42.666668,46.333332,28.41508,77.04353,Nischal
2018-09-25 02:30:00,41.666668,46.0,28.41508,77.04353,Nischal
2018-09-25 02:45:00,38.333332,42.0,28.41508,77.04353,Nischal
2018-09-25 03:00:00,38.666668,43.666668,28.41508,77.04353,Nischal
2018-09-25 03:15:00,47.333332,52.333332,28.41508,77.04353,Nischal
2018-09-25 03:30:00,41.333332,46.0,28.41508,77.04353,Nischal
2018-09-25 03:45:00,46.0,51.0,28.41508,77.04353,Nischal
2018-09-25 04:00:00,42.666668,45.666668,28.41508,77.04353,Nischal
2018-09-25 04:15:00,36.666668,41.333332,28.41508,77.04353,Nischal
2018-09-25 04:30:00,34.333332,39.0,28.41508,77.04353,Nischal
2018-09-25 04:45:00,34.666668,37.666668,28.41508,77.04353,Nischal
2018-09-25 05:00:00,40.0,45.0,28.41508,77.04353,Nischal
2018-09-25 05:15:00,35.666668,42.0,28.41508,77.04353,Nischal
2018-09-25 05:30:00,32.333332,35.666668,28.41508,77.04353,Nischal
2018-09-25 05:45:00,284.33333999999996,342.33333999999996,28.41508,77.04353,Nischal
2018-09-25 06:00:00,161.0,192.33333000000002,28.41508,77.04353,Nischal
2018-09-25 06:15:00,37.666668,43.333332,28.41508,77.04353,Nischal
2018-09-25 06:30:00,22.0,25.666666,28.41508,77.04353,Nischal
2018-09-25 06:45:00,38.666668,45.0,28.41508,77.04353,Nischal
2018-09-25 07:00:00,26.666665999999996,30.0,28.41508,77.04353,Nischal
2018-09-25 07:15:00,25.333334,28.666665999999996,28.41508,77.04353,Nischal
2018-09-25 07:30:00,24.0,27.666665999999996,28.41508,77.04353,Nischal
2018-09-25 07:45:00,19.333334,20.666666,28.41508,77.04353,Nischal
2018-09-25 08:00:00,17.0,18.666666,28.41508,77.04353,Nischal
2018-09-25 08:15:00,19.0,22.333334,28.41508,77.04353,Nischal
2018-09-25 08:30:00,37.666668,41.333332,28.41508,77.04353,Nischal
2018-09-25 08:45:00,34.666668,38.333332,28.41508,77.04353,Nischal
2018-09-25 09:00:00,96.666664,109.0,28.41508,77.04353,Nischal
2018-09-25 09:15:00,57.66666800000001,66.0,28.41508,77.04353,Nischal
2018-09-25 09:30:00,27.333334000000004,30.0,28.41508,77.04353,Nischal
2018-09-25 09:45:00,36.0,41.666668,28.41508,77.04353,Nischal
2018-09-25 10:00:00,33.666668,38.333332,28.41508,77.04353,Nischal
2018-09-25 10:15:00,22.0,24.333334,28.41508,77.04353,Nischal
2018-09-25 10:30:00,20.333334,22.333334,28.41508,77.04353,Nischal
2018-09-25 10:45:00,22.0,24.0,28.41508,77.04353,Nischal
2018-09-25 11:00:00,21.0,23.666666,28.41508,77.04353,Nischal
2018-09-25 11:15:00,24.0,27.333334000000004,28.41508,77.04353,Nischal
2018-09-25 11:30:00,25.666666,27.666665999999996,28.41508,77.04353,Nischal
2018-09-25 11:45:00,30.0,34.0,28.41508,77.04353,Nischal
2018-09-25 12:00:00,35.0,39.5,28.41508,77.04353,Nischal
2018-09-25 12:15:00,39.0,41.5,28.41508,77.04353,Nischal
2018-09-25 12:30:00,40.666668,45.0,28.41508,77.04353,Nischal
2018-09-25 12:45:00,45.333332,50.0,28.41508,77.04353,Nischal
2018-09-25 13:00:00,53.0,57.66666800000001,28.41508,77.04353,Nischal
2018-09-25 13:15:00,52.66666800000001,58.33333199999999,28.41508,77.04353,Nischal
2018-09-25 13:30:00,57.33333199999999,63.66666800000001,28.41508,77.04353,Nischal
2018-09-25 13:45:00,64.666664,73.333336,28.41508,77.04353,Nischal
2018-09-25 14:00:00,68.333336,77.0,28.41508,77.04353,Nischal
2018-09-25 14:15:00,65.0,73.0,28.41508,77.04353,Nischal
